# Title: Dye Laser Frequency Scan, Depressed Limit
# Note:	Dye laser frequency scan to find the depressed ionization limit. HP 214B. Short (250 ns) integration gate.
# Type:	Frequency
# Hittite Freq:	18513.1 MHz
# Hittite: Power	14 dBm
# Laser Freq:	NaN
# Laser Mod:	NaN
# Laser Mod Attn:	NaN
# MW Attn:	MAX
# Delay:	1000 ns
# MW Off:	20 ns
# Top w/o Static:	NaN
# Static:	NaN
# Static Off:	NaN
i	f	n	nb	s	sb
0	77.58	0.07617	0.0258543	-0.0164014	-0.0227168	
1	77.28	0.07617	0.0258543	-0.0168618	-0.0227168	
2	77.28	0.07617	0.0258543	-0.0145271	-0.0227168	
3	76.98	0.07617	0.0258543	-0.0132117	-0.0227168	
4	76.68	0.07617	0.0258543	-0.0169933	-0.0227168	
5	76.58	0.07617	0.0258543	-0.017651	-0.0227168	
6	76.58	0.07617	0.0258543	-0.0195254	-0.0227168	
7	76.28	0.07617	0.0258543	-0.0155136	-0.0227168	
8	75.98	0.07617	0.0258543	-0.0158095	-0.0227168	
9	75.98	0.07617	0.0258543	-0.013968	-0.0227168	
10	75.68	0.07617	0.0258543	-0.0138365	-0.0227168	
11	75.18	0.07617	0.0258543	-0.0130802	-0.0227168	
12	74.98	0.07617	0.0258543	-0.017651	-0.0227168	
13	74.58	0.07617	0.0258543	-0.0158753	-0.0227168	
14	74.38	0.07617	0.0258543	-0.0151518	-0.0227168	
15	73.88	0.07617	0.0258543	-0.0128171	-0.0227168	
16	73.78	0.07617	0.0258543	-0.0134419	-0.0227168	
17	73.28	0.07617	0.0258543	-0.0152176	-0.0227168	
18	73.08	0.07617	0.0258543	-0.0154149	-0.0227168	
19	72.58	0.07617	0.0258543	-0.0139023	-0.0227168	
20	71.88	0.07617	0.0258543	-0.0159739	-0.0227168	
21	71.68	0.07617	0.0258543	-0.0146915	-0.0227168	
22	71.38	0.07617	0.0258543	-0.0171578	-0.0227168	
23	70.78	0.07617	0.0258543	-0.0179799	-0.0227168	
24	70.18	0.07617	0.0258543	-0.0125869	-0.0227168	
25	69.78	0.07617	0.0258543	-0.0157438	-0.0227168	
26	69.18	0.07617	0.0258543	-0.0180785	-0.0227168	
27	68.28	0.07617	0.0258543	-0.0116333	-0.0227168	
28	67.78	0.07617	0.0258543	-0.0181772	-0.0227168	
29	67.48	0.07617	0.0258543	-0.0129486	-0.0227168	
30	66.58	0.07617	0.0258543	-0.0147901	-0.0227168	
31	66.08	0.07617	0.0258543	-0.0126198	-0.0227168	
32	64.98	0.07617	0.0258543	-0.0153492	-0.0227168	
33	64.38	0.07617	0.0258543	-0.0118635	-0.0227168	
34	63.88	0.07617	0.0258543	-0.015119	-0.0227168	
35	62.98	0.07617	0.0258543	-0.0127842	-0.0227168	
36	62.08	0.07617	0.0258543	-0.0147572	-0.0227168	
37	61.68	0.07617	0.0258543	-0.0114031	-0.0227168	
38	60.98	0.07617	0.0258543	-0.0137378	-0.0227168	
39	60.28	0.07617	0.0258543	-0.00946294	-0.0227168	
40	59.68	0.07617	0.0258543	-0.0114031	-0.0227168	
41	58.68	0.07617	0.0258543	-0.0107125	-0.0227168	
42	58.08	0.07617	0.0258543	-0.0147572	-0.0227168	
43	57.28	0.07617	0.0258543	-0.0101206	-0.0227168	
44	56.38	0.07617	0.0258543	-0.0120608	-0.0227168	
45	55.98	0.07617	0.0258543	-0.0101206	-0.0227168	
46	54.88	0.07617	0.0258543	-0.00564841	-0.0227168	
47	54.18	0.07617	0.0258543	-0.00591148	-0.0227168	
48	53.48	0.07617	0.0258543	-0.00896968	-0.0227168	
49	52.78	0.07617	0.0258543	-0.0105152	-0.0227168	
50	51.68	0.07617	0.0258543	-0.00663492	-0.0227168	
51	50.88	0.07617	0.0258543	-0.0107783	-0.0227168	
52	50.28	0.07617	0.0258543	-0.00768721	-0.0227168	
53	49.68	0.07617	0.0258543	-0.00762144	-0.0227168	
54	49.08	0.07617	0.0258543	-0.00979178	-0.0227168	
55	47.48	0.07617	0.0258543	-0.0074899	-0.0227168	
56	47.18	0.07617	0.0258543	-0.008312	-0.0227168	
57	46.28	0.07617	0.0258543	-0.0118963	-0.0227168	
58	45.68	0.07617	0.0258543	-0.00860796	-0.0227168	
59	44.38	0.07617	0.0258543	-0.0125869	-0.0227168	
60	43.78	0.07617	0.0258543	-0.00919987	-0.0227168	
61	43.18	0.07617	0.0258543	-0.00732548	-0.0227168	
62	42.58	0.07617	0.0258543	-0.010285	-0.0227168	
63	41.88	0.07617	0.0258543	-0.00791739	-0.0227168	
64	40.88	0.07617	0.0258543	-0.00818047	-0.0227168	
65	40.38	0.07617	0.0258543	-0.0106796	-0.0227168	
66	39.68	0.07617	0.0258543	-0.00739125	-0.0227168	
67	38.28	0.07617	0.0258543	-0.008312	-0.0227168	
68	37.58	0.07617	0.0258543	-0.0093314	-0.0227168	
69	36.98	0.07617	0.0258543	-0.00788451	-0.0227168	
70	35.98	0.07617	0.0258543	-0.0070953	-0.0227168	
71	34.98	0.07617	0.0258543	-0.00472766	-0.0227168	
72	34.18	0.07617	0.0258543	-0.00268886	-0.0227168	
73	33.68	0.07617	0.0258543	-0.00564841	-0.0227168	
74	32.48	0.07617	0.0258543	-0.00610878	-0.0227168	
75	31.68	0.07617	0.0258543	-0.00676646	-0.0227168	
76	30.98	0.07617	0.0258543	-0.0034123	-0.0227168	
77	30.68	0.07617	0.0258543	-0.00676646	-0.0227168	
78	29.28	0.07617	0.0258543	-0.00801605	-0.0227168	
79	28.28	0.07617	0.0258543	-0.00518803	-0.0227168	
80	27.38	0.07617	0.0258543	-0.00660204	-0.0227168	
81	26.48	0.07617	0.0258543	-0.00143927	-0.0227168	
82	25.58	0.07617	0.0258543	-0.00554975	-0.0227168	
83	24.88	0.07617	0.0258543	-0.00577994	-0.0227168	
84	24.08	0.07617	0.0258543	-0.00472766	-0.0227168	
85	23.18	0.07617	0.0258543	-0.00420152	-0.0227168	
86	22.18	0.07617	0.0258543	-0.0113373	-0.0227168	
87	21.28	0.07617	0.0258543	-0.00834488	-0.0227168	
88	20.28	0.07617	0.0258543	-0.00242579	-0.0227168	
89	19.38	0.07617	0.0258543	-0.00357672	-0.0227168	
90	18.78	0.07617	0.0258543	-0.00508938	-0.0227168	
91	17.88	0.07617	0.0258543	-0.00466189	-0.0227168	
92	16.98	0.07617	0.0258543	-0.00354384	-0.0227168	
93	15.88	0.07617	0.0258543	-0.00614166	-0.0227168	
94	15.18	0.07617	0.0258543	-0.00502361	-0.0227168	
95	14.28	0.07617	0.0258543	-0.00462901	-0.0227168	
96	13.78	0.07617	0.0258543	-0.00337942	-0.0227168	
97	12.68	0.07617	0.0258543	-0.00449747	-0.0227168	
98	12.08	0.07617	0.0258543	0.0020793	-0.0227168	
99	11.28	0.07617	0.0258543	-0.00666781	-0.0227168	
100	10.48	0.07617	0.0258543	-0.00331365	-0.0227168	
101	9.88	0.07617	0.0258543	-0.000551405	-0.0227168	
102	9.08	0.07617	0.0258543	-0.00587859	-0.0227168	
103	8.08	0.07617	0.0258543	-0.00479343	-0.0227168	
104	7.48	0.07617	0.0258543	-0.00515515	-0.0227168	
105	6.58	0.07617	0.0258543	-0.00752279	-0.0227168	
106	5.88	0.07617	0.0258543	-0.0102521	-0.0227168	
107	5.18	0.07617	0.0258543	-0.00489208	-0.0227168	
108	4.48	0.07617	0.0258543	-0.00581283	-0.0227168	
109	3.98	0.07617	0.0258543	-0.0106796	-0.0227168	
110	2.48	0.07617	0.0258543	-0.00854219	-0.0227168	
111	1.48	0.07617	0.0258543	-0.00762144	-0.0227168	
112	0.98	0.07617	0.0258543	-0.00515515	-0.0227168	
113	0.18	0.07617	0.0258543	-0.00249155	-0.0227168	
114	-0.62	0.07617	0.0258543	0.00286852	-0.0227168	
115	-1.82	0.07617	0.0258543	0.0030987	-0.0227168	
116	-2.42	0.07617	0.0258543	0.00152028	-0.0227168	
117	-3.02	0.07617	0.0258543	0.0027041	-0.0227168	
118	-3.72	0.07617	0.0258543	0.0125364	-0.0227168	
119	-4.72	0.07617	0.0258543	0.014049	-0.0227168	
120	-5.22	0.07617	0.0258543	0.0161865	-0.0227168	
121	-5.82	0.07617	0.0258543	0.014049	-0.0227168	
122	-6.62	0.07617	0.0258543	0.02398	-0.0227168	
123	-7.52	0.07617	0.0258543	0.0273999	-0.0227168	
124	-8.42	0.07617	0.0258543	0.0300635	-0.0227168	
125	-9.12	0.07617	0.0258543	0.035588	-0.0227168	
126	-10.12	0.07617	0.0258543	0.0381858	-0.0227168	
127	-11.12	0.07617	0.0258543	0.0426251	-0.0227168	
128	-11.82	0.07617	0.0258543	0.0493663	-0.0227168	
129	-12.42	0.07617	0.0258543	0.0436445	-0.0227168	
130	-13.62	0.07617	0.0258543	0.0431513	-0.0227168	
131	-14.22	0.07617	0.0258543	0.0445653	-0.0227168	
132	-14.92	0.07617	0.0258543	0.0470973	-0.0227168	
133	-15.62	0.07617	0.0258543	0.0587053	-0.0227168	
134	-16.82	0.07617	0.0258543	0.0558116	-0.0227168	
135	-17.22	0.07617	0.0258543	0.0520957	-0.0227168	
136	-18.12	0.07617	0.0258543	0.0507146	-0.0227168	
137	-18.92	0.07617	0.0258543	0.0619609	-0.0227168	
138	-19.72	0.07617	0.0258543	0.0590342	-0.0227168	
139	-20.82	0.07617	0.0258543	0.0573571	-0.0227168	
140	-26.92	0.07617	0.0258543	0.0560089	-0.0227168	
141	-27.02	0.07617	0.0258543	0.0790934	-0.0227168	
142	-27.72	0.07617	0.0258543	0.0687349	-0.0227168	
143	-27.92	0.07617	0.0258543	0.0650191	-0.0227168	
144	-28.52	0.07617	0.0258543	0.0690309	-0.0227168	
145	-29.02	0.07617	0.0258543	0.0714643	-0.0227168	
146	-29.42	0.07617	0.0258543	0.0699516	-0.0227168	
147	-29.82	0.07617	0.0258543	0.0711026	-0.0227168	
148	-30.32	0.07617	0.0258543	0.0923127	-0.0227168	
149	-31.02	0.07617	0.0258543	0.0778109	-0.0227168	
150	-31.92	0.07617	0.0258543	0.0728454	-0.0227168	
151	-32.42	0.07617	0.0258543	0.0709053	-0.0227168	
152	-33.82	0.07617	0.0258543	0.0917208	-0.0227168	
153	-34.22	0.07617	0.0258543	0.0805402	-0.0227168	
154	-35.02	0.07617	0.0258543	0.0765284	-0.0227168	
155	-35.62	0.07617	0.0258543	0.0858017	-0.0227168	
156	-36.32	0.07617	0.0258543	0.0765613	-0.0227168	
157	-37.12	0.07617	0.0258543	0.0754104	-0.0227168	
158	-37.62	0.07617	0.0258543	0.074654	-0.0227168	
159	-38.62	0.07617	0.0258543	0.0866895	-0.0227168	
160	-38.82	0.07617	0.0258543	0.0774163	-0.0227168	
161	-40.02	0.07617	0.0258543	0.0779424	-0.0227168	
162	-40.92	0.07617	0.0258543	0.0883666	-0.0227168	
163	-42.02	0.07617	0.0258543	0.0778438	-0.0227168	
164	-42.72	0.07617	0.0258543	0.079488	-0.0227168	
165	-43.42	0.07617	0.0258543	0.0935952	-0.0227168	
166	-44.32	0.07617	0.0258543	0.0754104	-0.0227168	
167	-44.92	0.07617	0.0258543	0.103822	-0.0227168	
168	-45.72	0.07617	0.0258543	0.0894189	-0.0227168	
169	-46.42	0.07617	0.0258543	0.0909644	-0.0227168	
170	-47.62	0.07617	0.0258543	0.0940226	-0.0227168	
171	-48.02	0.07617	0.0258543	0.0818885	-0.0227168	
172	-49.22	0.07617	0.0258543	0.0809349	-0.0227168	
173	-49.72	0.07617	0.0258543	0.0861305	-0.0227168	
174	-50.72	0.07617	0.0258543	0.0880707	-0.0227168	
175	-51.22	0.07617	0.0258543	0.0861634	-0.0227168	
176	-51.72	0.07617	0.0258543	0.0838944	-0.0227168	
177	-52.52	0.07617	0.0258543	0.0991525	-0.0227168	
178	-53.42	0.07617	0.0258543	0.0909973	-0.0227168	
179	-54.12	0.07617	0.0258543	0.0945159	-0.0227168	
180	-54.72	0.07617	0.0258543	0.0769559	-0.0227168	
181	-55.22	0.07617	0.0258543	0.0825791	-0.0227168	
182	-56.52	0.07617	0.0258543	0.0813623	-0.0227168	
183	-57.02	0.07617	0.0258543	0.0830065	-0.0227168	
184	-57.82	0.07617	0.0258543	0.0851769	-0.0227168	
185	-58.62	0.07617	0.0258543	0.0823489	-0.0227168	
186	-59.42	0.07617	0.0258543	0.0903396	-0.0227168	
187	-60.22	0.07617	0.0258543	0.0909316	-0.0227168	
188	-60.92	0.07617	0.0258543	0.0890901	-0.0227168	
189	-61.82	0.07617	0.0258543	0.0883666	-0.0227168	
190	-62.62	0.07617	0.0258543	0.0913919	-0.0227168	
191	-63.22	0.07617	0.0258543	0.0814281	-0.0227168	
192	-64.42	0.07617	0.0258543	0.0908987	-0.0227168	
193	-65.42	0.07617	0.0258543	0.0900766	-0.0227168	
194	-65.82	0.07617	0.0258543	0.0936938	-0.0227168	
195	-66.52	0.07617	0.0258543	0.0804745	-0.0227168	
196	-67.62	0.07617	0.0258543	0.0776465	-0.0227168	
197	-68.32	0.07617	0.0258543	0.0945817	-0.0227168	
198	-69.12	0.07617	0.0258543	0.0932005	-0.0227168	
199	-70.52	0.07617	0.0258543	0.0923127	-0.0227168	
200	-71.22	0.07617	0.0258543	0.102901	-0.0227168	
201	-71.72	0.07617	0.0258543	0.102013	-0.0227168	
202	-72.52	0.07617	0.0258543	0.0847494	-0.0227168	
203	-73.42	0.07617	0.0258543	0.0838286	-0.0227168	
204	-74.12	0.07617	0.0258543	0.0909644	-0.0227168	
205	-74.92	0.07617	0.0258543	0.0977385	-0.0227168	
206	-75.72	0.07617	0.0258543	0.102408	-0.0227168	
207	-76.42	0.07617	0.0258543	0.0903396	-0.0227168	
208	-77.52	0.07617	0.0258543	0.0917208	-0.0227168	
209	-78.22	0.07617	0.0258543	0.0943515	-0.0227168	
210	-78.92	0.07617	0.0258543	0.0967849	-0.0227168	
211	-79.82	0.07617	0.0258543	0.0880049	-0.0227168	
212	-80.72	0.07617	0.0258543	0.0949434	-0.0227168	
213	-81.62	0.07617	0.0258543	0.0935623	-0.0227168	
214	-82.22	0.07617	0.0258543	0.0862949	-0.0227168	
215	-83.32	0.07617	0.0258543	0.0921811	-0.0227168	
216	-84.22	0.07617	0.0258543	0.0927073	-0.0227168	
217	-84.92	0.07617	0.0258543	0.0894518	-0.0227168	
218	-85.72	0.07617	0.0258543	0.0782713	-0.0227168	
219	-86.32	0.07617	0.0258543	0.0894189	-0.0227168	
220	-86.52	0.07617	0.0258543	0.0847494	-0.0227168	
221	-87.62	0.07617	0.0258543	0.0886626	-0.0227168	
222	-88.12	0.07617	0.0258543	0.0945488	-0.0227168	
223	-89.32	0.07617	0.0258543	0.0869855	-0.0227168	
224	-89.82	0.07617	0.0258543	0.0957655	-0.0227168	
225	-90.52	0.07617	0.0258543	0.102112	-0.0227168	
226	-91.02	0.07617	0.0258543	0.104578	-0.0227168	
227	-91.82	0.07617	0.0258543	0.0973768	-0.0227168	
228	-92.62	0.07617	0.0258543	0.0909644	-0.0227168	
229	-93.32	0.07617	0.0258543	0.0830065	-0.0227168	
230	-93.92	0.07617	0.0258543	0.0905698	-0.0227168	
231	-94.72	0.07617	0.0258543	0.0861305	-0.0227168	
232	-95.02	0.07617	0.0258543	0.0825462	-0.0227168	
233	-96.12	0.07617	0.0258543	0.085703	-0.0227168	
234	-97.02	0.07617	0.0258543	0.0900108	-0.0227168	
235	-97.72	0.07617	0.0258543	0.0854071	-0.0227168	
236	-98.52	0.07617	0.0258543	0.0789289	-0.0227168	
237	-99.42	0.07617	0.0258543	0.0805074	-0.0227168	
238	-100.32	0.07617	0.0258543	0.087117	-0.0227168	
239	-101.62	0.07617	0.0258543	0.0798497	-0.0227168	
240	-102.32	0.07617	0.0258543	0.0867224	-0.0227168	
241	-103.52	0.07617	0.0258543	0.0904383	-0.0227168	
242	-104.42	0.07617	0.0258543	0.07324	-0.0227168	
243	-105.72	0.07617	0.0258543	0.0894847	-0.0227168	
244	-106.82	0.07617	0.0258543	0.0802443	-0.0227168	
245	-108.22	0.07617	0.0258543	0.0817898	-0.0227168	
246	-109.02	0.07617	0.0258543	0.0786659	-0.0227168	
247	-110.22	0.07617	0.0258543	0.0768901	-0.0227168	
248	-110.92	0.07617	0.0258543	0.0878734	-0.0227168	
249	-111.82	0.07617	0.0258543	0.0806389	-0.0227168	
250	-112.92	0.07617	0.0258543	0.0716945	-0.0227168	
251	-114.12	0.07617	0.0258543	0.0838286	-0.0227168	
252	-115.02	0.07617	0.0258543	0.0760023	-0.0227168	
253	-115.42	0.07617	0.0258543	0.0755748	-0.0227168	
254	-117.42	0.07617	0.0258543	0.0748185	-0.0227168	
255	-118.02	0.07617	0.0258543	0.0733387	-0.0227168	
256	-118.52	0.07617	0.0258543	0.0830394	-0.0227168	
257	-119.32	0.07617	0.0258543	0.0754761	-0.0227168	
258	-120.12	0.07617	0.0258543	0.0803758	-0.0227168	
259	-120.72	0.07617	0.0258543	0.0854728	-0.0227168	
260	-121.52	0.07617	0.0258543	0.0699188	-0.0227168	
261	-122.12	0.07617	0.0258543	0.0856701	-0.0227168	
262	-122.92	0.07617	0.0258543	0.0857359	-0.0227168	
263	-123.72	0.07617	0.0258543	0.0808033	-0.0227168	
264	-124.62	0.07617	0.0258543	0.0887941	-0.0227168	
265	-125.52	0.07617	0.0258543	0.0803758	-0.0227168	
266	-126.22	0.07617	0.0258543	0.079488	-0.0227168	
267	-126.92	0.07617	0.0258543	0.0687349	-0.0227168	
268	-128.12	0.07617	0.0258543	0.0854728	-0.0227168	
269	-128.92	0.07617	0.0258543	0.0825133	-0.0227168	
270	-129.62	0.07617	0.0258543	0.0783699	-0.0227168	
271	-130.22	0.07617	0.0258543	0.0727139	-0.0227168	
272	-131.02	0.07617	0.0258543	0.0773834	-0.0227168	
273	-132.12	0.07617	0.0258543	0.0761996	-0.0227168	
274	-133.02	0.07617	0.0258543	0.0640325	-0.0227168	
275	-133.52	0.07617	0.0258543	0.0738648	-0.0227168	
276	-134.22	0.07617	0.0258543	0.0797839	-0.0227168	
277	-135.32	0.07617	0.0258543	0.0757721	-0.0227168	
278	-136.12	0.07617	0.0258543	0.0686363	-0.0227168	
279	-136.72	0.07617	0.0258543	0.0697872	-0.0227168	
280	-137.72	0.07617	0.0258543	0.0747856	-0.0227168	
281	-138.52	0.07617	0.0258543	0.0663673	-0.0227168	
282	-139.42	0.07617	0.0258543	0.0630789	-0.0227168	
283	-140.02	0.07617	0.0258543	0.0655452	-0.0227168	
284	-141.52	0.07617	0.0258543	0.0584423	-0.0227168	
285	-142.22	0.07617	0.0258543	0.063046	-0.0227168	
286	-143.02	0.07617	0.0258543	0.0772847	-0.0227168	
287	-144.02	0.07617	0.0258543	0.0591328	-0.0227168	
288	-144.62	0.07617	0.0258543	0.0629145	-0.0227168	
289	-145.52	0.07617	0.0258543	0.0555814	-0.0227168	
290	-146.12	0.07617	0.0258543	0.0662358	-0.0227168	
291	-147.22	0.07617	0.0258543	0.0627829	-0.0227168	
292	-147.72	0.07617	0.0258543	0.0662029	-0.0227168	
293	-148.52	0.07617	0.0258543	0.0567652	-0.0227168	
294	-149.22	0.07617	0.0258543	0.0712341	-0.0227168	
295	-150.22	0.07617	0.0258543	0.078074	-0.0227168	
296	-150.72	0.07617	0.0258543	0.0652492	-0.0227168	
297	-151.52	0.07617	0.0258543	0.0738648	-0.0227168	
298	-152.12	0.07617	0.0258543	0.061632	-0.0227168	
299	-153.12	0.07617	0.0258543	0.0722535	-0.0227168	
300	-153.62	0.07617	0.0258543	0.0745554	-0.0227168	
301	-154.42	0.07617	0.0258543	0.0744896	-0.0227168	
302	-155.42	0.07617	0.0258543	0.0699845	-0.0227168	
303	-156.42	0.07617	0.0258543	0.0715301	-0.0227168	
304	-156.92	0.07617	0.0258543	0.082875	-0.0227168	
305	-157.62	0.07617	0.0258543	0.0727797	-0.0227168	
306	-158.12	0.07617	0.0258543	0.0790605	-0.0227168	
307	-159.22	0.07617	0.0258543	0.0837958	-0.0227168	
308	-159.62	0.07617	0.0258543	0.0765942	-0.0227168	
309	-160.22	0.07617	0.0258543	0.0683732	-0.0227168	
310	-161.02	0.07617	0.0258543	0.0683403	-0.0227168	
311	-162.02	0.07617	0.0258543	0.0807376	-0.0227168	
312	-162.62	0.07617	0.0258543	0.0819543	-0.0227168	
313	-163.22	0.07617	0.0258543	0.0736017	-0.0227168	
314	-164.12	0.07617	0.0258543	0.0899779	-0.0227168	
315	-165.02	0.07617	0.0258543	0.0751473	-0.0227168	
316	-165.92	0.07617	0.0258543	0.0774492	-0.0227168	
317	-166.42	0.07617	0.0258543	0.0786988	-0.0227168	
318	-167.62	0.07617	0.0258543	0.0780082	-0.0227168	
319	-167.62	0.07617	0.0258543	0.0691624	-0.0227168	
320	-169.12	0.07617	0.0258543	0.0690309	-0.0227168	
321	-169.72	0.07617	0.0258543	0.0675511	-0.0227168	
322	-170.72	0.07617	0.0258543	0.0708395	-0.0227168	
323	-171.52	0.07617	0.0258543	0.0779753	-0.0227168	
324	-172.52	0.07617	0.0258543	0.0668277	-0.0227168	
325	-173.32	0.07617	0.0258543	0.0681759	-0.0227168	
326	-174.42	0.07617	0.0258543	0.0776794	-0.0227168	
327	-175.52	0.07617	0.0258543	0.0730427	-0.0227168	
328	-176.02	0.07617	0.0258543	0.086558	-0.0227168	
329	-176.92	0.07617	0.0258543	0.0776465	-0.0227168	
330	-178.42	0.07617	0.0258543	0.0729112	-0.0227168	
331	-179.42	0.07617	0.0258543	0.0721877	-0.0227168	
332	-180.62	0.07617	0.0258543	0.0746869	-0.0227168	
333	-181.72	0.07617	0.0258543	0.0749171	-0.0227168	
334	-182.82	0.07617	0.0258543	0.0750815	-0.0227168	
335	-184.12	0.07617	0.0258543	0.0739964	-0.0227168	
336	-184.92	0.07617	0.0258543	0.0669263	-0.0227168	
337	-185.92	0.07617	0.0258543	0.0598234	-0.0227168	
338	-187.22	0.07617	0.0258543	0.0643614	-0.0227168	
339	-188.02	0.07617	0.0258543	0.083434	-0.0227168	
340	-189.12	0.07617	0.0258543	0.0683403	-0.0227168	
341	-190.02	0.07617	0.0258543	0.0619609	-0.0227168	
342	-190.92	0.07617	0.0258543	0.0587053	-0.0227168	
343	-191.72	0.07617	0.0258543	0.0691624	-0.0227168	
344	-192.92	0.07617	0.0258543	0.0680444	-0.0227168	
345	-193.42	0.07617	0.0258543	0.0726481	-0.0227168	
346	-194.62	0.07617	0.0258543	0.0736675	-0.0227168	
347	-195.42	0.07617	0.0258543	0.0648546	-0.0227168	
348	-196.22	0.07617	0.0258543	0.0579161	-0.0227168	
349	-197.02	0.07617	0.0258543	0.0608099	-0.0227168	
350	-197.92	0.07617	0.0258543	0.0650848	-0.0227168	
351	-199.02	0.07617	0.0258543	0.0666961	-0.0227168	
352	-199.72	0.07617	0.0258543	0.0598892	-0.0227168	
353	-200.72	0.07617	0.0258543	0.069294	-0.0227168	
354	-201.82	0.07617	0.0258543	0.0697872	-0.0227168	
355	-202.52	0.07617	0.0258543	0.0757721	-0.0227168	
356	-203.22	0.07617	0.0258543	0.066729	-0.0227168	
357	-203.52	0.07617	0.0258543	0.068998	-0.0227168	
358	-205.12	0.07617	0.0258543	0.076923	-0.0227168	
359	-206.02	0.07617	0.0258543	0.0602509	-0.0227168	
360	-206.82	0.07617	0.0258543	0.0701818	-0.0227168	
361	-207.62	0.07617	0.0258543	0.072122	-0.0227168	
362	-208.42	0.07617	0.0258543	0.0684719	-0.0227168	
363	-209.52	0.07617	0.0258543	0.0645916	-0.0227168	
364	-210.42	0.07617	0.0258543	0.0615991	-0.0227168	
365	-211.42	0.07617	0.0258543	0.0732071	-0.0227168	
366	-212.42	0.07617	0.0258543	0.0669592	-0.0227168	
367	-213.62	0.07617	0.0258543	0.0662029	-0.0227168	
368	-214.32	0.07617	0.0258543	0.0776465	-0.0227168	
369	-215.02	0.07617	0.0258543	0.0873472	-0.0227168	
370	-215.82	0.07617	0.0258543	0.0716616	-0.0227168	
371	-216.82	0.07617	0.0258543	0.0755748	-0.0227168	
372	-217.52	0.07617	0.0258543	0.0738977	-0.0227168	
373	-218.42	0.07617	0.0258543	0.0757721	-0.0227168	
374	-219.12	0.07617	0.0258543	0.068439	-0.0227168	
375	-220.02	0.07617	0.0258543	0.0784686	-0.0227168	
376	-220.82	0.07617	0.0258543	0.068998	-0.0227168	
377	-221.52	0.07617	0.0258543	0.0635722	-0.0227168	
378	-222.32	0.07617	0.0258543	0.0712999	-0.0227168	
379	-223.12	0.07617	0.0258543	0.0783699	-0.0227168	
380	-223.72	0.07617	0.0258543	0.0786659	-0.0227168	
381	-224.42	0.07617	0.0258543	0.0713985	-0.0227168	
382	-225.32	0.07617	0.0258543	0.0686034	-0.0227168	
383	-226.32	0.07617	0.0258543	0.0722206	-0.0227168	
384	-227.02	0.07617	0.0258543	0.0665646	-0.0227168	
385	-227.72	0.07617	0.0258543	0.0590013	-0.0227168	
386	-228.52	0.07617	0.0258543	0.0642627	-0.0227168	
387	-229.42	0.07617	0.0258543	0.0640325	-0.0227168	
388	-230.12	0.07617	0.0258543	0.0668606	-0.0227168	
389	-230.72	0.07617	0.0258543	0.0644929	-0.0227168	
390	-231.72	0.07617	0.0258543	0.0705435	-0.0227168	
391	-232.42	0.07617	0.0258543	0.0609415	-0.0227168	
392	-233.22	0.07617	0.0258543	0.0590013	-0.0227168	
393	-234.22	0.07617	0.0258543	0.0656438	-0.0227168	
394	-235.02	0.07617	0.0258543	0.0615005	-0.0227168	
395	-235.82	0.07617	0.0258543	0.0655123	-0.0227168	
396	-236.52	0.07617	0.0258543	0.0608428	-0.0227168	
397	-237.52	0.07617	0.0258543	0.0577846	-0.0227168	
398	-238.22	0.07617	0.0258543	0.0478537	-0.0227168	
399	-239.12	0.07617	0.0258543	0.0552854	-0.0227168	
400	-239.72	0.07617	0.0258543	0.0718918	-0.0227168	
401	-240.62	0.07617	0.0258543	0.065315	-0.0227168	
402	-241.52	0.07617	0.0258543	0.0625528	-0.0227168	
403	-242.32	0.07617	0.0258543	0.0766271	-0.0227168	
404	-243.12	0.07617	0.0258543	0.0607113	-0.0227168	
405	-244.12	0.07617	0.0258543	0.0663344	-0.0227168	
406	-244.72	0.07617	0.0258543	0.0575215	-0.0227168	
407	-245.62	0.07617	0.0258543	0.0672552	-0.0227168	
408	-246.32	0.07617	0.0258543	0.0604153	-0.0227168	
409	-247.52	0.07617	0.0258543	0.060777	-0.0227168	
410	-248.12	0.07617	0.0258543	0.0577517	-0.0227168	
411	-249.52	0.07617	0.0258543	0.0564035	-0.0227168	
412	-249.92	0.07617	0.0258543	0.0581134	-0.0227168	
413	-250.92	0.07617	0.0258543	0.0619609	-0.0227168	
414	-251.82	0.07617	0.0258543	0.0603495	-0.0227168	
415	-252.92	0.07617	0.0258543	0.0615662	-0.0227168	
416	-253.82	0.07617	0.0258543	0.067584	-0.0227168	
417	-255.02	0.07617	0.0258543	0.0633749	-0.0227168	
418	-256.12	0.07617	0.0258543	0.0578833	-0.0227168	
419	-256.82	0.07617	0.0258543	0.0664659	-0.0227168	
420	-257.92	0.07617	0.0258543	0.0554498	-0.0227168	
421	-259.12	0.07617	0.0258543	0.0537728	-0.0227168	
422	-260.02	0.07617	0.0258543	0.0627172	-0.0227168	
423	-260.92	0.07617	0.0258543	0.0583765	-0.0227168	
424	-262.12	0.07617	0.0258543	0.0437432	-0.0227168	
425	-263.22	0.07617	0.0258543	0.0590671	-0.0227168	
426	-263.72	0.07617	0.0258543	0.0573242	-0.0227168	
427	-265.22	0.07617	0.0258543	0.0623226	-0.0227168	
428	-265.92	0.07617	0.0258543	0.0485771	-0.0227168	
429	-267.12	0.07617	0.0258543	0.0631118	-0.0227168	
430	-268.02	0.07617	0.0258543	0.0517997	-0.0227168	
431	-269.02	0.07617	0.0258543	0.0562719	-0.0227168	
432	-269.82	0.07617	0.0258543	0.0530822	-0.0227168	
433	-271.22	0.07617	0.0258543	0.055121	-0.0227168	
434	-271.82	0.07617	0.0258543	0.0509776	-0.0227168	
435	-272.02	0.07617	0.0258543	0.0470316	-0.0227168	
436	-273.82	0.07617	0.0258543	0.0460122	-0.0227168	
437	-274.52	0.07617	0.0258543	0.049169	-0.0227168	
438	-275.22	0.07617	0.0258543	0.0513722	-0.0227168	
439	-276.12	0.07617	0.0258543	0.0442693	-0.0227168	
440	-277.32	0.07617	0.0258543	0.0606455	-0.0227168	
441	-277.92	0.07617	0.0258543	0.0416715	-0.0227168	
442	-278.82	0.07617	0.0258543	0.0600207	-0.0227168	
443	-279.92	0.07617	0.0258543	0.0615662	-0.0227168	
444	-280.72	0.07617	0.0258543	0.0526218	-0.0227168	
445	-281.42	0.07617	0.0258543	0.0415071	-0.0227168	
446	-282.52	0.07617	0.0258543	0.0534768	-0.0227168	
447	-283.42	0.07617	0.0258543	0.0485113	-0.0227168	
448	-284.22	0.07617	0.0258543	0.0541674	-0.0227168	
449	-285.02	0.07617	0.0258543	0.0476564	-0.0227168	
450	-286.02	0.07617	0.0258543	0.0471302	-0.0227168	
451	-287.12	0.07617	0.0258543	0.0469658	-0.0227168	
452	-287.92	0.07617	0.0258543	0.0500569	-0.0227168	
453	-288.92	0.07617	0.0258543	0.0485442	-0.0227168	
454	-289.52	0.07617	0.0258543	0.0540687	-0.0227168	
455	-290.12	0.07617	0.0258543	0.0495307	-0.0227168	
456	-291.42	0.07617	0.0258543	0.0414413	-0.0227168	
457	-291.92	0.07617	0.0258543	0.0427895	-0.0227168	
458	-292.72	0.07617	0.0258543	0.0524574	-0.0227168	
459	-293.32	0.07617	0.0258543	0.0455518	-0.0227168	
460	-294.42	0.07617	0.0258543	0.0548908	-0.0227168	
461	-294.82	0.07617	0.0258543	0.0438418	-0.0227168	
462	-295.72	0.07617	0.0258543	0.0528849	-0.0227168	
463	-296.42	0.07617	0.0258543	0.0502871	-0.0227168	
464	-297.32	0.07617	0.0258543	0.0436774	-0.0227168	
465	-297.92	0.07617	0.0258543	0.0462095	-0.0227168	
466	-299.02	0.07617	0.0258543	0.0510763	-0.0227168	
467	-299.82	0.07617	0.0258543	0.0377583	-0.0227168	
468	-300.52	0.07617	0.0258543	0.0458806	-0.0227168	
469	-301.32	0.07617	0.0258543	0.0395012	-0.0227168	
470	-302.22	0.07617	0.0258543	0.0525232	-0.0227168	
471	-303.02	0.07617	0.0258543	0.042954	-0.0227168	
472	-304.12	0.07617	0.0258543	0.0405206	-0.0227168	
473	-304.72	0.07617	0.0258543	0.0506817	-0.0227168	
474	-306.22	0.07617	0.0258543	0.0395669	-0.0227168	
475	-307.22	0.07617	0.0258543	0.0514051	-0.0227168	
476	-307.82	0.07617	0.0258543	0.0348974	-0.0227168	
477	-308.72	0.07617	0.0258543	0.0586725	-0.0227168	
478	-309.82	0.07617	0.0258543	0.038975	-0.0227168	
479	-310.62	0.07617	0.0258543	0.0499254	-0.0227168	
480	-311.22	0.07617	0.0258543	0.0494979	-0.0227168	
481	-311.82	0.07617	0.0258543	0.0570283	-0.0227168	
482	-312.62	0.07617	0.0258543	0.0507474	-0.0227168	
483	-313.52	0.07617	0.0258543	0.0473275	-0.0227168	
484	-314.42	0.07617	0.0258543	0.0469658	-0.0227168	
485	-315.12	0.07617	0.0258543	0.0556143	-0.0227168	
486	-316.02	0.07617	0.0258543	0.0409809	-0.0227168	
487	-317.22	0.07617	0.0258543	0.046341	-0.0227168	
488	-318.42	0.07617	0.0258543	0.0475248	-0.0227168	
489	-318.72	0.07617	0.0258543	0.0481167	-0.0227168	
490	-318.62	0.07617	0.0258543	0.0485113	-0.0227168	
