# Title: Dye Laser Frequency Scan, Depressed Limit
# Note:	Dye laser frequency scan to find the depressed ionization limit. HP 214B. Short (250 ns) integration gate.
# Type:	Frequency
# Hittite Freq:	18512.9 MHz
# Hittite: Power	14 dBm
# Laser Freq:	NaN
# Laser Mod:	NaN
# Laser Mod Attn:	NaN
# MW Attn:	MAX
# Delay:	1000 ns
# MW Off:	 ns
# Top w/o Static:	NaN
# Static:	NaN
# Static Off:	NaN
i	f	n	nb	s	sb
0	59.78	0.0890851	0.0528504	0.0400931	0.037635	
1	59.58	0.0890851	0.0528504	0.0444009	0.037635	
2	59.08	0.0890851	0.0528504	0.0411125	0.037635	
3	58.78	0.0890851	0.0528504	0.0415728	0.037635	
4	58.68	0.0890851	0.0528504	0.0420332	0.037635	
5	58.18	0.0890851	0.0528504	0.0411782	0.037635	
6	58.18	0.0890851	0.0528504	0.0414413	0.037635	
7	57.88	0.0890851	0.0528504	0.0408165	0.037635	
8	57.58	0.0890851	0.0528504	0.0416715	0.037635	
9	57.38	0.0890851	0.0528504	0.0424607	0.037635	
10	57.18	0.0890851	0.0528504	0.0422305	0.037635	
11	56.98	0.0890851	0.0528504	0.0451572	0.037635	
12	56.68	0.0890851	0.0528504	0.0379556	0.037635	
13	56.38	0.0890851	0.0528504	0.042954	0.037635	
14	56.08	0.0890851	0.0528504	0.0389421	0.037635	
15	55.78	0.0890851	0.0528504	0.0424607	0.037635	
16	55.18	0.0890851	0.0528504	0.0442693	0.037635	
17	54.48	0.0890851	0.0528504	0.0399944	0.037635	
18	54.18	0.0890851	0.0528504	0.0420003	0.037635	
19	53.78	0.0890851	0.0528504	0.0419017	0.037635	
20	53.38	0.0890851	0.0528504	0.0406521	0.037635	
21	52.98	0.0890851	0.0528504	0.0423949	0.037635	
22	51.98	0.0890851	0.0528504	0.0403561	0.037635	
23	51.48	0.0890851	0.0528504	0.0430855	0.037635	
24	50.98	0.0890851	0.0528504	0.0435459	0.037635	
25	50.38	0.0890851	0.0528504	0.0397313	0.037635	
26	49.88	0.0890851	0.0528504	0.0411125	0.037635	
27	49.18	0.0890851	0.0528504	0.0443022	0.037635	
28	48.58	0.0890851	0.0528504	0.0422634	0.037635	
29	47.98	0.0890851	0.0528504	0.0421976	0.037635	
30	47.28	0.0890851	0.0528504	0.037561	0.037635	
31	46.58	0.0890851	0.0528504	0.038975	0.037635	
32	45.78	0.0890851	0.0528504	0.0428224	0.037635	
33	45.18	0.0890851	0.0528504	0.0400602	0.037635	
34	44.68	0.0890851	0.0528504	0.0424607	0.037635	
35	43.98	0.0890851	0.0528504	0.03983	0.037635	
36	43.18	0.0890851	0.0528504	0.0422963	0.037635	
37	42.48	0.0890851	0.0528504	0.0403561	0.037635	
38	41.68	0.0890851	0.0528504	0.0383173	0.037635	
39	41.08	0.0890851	0.0528504	0.0405863	0.037635	
40	40.18	0.0890851	0.0528504	0.0375281	0.037635	
41	39.58	0.0890851	0.0528504	0.0391066	0.037635	
42	38.68	0.0890851	0.0528504	0.0405206	0.037635	
43	38.08	0.0890851	0.0528504	0.0385804	0.037635	
44	37.28	0.0890851	0.0528504	0.0432828	0.037635	
45	36.58	0.0890851	0.0528504	0.0418688	0.037635	
46	35.48	0.0890851	0.0528504	0.0458149	0.037635	
47	34.58	0.0890851	0.0528504	0.0434143	0.037635	
48	33.78	0.0890851	0.0528504	0.0419346	0.037635	
49	33.08	0.0890851	0.0528504	0.0477879	0.037635	
50	32.28	0.0890851	0.0528504	0.0418359	0.037635	
51	31.38	0.0890851	0.0528504	0.0436445	0.037635	
52	30.38	0.0890851	0.0528504	0.0460122	0.037635	
53	29.58	0.0890851	0.0528504	0.0419346	0.037635	
54	28.98	0.0890851	0.0528504	0.0482812	0.037635	
55	28.08	0.0890851	0.0528504	0.0440391	0.037635	
56	27.28	0.0890851	0.0528504	0.044368	0.037635	
57	26.28	0.0890851	0.0528504	0.0453216	0.037635	
58	25.68	0.0890851	0.0528504	0.0442693	0.037635	
59	24.48	0.0890851	0.0528504	0.0452887	0.037635	
60	23.48	0.0890851	0.0528504	0.0472618	0.037635	
61	22.98	0.0890851	0.0528504	0.0456504	0.037635	
62	21.68	0.0890851	0.0528504	0.043513	0.037635	
63	20.68	0.0890851	0.0528504	0.0452558	0.037635	
64	20.08	0.0890851	0.0528504	0.0446639	0.037635	
65	19.38	0.0890851	0.0528504	0.0472289	0.037635	
66	18.68	0.0890851	0.0528504	0.0404548	0.037635	
67	17.48	0.0890851	0.0528504	0.0471302	0.037635	
68	16.68	0.0890851	0.0528504	0.0444337	0.037635	
69	16.18	0.0890851	0.0528504	0.0442693	0.037635	
70	15.18	0.0890851	0.0528504	0.0442693	0.037635	
71	14.38	0.0890851	0.0528504	0.0432828	0.037635	
72	13.58	0.0890851	0.0528504	0.0460451	0.037635	
73	12.98	0.0890851	0.0528504	0.0463739	0.037635	
74	12.18	0.0890851	0.0528504	0.0456176	0.037635	
75	11.68	0.0890851	0.0528504	0.0425594	0.037635	
76	10.98	0.0890851	0.0528504	0.0438747	0.037635	
77	10.48	0.0890851	0.0528504	0.0478537	0.037635	
78	9.58	0.0890851	0.0528504	0.0402904	0.037635	
79	9.08	0.0890851	0.0528504	0.042954	0.037635	
80	7.88	0.0890851	0.0528504	0.0471631	0.037635	
81	7.18	0.0890851	0.0528504	0.0474919	0.037635	
82	6.58	0.0890851	0.0528504	0.0476235	0.037635	
83	5.68	0.0890851	0.0528504	0.0468343	0.037635	
84	4.88	0.0890851	0.0528504	0.0415071	0.037635	
85	4.48	0.0890851	0.0528504	0.0453874	0.037635	
86	3.78	0.0890851	0.0528504	0.0441049	0.037635	
87	2.88	0.0890851	0.0528504	0.0486758	0.037635	
88	2.28	0.0890851	0.0528504	0.0467027	0.037635	
89	1.48	0.0890851	0.0528504	0.0494321	0.037635	
90	0.48	0.0890851	0.0528504	0.0515038	0.037635	
91	-0.42	0.0890851	0.0528504	0.047755	0.037635	
92	-0.92	0.0890851	0.0528504	0.0562719	0.037635	
93	-1.82	0.0890851	0.0528504	0.0598563	0.037635	
94	-2.82	0.0890851	0.0528504	0.0624541	0.037635	
95	-3.52	0.0890851	0.0528504	0.0648875	0.037635	
96	-4.12	0.0890851	0.0528504	0.0752459	0.037635	
97	-5.22	0.0890851	0.0528504	0.0715958	0.037635	
98	-6.22	0.0890851	0.0528504	0.0731414	0.037635	
99	-6.92	0.0890851	0.0528504	0.0764626	0.037635	
100	-7.62	0.0890851	0.0528504	0.0856701	0.037635	
101	-9.02	0.0890851	0.0528504	0.0932992	0.037635	
102	-9.92	0.0890851	0.0528504	0.0926086	0.037635	
103	-10.42	0.0890851	0.0528504	0.0955682	0.037635	
104	-11.12	0.0890851	0.0528504	0.104019	0.037635	
105	-12.12	0.0890851	0.0528504	0.0991854	0.037635	
106	-12.42	0.0890851	0.0528504	0.0993498	0.037635	
107	-13.62	0.0890851	0.0528504	0.107965	0.037635	
108	-14.22	0.0890851	0.0528504	0.103362	0.037635	
109	-15.22	0.0890851	0.0528504	0.104184	0.037635	
110	-16.12	0.0890851	0.0528504	0.114871	0.037635	
111	-16.72	0.0890851	0.0528504	0.118686	0.037635	
112	-17.32	0.0890851	0.0528504	0.120461	0.037635	
113	-18.42	0.0890851	0.0528504	0.11224	0.037635	
114	-19.12	0.0890851	0.0528504	0.121382	0.037635	
115	-19.72	0.0890851	0.0528504	0.118225	0.037635	
116	-20.52	0.0890851	0.0528504	0.122007	0.037635	
117	-21.52	0.0890851	0.0528504	0.115331	0.037635	
118	-22.32	0.0890851	0.0528504	0.12934	0.037635	
119	-23.12	0.0890851	0.0528504	0.121481	0.037635	
120	-24.22	0.0890851	0.0528504	0.127531	0.037635	
121	-25.02	0.0890851	0.0528504	0.136246	0.037635	
122	-25.72	0.0890851	0.0528504	0.125394	0.037635	
123	-31.12	0.0890851	0.0528504	0.150188	0.037635	
124	-31.22	0.0890851	0.0528504	0.153345	0.037635	
125	-31.52	0.0890851	0.0528504	0.173076	0.037635	
126	-32.32	0.0890851	0.0528504	0.157193	0.037635	
127	-33.12	0.0890851	0.0528504	0.166565	0.037635	
128	-33.82	0.0890851	0.0528504	0.163868	0.037635	
129	-34.52	0.0890851	0.0528504	0.158179	0.037635	
130	-35.22	0.0890851	0.0528504	0.15887	0.037635	
131	-35.82	0.0890851	0.0528504	0.163375	0.037635	
132	-36.82	0.0890851	0.0528504	0.161862	0.037635	
133	-37.32	0.0890851	0.0528504	0.158475	0.037635	
134	-38.12	0.0890851	0.0528504	0.167518	0.037635	
135	-39.12	0.0890851	0.0528504	0.167913	0.037635	
136	-39.82	0.0890851	0.0528504	0.168866	0.037635	
137	-40.42	0.0890851	0.0528504	0.164328	0.037635	
138	-41.32	0.0890851	0.0528504	0.167518	0.037635	
139	-41.92	0.0890851	0.0528504	0.159692	0.037635	
140	-43.02	0.0890851	0.0528504	0.16492	0.037635	
141	-43.72	0.0890851	0.0528504	0.159429	0.037635	
142	-44.52	0.0890851	0.0528504	0.171234	0.037635	
143	-45.52	0.0890851	0.0528504	0.16275	0.037635	
144	-46.32	0.0890851	0.0528504	0.158179	0.037635	
145	-47.22	0.0890851	0.0528504	0.170971	0.037635	
146	-47.92	0.0890851	0.0528504	0.162388	0.037635	
147	-48.62	0.0890851	0.0528504	0.162224	0.037635	
148	-49.52	0.0890851	0.0528504	0.164756	0.037635	
149	-50.02	0.0890851	0.0528504	0.174457	0.037635	
150	-51.62	0.0890851	0.0528504	0.160514	0.037635	
151	-52.12	0.0890851	0.0528504	0.172615	0.037635	
152	-52.72	0.0890851	0.0528504	0.181987	0.037635	
153	-53.22	0.0890851	0.0528504	0.156239	0.037635	
154	-54.02	0.0890851	0.0528504	0.168077	0.037635	
155	-54.72	0.0890851	0.0528504	0.154759	0.037635	
156	-55.52	0.0890851	0.0528504	0.16275	0.037635	
157	-56.22	0.0890851	0.0528504	0.178436	0.037635	
158	-57.02	0.0890851	0.0528504	0.176265	0.037635	
159	-57.82	0.0890851	0.0528504	0.158475	0.037635	
160	-58.72	0.0890851	0.0528504	0.179915	0.037635	
161	-59.32	0.0890851	0.0528504	0.166828	0.037635	
162	-60.32	0.0890851	0.0528504	0.178469	0.037635	
163	-61.12	0.0890851	0.0528504	0.163967	0.037635	
164	-62.22	0.0890851	0.0528504	0.160678	0.037635	
165	-62.82	0.0890851	0.0528504	0.167222	0.037635	
166	-63.72	0.0890851	0.0528504	0.176035	0.037635	
167	-64.52	0.0890851	0.0528504	0.164789	0.037635	
168	-65.42	0.0890851	0.0528504	0.161632	0.037635	
169	-66.02	0.0890851	0.0528504	0.161303	0.037635	
170	-67.12	0.0890851	0.0528504	0.172352	0.037635	
171	-68.32	0.0890851	0.0528504	0.16857	0.037635	
172	-68.92	0.0890851	0.0528504	0.165611	0.037635	
173	-69.72	0.0890851	0.0528504	0.163276	0.037635	
174	-70.52	0.0890851	0.0528504	0.178107	0.037635	
175	-71.22	0.0890851	0.0528504	0.169886	0.037635	
176	-72.02	0.0890851	0.0528504	0.179652	0.037635	
177	-72.82	0.0890851	0.0528504	0.174884	0.037635	
178	-73.92	0.0890851	0.0528504	0.173931	0.037635	
179	-74.42	0.0890851	0.0528504	0.166104	0.037635	
180	-75.62	0.0890851	0.0528504	0.176265	0.037635	
181	-76.42	0.0890851	0.0528504	0.179126	0.037635	
182	-77.12	0.0890851	0.0528504	0.174654	0.037635	
183	-77.82	0.0890851	0.0528504	0.170346	0.037635	
184	-78.82	0.0890851	0.0528504	0.167321	0.037635	
185	-79.52	0.0890851	0.0528504	0.177153	0.037635	
186	-80.42	0.0890851	0.0528504	0.187281	0.037635	
187	-81.02	0.0890851	0.0528504	0.176397	0.037635	
188	-82.02	0.0890851	0.0528504	0.181987	0.037635	
189	-82.82	0.0890851	0.0528504	0.182513	0.037635	
190	-83.42	0.0890851	0.0528504	0.183072	0.037635	
191	-84.02	0.0890851	0.0528504	0.172155	0.037635	
192	-84.92	0.0890851	0.0528504	0.181395	0.037635	
193	-85.82	0.0890851	0.0528504	0.177975	0.037635	
194	-86.42	0.0890851	0.0528504	0.165677	0.037635	
195	-87.02	0.0890851	0.0528504	0.157686	0.037635	
196	-88.32	0.0890851	0.0528504	0.17472	0.037635	
197	-88.92	0.0890851	0.0528504	0.183796	0.037635	
198	-89.62	0.0890851	0.0528504	0.178337	0.037635	
199	-90.12	0.0890851	0.0528504	0.166071	0.037635	
200	-91.02	0.0890851	0.0528504	0.168505	0.037635	
201	-91.52	0.0890851	0.0528504	0.183401	0.037635	
202	-92.52	0.0890851	0.0528504	0.177909	0.037635	
203	-93.02	0.0890851	0.0528504	0.176035	0.037635	
204	-93.32	0.0890851	0.0528504	0.179455	0.037635	
205	-94.72	0.0890851	0.0528504	0.1762	0.037635	
206	-95.52	0.0890851	0.0528504	0.155746	0.037635	
207	-96.62	0.0890851	0.0528504	0.166006	0.037635	
208	-97.72	0.0890851	0.0528504	0.175772	0.037635	
209	-98.42	0.0890851	0.0528504	0.173733	0.037635	
210	-99.52	0.0890851	0.0528504	0.164493	0.037635	
211	-100.62	0.0890851	0.0528504	0.164887	0.037635	
212	-101.62	0.0890851	0.0528504	0.16663	0.037635	
213	-102.72	0.0890851	0.0528504	0.17301	0.037635	
214	-103.52	0.0890851	0.0528504	0.163605	0.037635	
215	-104.32	0.0890851	0.0528504	0.172944	0.037635	
216	-105.62	0.0890851	0.0528504	0.16834	0.037635	
217	-106.32	0.0890851	0.0528504	0.169787	0.037635	
218	-107.42	0.0890851	0.0528504	0.168834	0.037635	
219	-107.62	0.0890851	0.0528504	0.172812	0.037635	
220	-109.12	0.0890851	0.0528504	0.167518	0.037635	
221	-109.92	0.0890851	0.0528504	0.162355	0.037635	
222	-110.72	0.0890851	0.0528504	0.16275	0.037635	
223	-111.72	0.0890851	0.0528504	0.161599	0.037635	
224	-112.72	0.0890851	0.0528504	0.163079	0.037635	
225	-113.42	0.0890851	0.0528504	0.17005	0.037635	
226	-113.62	0.0890851	0.0528504	0.169294	0.037635	
227	-115.42	0.0890851	0.0528504	0.155154	0.037635	
228	-115.82	0.0890851	0.0528504	0.170774	0.037635	
229	-116.72	0.0890851	0.0528504	0.174029	0.037635	
230	-117.22	0.0890851	0.0528504	0.162783	0.037635	
231	-118.12	0.0890851	0.0528504	0.165019	0.037635	
232	-119.12	0.0890851	0.0528504	0.167979	0.037635	
233	-119.72	0.0890851	0.0528504	0.169097	0.037635	
234	-120.22	0.0890851	0.0528504	0.161533	0.037635	
235	-121.02	0.0890851	0.0528504	0.168702	0.037635	
236	-122.32	0.0890851	0.0528504	0.170017	0.037635	
237	-122.72	0.0890851	0.0528504	0.155581	0.037635	
238	-123.42	0.0890851	0.0528504	0.164822	0.037635	
239	-124.42	0.0890851	0.0528504	0.177942	0.037635	
240	-125.12	0.0890851	0.0528504	0.158738	0.037635	
241	-125.82	0.0890851	0.0528504	0.158113	0.037635	
242	-126.92	0.0890851	0.0528504	0.162849	0.037635	
243	-127.82	0.0890851	0.0528504	0.165183	0.037635	
244	-128.42	0.0890851	0.0528504	0.16686	0.037635	
245	-129.32	0.0890851	0.0528504	0.164394	0.037635	
246	-130.32	0.0890851	0.0528504	0.155022	0.037635	
247	-131.22	0.0890851	0.0528504	0.159988	0.037635	
248	-132.02	0.0890851	0.0528504	0.155055	0.037635	
249	-132.72	0.0890851	0.0528504	0.155976	0.037635	
250	-133.82	0.0890851	0.0528504	0.164032	0.037635	
251	-134.52	0.0890851	0.0528504	0.167584	0.037635	
252	-135.52	0.0890851	0.0528504	0.157719	0.037635	
253	-136.22	0.0890851	0.0528504	0.164131	0.037635	
254	-137.22	0.0890851	0.0528504	0.160415	0.037635	
255	-137.82	0.0890851	0.0528504	0.161369	0.037635	
256	-138.82	0.0890851	0.0528504	0.149037	0.037635	
257	-139.82	0.0890851	0.0528504	0.163112	0.037635	
258	-140.52	0.0890851	0.0528504	0.16321	0.037635	
259	-141.22	0.0890851	0.0528504	0.165315	0.037635	
260	-142.22	0.0890851	0.0528504	0.16469	0.037635	
261	-143.02	0.0890851	0.0528504	0.156897	0.037635	
262	-144.02	0.0890851	0.0528504	0.172648	0.037635	
263	-144.72	0.0890851	0.0528504	0.164263	0.037635	
264	-145.82	0.0890851	0.0528504	0.173667	0.037635	
265	-146.52	0.0890851	0.0528504	0.168866	0.037635	
266	-147.32	0.0890851	0.0528504	0.154102	0.037635	
267	-148.02	0.0890851	0.0528504	0.18498	0.037635	
268	-149.02	0.0890851	0.0528504	0.158541	0.037635	
269	-149.72	0.0890851	0.0528504	0.163375	0.037635	
270	-150.42	0.0890851	0.0528504	0.159758	0.037635	
271	-151.02	0.0890851	0.0528504	0.185835	0.037635	
272	-151.92	0.0890851	0.0528504	0.166038	0.037635	
273	-152.62	0.0890851	0.0528504	0.176594	0.037635	
274	-153.32	0.0890851	0.0528504	0.16275	0.037635	
275	-154.02	0.0890851	0.0528504	0.161829	0.037635	
276	-155.02	0.0890851	0.0528504	0.159067	0.037635	
277	-155.82	0.0890851	0.0528504	0.158508	0.037635	
278	-156.52	0.0890851	0.0528504	0.174095	0.037635	
279	-157.12	0.0890851	0.0528504	0.150583	0.037635	
280	-158.22	0.0890851	0.0528504	0.164	0.037635	
281	-158.82	0.0890851	0.0528504	0.158771	0.037635	
282	-159.62	0.0890851	0.0528504	0.164065	0.037635	
283	-160.62	0.0890851	0.0528504	0.175443	0.037635	
284	-161.42	0.0890851	0.0528504	0.155384	0.037635	
285	-162.02	0.0890851	0.0528504	0.167715	0.037635	
286	-162.82	0.0890851	0.0528504	0.169721	0.037635	
287	-163.72	0.0890851	0.0528504	0.161007	0.037635	
288	-164.72	0.0890851	0.0528504	0.165512	0.037635	
289	-165.22	0.0890851	0.0528504	0.16686	0.037635	
290	-165.92	0.0890851	0.0528504	0.165315	0.037635	
291	-166.72	0.0890851	0.0528504	0.175805	0.037635	
292	-167.52	0.0890851	0.0528504	0.169425	0.037635	
293	-168.22	0.0890851	0.0528504	0.174983	0.037635	
294	-169.02	0.0890851	0.0528504	0.162651	0.037635	
295	-169.72	0.0890851	0.0528504	0.155647	0.037635	
296	-170.52	0.0890851	0.0528504	0.163934	0.037635	
297	-171.32	0.0890851	0.0528504	0.169952	0.037635	
298	-172.22	0.0890851	0.0528504	0.166071	0.037635	
299	-173.22	0.0890851	0.0528504	0.171234	0.037635	
300	-174.02	0.0890851	0.0528504	0.151701	0.037635	
301	-174.82	0.0890851	0.0528504	0.159231	0.037635	
302	-175.72	0.0890851	0.0528504	0.160086	0.037635	
303	-177.12	0.0890851	0.0528504	0.160777	0.037635	
304	-178.52	0.0890851	0.0528504	0.150945	0.037635	
305	-179.42	0.0890851	0.0528504	0.163375	0.037635	
306	-180.32	0.0890851	0.0528504	0.180672	0.037635	
307	-181.72	0.0890851	0.0528504	0.158015	0.037635	
308	-183.12	0.0890851	0.0528504	0.153674	0.037635	
309	-183.62	0.0890851	0.0528504	0.16252	0.037635	
310	-184.82	0.0890851	0.0528504	0.153115	0.037635	
311	-185.82	0.0890851	0.0528504	0.160284	0.037635	
312	-186.42	0.0890851	0.0528504	0.171366	0.037635	
313	-187.62	0.0890851	0.0528504	0.158935	0.037635	
314	-188.52	0.0890851	0.0528504	0.162947	0.037635	
315	-189.32	0.0890851	0.0528504	0.162454	0.037635	
316	-190.22	0.0890851	0.0528504	0.159231	0.037635	
317	-191.72	0.0890851	0.0528504	0.159659	0.037635	
318	-192.42	0.0890851	0.0528504	0.163506	0.037635	
319	-193.02	0.0890851	0.0528504	0.154529	0.037635	
320	-193.82	0.0890851	0.0528504	0.166926	0.037635	
321	-194.92	0.0890851	0.0528504	0.165282	0.037635	
322	-195.52	0.0890851	0.0528504	0.161961	0.037635	
323	-196.62	0.0890851	0.0528504	0.170379	0.037635	
324	-197.32	0.0890851	0.0528504	0.160843	0.037635	
325	-198.32	0.0890851	0.0528504	0.16857	0.037635	
326	-199.22	0.0890851	0.0528504	0.16469	0.037635	
327	-200.22	0.0890851	0.0528504	0.16742	0.037635	
328	-200.82	0.0890851	0.0528504	0.158146	0.037635	
329	-201.62	0.0890851	0.0528504	0.15716	0.037635	
330	-202.72	0.0890851	0.0528504	0.153904	0.037635	
331	-203.52	0.0890851	0.0528504	0.163243	0.037635	
332	-204.42	0.0890851	0.0528504	0.15956	0.037635	
333	-205.22	0.0890851	0.0528504	0.166795	0.037635	
334	-206.22	0.0890851	0.0528504	0.162421	0.037635	
335	-206.92	0.0890851	0.0528504	0.159462	0.037635	
336	-207.52	0.0890851	0.0528504	0.153838	0.037635	
337	-208.52	0.0890851	0.0528504	0.159725	0.037635	
338	-209.62	0.0890851	0.0528504	0.148676	0.037635	
339	-210.52	0.0890851	0.0528504	0.155976	0.037635	
340	-211.22	0.0890851	0.0528504	0.173996	0.037635	
341	-212.22	0.0890851	0.0528504	0.160317	0.037635	
342	-213.22	0.0890851	0.0528504	0.157916	0.037635	
343	-214.02	0.0890851	0.0528504	0.156272	0.037635	
344	-214.92	0.0890851	0.0528504	0.142691	0.037635	
345	-215.72	0.0890851	0.0528504	0.150057	0.037635	
346	-216.42	0.0890851	0.0528504	0.158179	0.037635	
347	-217.42	0.0890851	0.0528504	0.154102	0.037635	
348	-218.32	0.0890851	0.0528504	0.147426	0.037635	
349	-219.02	0.0890851	0.0528504	0.151898	0.037635	
350	-219.82	0.0890851	0.0528504	0.157423	0.037635	
351	-220.52	0.0890851	0.0528504	0.149662	0.037635	
352	-221.52	0.0890851	0.0528504	0.155976	0.037635	
353	-222.12	0.0890851	0.0528504	0.147163	0.037635	
354	-222.72	0.0890851	0.0528504	0.153674	0.037635	
355	-224.02	0.0890851	0.0528504	0.164197	0.037635	
356	-224.92	0.0890851	0.0528504	0.151405	0.037635	
357	-225.52	0.0890851	0.0528504	0.155187	0.037635	
358	-226.22	0.0890851	0.0528504	0.159889	0.037635	
359	-226.92	0.0890851	0.0528504	0.153214	0.037635	
360	-227.82	0.0890851	0.0528504	0.154036	0.037635	
361	-228.12	0.0890851	0.0528504	0.158607	0.037635	
362	-229.12	0.0890851	0.0528504	0.151241	0.037635	
363	-230.12	0.0890851	0.0528504	0.161468	0.037635	
364	-230.82	0.0890851	0.0528504	0.169458	0.037635	
365	-231.52	0.0890851	0.0528504	0.147031	0.037635	
366	-232.22	0.0890851	0.0528504	0.150912	0.037635	
367	-233.22	0.0890851	0.0528504	0.150155	0.037635	
368	-233.92	0.0890851	0.0528504	0.171103	0.037635	
369	-234.72	0.0890851	0.0528504	0.156403	0.037635	
370	-235.42	0.0890851	0.0528504	0.148741	0.037635	
371	-236.42	0.0890851	0.0528504	0.166006	0.037635	
372	-237.12	0.0890851	0.0528504	0.173602	0.037635	
373	-237.92	0.0890851	0.0528504	0.164131	0.037635	
374	-239.02	0.0890851	0.0528504	0.158146	0.037635	
375	-239.72	0.0890851	0.0528504	0.165973	0.037635	
376	-240.22	0.0890851	0.0528504	0.166499	0.037635	
377	-241.32	0.0890851	0.0528504	0.172451	0.037635	
378	-242.12	0.0890851	0.0528504	0.154661	0.037635	
379	-243.02	0.0890851	0.0528504	0.154989	0.037635	
380	-243.32	0.0890851	0.0528504	0.157061	0.037635	
381	-244.72	0.0890851	0.0528504	0.17107	0.037635	
382	-245.62	0.0890851	0.0528504	0.163967	0.037635	
383	-246.32	0.0890851	0.0528504	0.154825	0.037635	
384	-246.92	0.0890851	0.0528504	0.149333	0.037635	
385	-248.12	0.0890851	0.0528504	0.155581	0.037635	
386	-249.12	0.0890851	0.0528504	0.153543	0.037635	
387	-249.82	0.0890851	0.0528504	0.160382	0.037635	
388	-250.62	0.0890851	0.0528504	0.148347	0.037635	
389	-251.72	0.0890851	0.0528504	0.160481	0.037635	
390	-252.62	0.0890851	0.0528504	0.15055	0.037635	
391	-253.52	0.0890851	0.0528504	0.137528	0.037635	
392	-254.62	0.0890851	0.0528504	0.161533	0.037635	
393	-255.02	0.0890851	0.0528504	0.149596	0.037635	
394	-256.82	0.0890851	0.0528504	0.140422	0.037635	
395	-257.92	0.0890851	0.0528504	0.154233	0.037635	
396	-258.62	0.0890851	0.0528504	0.171135	0.037635	
397	-260.12	0.0890851	0.0528504	0.16446	0.037635	
398	-261.32	0.0890851	0.0528504	0.16081	0.037635	
399	-262.02	0.0890851	0.0528504	0.161928	0.037635	
400	-263.02	0.0890851	0.0528504	0.16275	0.037635	
401	-263.92	0.0890851	0.0528504	0.168373	0.037635	
402	-265.02	0.0890851	0.0528504	0.151109	0.037635	
403	-266.12	0.0890851	0.0528504	0.154003	0.037635	
404	-267.02	0.0890851	0.0528504	0.150912	0.037635	
405	-267.82	0.0890851	0.0528504	0.161106	0.037635	
406	-268.92	0.0890851	0.0528504	0.160251	0.037635	
407	-269.92	0.0890851	0.0528504	0.154036	0.037635	
408	-270.82	0.0890851	0.0528504	0.14542	0.037635	
409	-271.42	0.0890851	0.0528504	0.156502	0.037635	
410	-272.62	0.0890851	0.0528504	0.155614	0.037635	
411	-273.32	0.0890851	0.0528504	0.156338	0.037635	
412	-274.22	0.0890851	0.0528504	0.146703	0.037635	
413	-275.22	0.0890851	0.0528504	0.160448	0.037635	
414	-276.22	0.0890851	0.0528504	0.162092	0.037635	
415	-276.82	0.0890851	0.0528504	0.154233	0.037635	
416	-277.52	0.0890851	0.0528504	0.152622	0.037635	
417	-278.82	0.0890851	0.0528504	0.163868	0.037635	
418	-279.92	0.0890851	0.0528504	0.171135	0.037635	
419	-280.62	0.0890851	0.0528504	0.14713	0.037635	
420	-281.52	0.0890851	0.0528504	0.152129	0.037635	
421	-282.42	0.0890851	0.0528504	0.15226	0.037635	
422	-283.02	0.0890851	0.0528504	0.163441	0.037635	
423	-284.12	0.0890851	0.0528504	0.168932	0.037635	
424	-284.92	0.0890851	0.0528504	0.158278	0.037635	
425	-285.82	0.0890851	0.0528504	0.149925	0.037635	
426	-286.32	0.0890851	0.0528504	0.150747	0.037635	
427	-287.42	0.0890851	0.0528504	0.149005	0.037635	
428	-288.12	0.0890851	0.0528504	0.144763	0.037635	
429	-288.82	0.0890851	0.0528504	0.148347	0.037635	
430	-289.62	0.0890851	0.0528504	0.145782	0.037635	
431	-290.52	0.0890851	0.0528504	0.157193	0.037635	
432	-291.02	0.0890851	0.0528504	0.154069	0.037635	
433	-292.02	0.0890851	0.0528504	0.153806	0.037635	
434	-292.52	0.0890851	0.0528504	0.146111	0.037635	
435	-293.32	0.0890851	0.0528504	0.156699	0.037635	
436	-294.42	0.0890851	0.0528504	0.163342	0.037635	
437	-295.22	0.0890851	0.0528504	0.166663	0.037635	
438	-295.82	0.0890851	0.0528504	0.164098	0.037635	
439	-297.02	0.0890851	0.0528504	0.176824	0.037635	
440	-297.62	0.0890851	0.0528504	0.155647	0.037635	
441	-298.22	0.0890851	0.0528504	0.144269	0.037635	
442	-299.02	0.0890851	0.0528504	0.169327	0.037635	
443	-300.12	0.0890851	0.0528504	0.164559	0.037635	
444	-300.92	0.0890851	0.0528504	0.149202	0.037635	
445	-301.72	0.0890851	0.0528504	0.167814	0.037635	
446	-302.72	0.0890851	0.0528504	0.144861	0.037635	
447	-303.72	0.0890851	0.0528504	0.142757	0.037635	
448	-304.52	0.0890851	0.0528504	0.145552	0.037635	
449	-305.62	0.0890851	0.0528504	0.167387	0.037635	
450	-306.22	0.0890851	0.0528504	0.154924	0.037635	
451	-307.02	0.0890851	0.0528504	0.163013	0.037635	
452	-308.12	0.0890851	0.0528504	0.151241	0.037635	
453	-308.72	0.0890851	0.0528504	0.168242	0.037635	
454	-309.42	0.0890851	0.0528504	0.13641	0.037635	
455	-310.12	0.0890851	0.0528504	0.149498	0.037635	
456	-311.02	0.0890851	0.0528504	0.152161	0.037635	
457	-312.02	0.0890851	0.0528504	0.167518	0.037635	
458	-312.82	0.0890851	0.0528504	0.157357	0.037635	
459	-313.52	0.0890851	0.0528504	0.151339	0.037635	
460	-314.52	0.0890851	0.0528504	0.158475	0.037635	
461	-315.32	0.0890851	0.0528504	0.155779	0.037635	
462	-316.02	0.0890851	0.0528504	0.154957	0.037635	
463	-317.02	0.0890851	0.0528504	0.165677	0.037635	
464	-318.02	0.0890851	0.0528504	0.158738	0.037635	
465	-318.52	0.0890851	0.0528504	0.14713	0.037635	
466	-319.52	0.0890851	0.0528504	0.142625	0.037635	
467	-320.42	0.0890851	0.0528504	0.14325	0.037635	
468	-321.02	0.0890851	0.0528504	0.13253	0.037635	
469	-322.02	0.0890851	0.0528504	0.139929	0.037635	
470	-322.62	0.0890851	0.0528504	0.148972	0.037635	
471	-323.52	0.0890851	0.0528504	0.137298	0.037635	
472	-324.22	0.0890851	0.0528504	0.150287	0.037635	
473	-325.12	0.0890851	0.0528504	0.150846	0.037635	
474	-325.92	0.0890851	0.0528504	0.137857	0.037635	
475	-327.12	0.0890851	0.0528504	0.159988	0.037635	
476	-327.72	0.0890851	0.0528504	0.137002	0.037635	
477	-328.82	0.0890851	0.0528504	0.131412	0.037635	
478	-329.72	0.0890851	0.0528504	0.143776	0.037635	
479	-331.12	0.0890851	0.0528504	0.164263	0.037635	
480	-331.92	0.0890851	0.0528504	0.15101	0.037635	
481	-333.52	0.0890851	0.0528504	0.149794	0.037635	
482	-334.12	0.0890851	0.0528504	0.14519	0.037635	
483	-335.72	0.0890851	0.0528504	0.12227	0.037635	
484	-336.72	0.0890851	0.0528504	0.132365	0.037635	
485	-337.82	0.0890851	0.0528504	0.12204	0.037635	
486	-338.82	0.0890851	0.0528504	0.149498	0.037635	
487	-340.02	0.0890851	0.0528504	0.144861	0.037635	
488	-340.72	0.0890851	0.0528504	0.139041	0.037635	
489	-342.02	0.0890851	0.0528504	0.147031	0.037635	
490	-342.92	0.0890851	0.0528504	0.120461	0.037635	
491	-343.82	0.0890851	0.0528504	0.12467	0.037635	
492	-344.62	0.0890851	0.0528504	0.118488	0.037635	
493	-345.62	0.0890851	0.0528504	0.133779	0.037635	
494	-346.22	0.0890851	0.0528504	0.117337	0.037635	
495	-347.52	0.0890851	0.0528504	0.123487	0.037635	
496	-348.12	0.0890851	0.0528504	0.125887	0.037635	
497	-349.02	0.0890851	0.0528504	0.119442	0.037635	
498	-349.92	0.0890851	0.0528504	0.122237	0.037635	
499	-351.12	0.0890851	0.0528504	0.117337	0.037635	
500	-351.72	0.0890851	0.0528504	0.11349	0.037635	
501	-352.62	0.0890851	0.0528504	0.110366	0.037635	
502	-353.42	0.0890851	0.0528504	0.128222	0.037635	
503	-354.42	0.0890851	0.0528504	0.131839	0.037635	
504	-355.02	0.0890851	0.0528504	0.137133	0.037635	
505	-356.02	0.0890851	0.0528504	0.116417	0.037635	
506	-357.22	0.0890851	0.0528504	0.117962	0.037635	
507	-357.62	0.0890851	0.0528504	0.120823	0.037635	
508	-358.42	0.0890851	0.0528504	0.0973768	0.037635	
509	-359.32	0.0890851	0.0528504	0.102408	0.037635	
510	-360.12	0.0890851	0.0528504	0.109906	0.037635	
511	-360.82	0.0890851	0.0528504	0.0991854	0.037635	
512	-361.62	0.0890851	0.0528504	0.113062	0.037635	
513	-362.42	0.0890851	0.0528504	0.115858	0.037635	
514	-363.22	0.0890851	0.0528504	0.120955	0.037635	
515	-363.82	0.0890851	0.0528504	0.105302	0.037635	
516	-364.62	0.0890851	0.0528504	0.103	0.037635	
517	-365.62	0.0890851	0.0528504	0.106223	0.037635	
518	-366.32	0.0890851	0.0528504	0.0800141	0.037635	
519	-367.12	0.0890851	0.0528504	0.0962916	0.037635	
520	-367.92	0.0890851	0.0528504	0.0944501	0.037635	
521	-368.92	0.0890851	0.0528504	0.0953051	0.037635	
522	-369.52	0.0890851	0.0528504	0.101915	0.037635	
