# Title: Diode Laser Delay Scan, 9 dB MW, Long Scan.
# Note: Diode Laser Delay Scan, 9 dB on Var Attn, 43 dB PM, 55.76 V Top to Bot, n=27 l=3 +1 sideband. Full Scan.
# Type:	Delay
# Hittite Freq:	18511.0 MHz
# Hittite: Power	18.6 dBm
# Laser Freq:	361385.7 GHz
# Target:	n=27 l=3 +1 mW sideband in 56.76 V
# Laser Mod:	0th: 0.58, 1st: 0.54
# Laser Mod Attn:	43 dB
# MW Attn:	9 dB
# Delay:	1000 ns
# MW Off:	IR + 100 ns
# Top w/o Static:	+0.0060 V
# Static:	+55.76 V (9.2 V/cm)
# Static Off:	NaN
i	d	n	nb	s	sb
0.000	46809.000	1.000	0.000	0.101	-0.013
1.000	47881.000	1.000	0.000	0.123	-0.013
2.000	48953.000	1.000	0.000	0.129	-0.013
3.000	50025.000	1.000	0.000	0.137	-0.013
4.000	51096.000	1.000	0.000	0.119	-0.013
5.000	52168.000	1.000	0.000	0.109	-0.013
6.000	53240.000	1.000	0.000	0.120	-0.013
7.000	54312.000	1.000	0.000	0.106	-0.013
8.000	55384.000	1.000	0.000	0.094	-0.013
9.000	56456.000	1.000	0.000	0.077	-0.013
10.000	57528.000	1.000	0.000	0.061	-0.013
11.000	58599.000	1.000	0.000	0.053	-0.013
12.000	59671.000	1.000	0.000	0.048	-0.013
13.000	60743.000	1.000	0.000	0.064	-0.013
14.000	61815.000	1.000	0.000	0.075	-0.013
15.000	62887.000	1.000	0.000	0.094	-0.013
16.000	63959.000	1.000	0.000	0.096	-0.013
17.000	65031.000	1.000	0.000	0.087	-0.013
18.000	66102.000	1.000	0.000	0.094	-0.013
19.000	67174.000	1.000	0.000	0.093	-0.013
20.000	68246.000	1.000	0.000	0.076	-0.013
21.000	69318.000	1.000	0.000	0.084	-0.013
22.000	70390.000	1.000	0.000	0.096	-0.013
23.000	71462.000	1.000	0.000	0.081	-0.013
24.000	72534.000	1.000	0.000	0.093	-0.013
25.000	73605.000	1.000	0.000	0.080	-0.013
26.000	74677.000	1.000	0.000	0.063	-0.013
27.000	75749.000	1.000	0.000	0.067	-0.013
28.000	76821.000	1.000	0.000	0.093	-0.013
29.000	77893.000	1.000	0.000	0.092	-0.013
30.000	78965.000	1.000	0.000	0.099	-0.013
31.000	80037.000	1.000	0.000	0.136	-0.013
32.000	81108.000	1.000	0.000	0.117	-0.013
33.000	82180.000	1.000	0.000	0.125	-0.013
34.000	83252.000	1.000	0.000	0.128	-0.013
35.000	84324.000	1.000	0.000	0.131	-0.013
36.000	85396.000	1.000	0.000	0.125	-0.013
37.000	86468.000	1.000	0.000	0.111	-0.013
38.000	87540.000	1.000	0.000	0.121	-0.013
39.000	88611.000	1.000	0.000	0.094	-0.013
40.000	89683.000	1.000	0.000	0.087	-0.013
41.000	90755.000	1.000	0.000	0.082	-0.013
42.000	91827.000	1.000	0.000	0.077	-0.013
43.000	92899.000	1.000	0.000	0.084	-0.013
44.000	93971.000	1.000	0.000	0.093	-0.013
45.000	95043.000	1.000	0.000	0.111	-0.013
46.000	96115.000	1.000	0.000	0.121	-0.013
47.000	97186.000	1.000	0.000	0.135	-0.013
48.000	98258.000	1.000	0.000	0.117	-0.013
49.000	99330.000	1.000	0.000	0.127	-0.013
50.000	100402.000	1.000	0.000	0.120	-0.013
51.000	101474.000	1.000	0.000	0.113	-0.013
52.000	102546.000	1.000	0.000	0.111	-0.013
53.000	103618.000	1.000	0.000	0.095	-0.013
54.000	104689.000	1.000	0.000	0.095	-0.013
55.000	105761.000	1.000	0.000	0.073	-0.013
56.000	106833.000	1.000	0.000	0.078	-0.013
57.000	107905.000	1.000	0.000	0.078	-0.013
58.000	108977.000	1.000	0.000	0.094	-0.013
59.000	110049.000	1.000	0.000	0.094	-0.013
60.000	111121.000	1.000	0.000	0.118	-0.013
61.000	112192.000	1.000	0.000	0.111	-0.013
62.000	113264.000	1.000	0.000	0.118	-0.013
63.000	114336.000	1.000	0.000	0.129	-0.013
64.000	115408.000	1.000	0.000	0.131	-0.013
65.000	116480.000	1.000	0.000	0.122	-0.013
66.000	117552.000	1.000	0.000	0.119	-0.013
67.000	118624.000	1.000	0.000	0.111	-0.013
68.000	119695.000	1.000	0.000	0.105	-0.013
69.000	120767.000	1.000	0.000	0.093	-0.013
70.000	121839.000	1.000	0.000	0.085	-0.013
71.000	122911.000	1.000	0.000	0.073	-0.013
72.000	123983.000	1.000	0.000	0.074	-0.013
73.000	125055.000	1.000	0.000	0.096	-0.013
74.000	126127.000	1.000	0.000	0.103	-0.013
75.000	127198.000	1.000	0.000	0.114	-0.013
76.000	128270.000	1.000	0.000	0.121	-0.013
77.000	129342.000	1.000	0.000	0.113	-0.013
78.000	130414.000	1.000	0.000	0.122	-0.013
79.000	131486.000	1.000	0.000	0.113	-0.013
80.000	132558.000	1.000	0.000	0.119	-0.013
81.000	133630.000	1.000	0.000	0.109	-0.013
82.000	134701.000	1.000	0.000	0.103	-0.013
83.000	135773.000	1.000	0.000	0.084	-0.013
84.000	136845.000	1.000	0.000	0.086	-0.013
85.000	137917.000	1.000	0.000	0.069	-0.013
86.000	138989.000	1.000	0.000	0.062	-0.013
87.000	140061.000	1.000	0.000	0.073	-0.013
88.000	141133.000	1.000	0.000	0.098	-0.013
89.000	142204.000	1.000	0.000	0.122	-0.013
90.000	143276.000	1.000	0.000	0.101	-0.013
91.000	144348.000	1.000	0.000	0.120	-0.013
92.000	145420.000	1.000	0.000	0.121	-0.013
93.000	146492.000	1.000	0.000	0.124	-0.013
94.000	147564.000	1.000	0.000	0.131	-0.013
95.000	148636.000	1.000	0.000	0.115	-0.013
96.000	149708.000	1.000	0.000	0.116	-0.013
97.000	150779.000	1.000	0.000	0.111	-0.013
98.000	151851.000	1.000	0.000	0.110	-0.013
99.000	152923.000	1.000	0.000	0.089	-0.013
100.000	153191.000	1.000	0.000	0.081	-0.013
101.000	152119.000	1.000	0.000	0.099	-0.013
102.000	151047.000	1.000	0.000	0.090	-0.013
103.000	149975.000	1.000	0.000	0.103	-0.013
104.000	148904.000	1.000	0.000	0.123	-0.013
105.000	147832.000	1.000	0.000	0.116	-0.013
106.000	146760.000	1.000	0.000	0.130	-0.013
107.000	145688.000	1.000	0.000	0.122	-0.013
108.000	144616.000	1.000	0.000	0.119	-0.013
109.000	143544.000	1.000	0.000	0.111	-0.013
110.000	142472.000	1.000	0.000	0.103	-0.013
111.000	141401.000	1.000	0.000	0.090	-0.013
112.000	140329.000	1.000	0.000	0.073	-0.013
113.000	139257.000	1.000	0.000	0.075	-0.013
114.000	138185.000	1.000	0.000	0.070	-0.013
115.000	137113.000	1.000	0.000	0.074	-0.013
116.000	136041.000	1.000	0.000	0.088	-0.013
117.000	134969.000	1.000	0.000	0.109	-0.013
118.000	133898.000	1.000	0.000	0.129	-0.013
119.000	132826.000	1.000	0.000	0.115	-0.013
120.000	131754.000	1.000	0.000	0.129	-0.013
121.000	130682.000	1.000	0.000	0.124	-0.013
122.000	129610.000	1.000	0.000	0.123	-0.013
123.000	128538.000	1.000	0.000	0.129	-0.013
124.000	127466.000	1.000	0.000	0.130	-0.013
125.000	126395.000	1.000	0.000	0.105	-0.013
126.000	125323.000	1.000	0.000	0.089	-0.013
127.000	124251.000	1.000	0.000	0.087	-0.013
128.000	123179.000	1.000	0.000	0.070	-0.013
129.000	122107.000	1.000	0.000	0.068	-0.013
130.000	121035.000	1.000	0.000	0.074	-0.013
131.000	119963.000	1.000	0.000	0.097	-0.013
132.000	118892.000	1.000	0.000	0.111	-0.013
133.000	117820.000	1.000	0.000	0.080	-0.013
134.000	116748.000	1.000	0.000	0.087	-0.013
135.000	115676.000	1.000	0.000	0.083	-0.013
136.000	114604.000	1.000	0.000	0.098	-0.013
137.000	113532.000	1.000	0.000	0.080	-0.013
138.000	112460.000	1.000	0.000	0.079	-0.013
139.000	111389.000	1.000	0.000	0.075	-0.013
140.000	110317.000	1.000	0.000	0.070	-0.013
141.000	109245.000	1.000	0.000	0.065	-0.013
142.000	108173.000	1.000	0.000	0.056	-0.013
143.000	107101.000	1.000	0.000	0.057	-0.013
144.000	106029.000	1.000	0.000	0.060	-0.013
145.000	104957.000	1.000	0.000	0.065	-0.013
146.000	103885.000	1.000	0.000	0.069	-0.013
147.000	102814.000	1.000	0.000	0.083	-0.013
148.000	101742.000	1.000	0.000	0.091	-0.013
149.000	100670.000	1.000	0.000	0.095	-0.013
150.000	99598.000	1.000	0.000	0.097	-0.013
151.000	98526.000	1.000	0.000	0.087	-0.013
152.000	97454.000	1.000	0.000	0.090	-0.013
153.000	96382.000	1.000	0.000	0.082	-0.013
154.000	95311.000	1.000	0.000	0.081	-0.013
155.000	94239.000	1.000	0.000	0.073	-0.013
156.000	93167.000	1.000	0.000	0.077	-0.013
157.000	92095.000	1.000	0.000	0.061	-0.013
158.000	91023.000	1.000	0.000	0.057	-0.013
159.000	89951.000	1.000	0.000	0.087	-0.013
160.000	88879.000	1.000	0.000	0.089	-0.013
161.000	87808.000	1.000	0.000	0.113	-0.013
162.000	86736.000	1.000	0.000	0.130	-0.013
163.000	85664.000	1.000	0.000	0.127	-0.013
164.000	84592.000	1.000	0.000	0.137	-0.013
165.000	83520.000	1.000	0.000	0.123	-0.013
166.000	82448.000	1.000	0.000	0.124	-0.013
167.000	81376.000	1.000	0.000	0.135	-0.013
168.000	80305.000	1.000	0.000	0.135	-0.013
169.000	79233.000	1.000	0.000	0.104	-0.013
170.000	78161.000	1.000	0.000	0.102	-0.013
171.000	77089.000	1.000	0.000	0.087	-0.013
172.000	76017.000	1.000	0.000	0.074	-0.013
173.000	74945.000	1.000	0.000	0.071	-0.013
174.000	73873.000	1.000	0.000	0.078	-0.013
175.000	72802.000	1.000	0.000	0.093	-0.013
176.000	71730.000	1.000	0.000	0.100	-0.013
177.000	70658.000	1.000	0.000	0.129	-0.013
178.000	69586.000	1.000	0.000	0.132	-0.013
179.000	68514.000	1.000	0.000	0.134	-0.013
180.000	67442.000	1.000	0.000	0.127	-0.013
181.000	66370.000	1.000	0.000	0.112	-0.013
182.000	65299.000	1.000	0.000	0.127	-0.013
183.000	64227.000	1.000	0.000	0.130	-0.013
184.000	63155.000	1.000	0.000	0.118	-0.013
185.000	62083.000	1.000	0.000	0.100	-0.013
186.000	61011.000	1.000	0.000	0.077	-0.013
187.000	59939.000	1.000	0.000	0.080	-0.013
188.000	58867.000	1.000	0.000	0.069	-0.013
189.000	57796.000	1.000	0.000	0.091	-0.013
190.000	56724.000	1.000	0.000	0.095	-0.013
191.000	55652.000	1.000	0.000	0.099	-0.013
192.000	54580.000	1.000	0.000	0.106	-0.013
193.000	53508.000	1.000	0.000	0.105	-0.013
194.000	52436.000	1.000	0.000	0.121	-0.013
195.000	51364.000	1.000	0.000	0.118	-0.013
196.000	50292.000	1.000	0.000	0.109	-0.013
197.000	49221.000	1.000	0.000	0.119	-0.013
198.000	48149.000	1.000	0.000	0.116	-0.013
199.000	47077.000	1.000	0.000	0.099	-0.013
200.000	47345.000	1.000	0.000	0.110	-0.013
201.000	48417.000	1.000	0.000	0.111	-0.013
202.000	49489.000	1.000	0.000	0.120	-0.013
203.000	50560.000	1.000	0.000	0.117	-0.013
204.000	51632.000	1.000	0.000	0.137	-0.013
205.000	52704.000	1.000	0.000	0.108	-0.013
206.000	53776.000	1.000	0.000	0.117	-0.013
207.000	54848.000	1.000	0.000	0.096	-0.013
208.000	55920.000	1.000	0.000	0.100	-0.013
209.000	56992.000	1.000	0.000	0.077	-0.013
210.000	58063.000	1.000	0.000	0.070	-0.013
211.000	59135.000	1.000	0.000	0.062	-0.013
212.000	60207.000	1.000	0.000	0.073	-0.013
213.000	61279.000	1.000	0.000	0.080	-0.013
214.000	62351.000	1.000	0.000	0.095	-0.013
215.000	63423.000	1.000	0.000	0.106	-0.013
216.000	64495.000	1.000	0.000	0.113	-0.013
217.000	65566.000	1.000	0.000	0.114	-0.013
218.000	66638.000	1.000	0.000	0.112	-0.013
219.000	67710.000	1.000	0.000	0.111	-0.013
220.000	68782.000	1.000	0.000	0.117	-0.013
221.000	69854.000	1.000	0.000	0.106	-0.013
222.000	70926.000	1.000	0.000	0.106	-0.013
223.000	71998.000	1.000	0.000	0.088	-0.013
224.000	73070.000	1.000	0.000	0.081	-0.013
225.000	74141.000	1.000	0.000	0.064	-0.013
226.000	75213.000	1.000	0.000	0.064	-0.013
227.000	76285.000	1.000	0.000	0.075	-0.013
228.000	77357.000	1.000	0.000	0.078	-0.013
229.000	78429.000	1.000	0.000	0.098	-0.013
230.000	79501.000	1.000	0.000	0.107	-0.013
231.000	80573.000	1.000	0.000	0.116	-0.013
232.000	81644.000	1.000	0.000	0.099	-0.013
233.000	82716.000	1.000	0.000	0.115	-0.013
234.000	83788.000	1.000	0.000	0.114	-0.013
235.000	84860.000	1.000	0.000	0.107	-0.013
236.000	85932.000	1.000	0.000	0.109	-0.013
237.000	87004.000	1.000	0.000	0.101	-0.013
238.000	88076.000	1.000	0.000	0.084	-0.013
239.000	89147.000	1.000	0.000	0.075	-0.013
240.000	90219.000	1.000	0.000	0.072	-0.013
241.000	91291.000	1.000	0.000	0.057	-0.013
242.000	92363.000	1.000	0.000	0.066	-0.013
243.000	93435.000	1.000	0.000	0.088	-0.013
244.000	94507.000	1.000	0.000	0.091	-0.013
245.000	95579.000	1.000	0.000	0.096	-0.013
246.000	96650.000	1.000	0.000	0.114	-0.013
247.000	97722.000	1.000	0.000	0.083	-0.013
248.000	98794.000	1.000	0.000	0.092	-0.013
249.000	99866.000	1.000	0.000	0.092	-0.013
250.000	100938.000	1.000	0.000	0.083	-0.013
251.000	102010.000	1.000	0.000	0.082	-0.013
252.000	103082.000	1.000	0.000	0.061	-0.013
253.000	104153.000	1.000	0.000	0.069	-0.013
254.000	105225.000	1.000	0.000	0.046	-0.013
255.000	106297.000	1.000	0.000	0.035	-0.013
256.000	107369.000	1.000	0.000	0.047	-0.013
257.000	108441.000	1.000	0.000	0.054	-0.013
258.000	109513.000	1.000	0.000	0.064	-0.013
259.000	110585.000	1.000	0.000	0.055	-0.013
260.000	111656.000	1.000	0.000	0.067	-0.013
261.000	112728.000	1.000	0.000	0.077	-0.013
262.000	113800.000	1.000	0.000	0.081	-0.013
263.000	114872.000	1.000	0.000	0.080	-0.013
264.000	115944.000	1.000	0.000	0.078	-0.013
265.000	117016.000	1.000	0.000	0.077	-0.013
266.000	118088.000	1.000	0.000	0.084	-0.013
267.000	119160.000	1.000	0.000	0.067	-0.013
268.000	120231.000	1.000	0.000	0.066	-0.013
269.000	121303.000	1.000	0.000	0.062	-0.013
270.000	122375.000	1.000	0.000	0.055	-0.013
271.000	123447.000	1.000	0.000	0.057	-0.013
272.000	124519.000	1.000	0.000	0.075	-0.013
273.000	125591.000	1.000	0.000	0.091	-0.013
274.000	126663.000	1.000	0.000	0.106	-0.013
275.000	127734.000	1.000	0.000	0.104	-0.013
276.000	128806.000	1.000	0.000	0.103	-0.013
277.000	129878.000	1.000	0.000	0.087	-0.013
278.000	130950.000	1.000	0.000	0.104	-0.013
279.000	132022.000	1.000	0.000	0.122	-0.013
280.000	133094.000	1.000	0.000	0.096	-0.013
281.000	134166.000	1.000	0.000	0.093	-0.013
282.000	135237.000	1.000	0.000	0.088	-0.013
283.000	136309.000	1.000	0.000	0.076	-0.013
284.000	137381.000	1.000	0.000	0.071	-0.013
285.000	138453.000	1.000	0.000	0.068	-0.013
286.000	139525.000	1.000	0.000	0.061	-0.013
287.000	140597.000	1.000	0.000	0.067	-0.013
288.000	141669.000	1.000	0.000	0.084	-0.013
289.000	142740.000	1.000	0.000	0.096	-0.013
290.000	143812.000	1.000	0.000	0.106	-0.013
291.000	144884.000	1.000	0.000	0.097	-0.013
292.000	145956.000	1.000	0.000	0.117	-0.013
293.000	147028.000	1.000	0.000	0.115	-0.013
294.000	148100.000	1.000	0.000	0.099	-0.013
295.000	149172.000	1.000	0.000	0.101	-0.013
296.000	150243.000	1.000	0.000	0.094	-0.013
297.000	151315.000	1.000	0.000	0.088	-0.013
298.000	152387.000	1.000	0.000	0.079	-0.013
299.000	152655.000	1.000	0.000	0.076	-0.013
300.000	151583.000	1.000	0.000	0.099	-0.013
301.000	150511.000	1.000	0.000	0.097	-0.013
302.000	149440.000	1.000	0.000	0.100	-0.013
303.000	148368.000	1.000	0.000	0.104	-0.013
304.000	147296.000	1.000	0.000	0.105	-0.013
305.000	146224.000	1.000	0.000	0.106	-0.013
306.000	145152.000	1.000	0.000	0.116	-0.013
307.000	144080.000	1.000	0.000	0.099	-0.013
308.000	143008.000	1.000	0.000	0.094	-0.013
309.000	141937.000	1.000	0.000	0.083	-0.013
310.000	140865.000	1.000	0.000	0.077	-0.013
311.000	139793.000	1.000	0.000	0.061	-0.013
312.000	138721.000	1.000	0.000	0.058	-0.013
313.000	137649.000	1.000	0.000	0.067	-0.013
314.000	136577.000	1.000	0.000	0.069	-0.013
315.000	135505.000	1.000	0.000	0.094	-0.013
316.000	134434.000	1.000	0.000	0.089	-0.013
317.000	133362.000	1.000	0.000	0.111	-0.013
318.000	132290.000	1.000	0.000	0.106	-0.013
319.000	131218.000	1.000	0.000	0.110	-0.013
320.000	130146.000	1.000	0.000	0.122	-0.013
321.000	129074.000	1.000	0.000	0.122	-0.013
322.000	128002.000	1.000	0.000	0.108	-0.013
323.000	126930.000	1.000	0.000	0.105	-0.013
324.000	125859.000	1.000	0.000	0.086	-0.013
325.000	124787.000	1.000	0.000	0.087	-0.013
326.000	123715.000	1.000	0.000	0.058	-0.013
327.000	122643.000	1.000	0.000	0.064	-0.013
328.000	121571.000	1.000	0.000	0.071	-0.013
329.000	120499.000	1.000	0.000	0.096	-0.013
330.000	119427.000	1.000	0.000	0.097	-0.013
331.000	118356.000	1.000	0.000	0.104	-0.013
332.000	117284.000	1.000	0.000	0.106	-0.013
333.000	116212.000	1.000	0.000	0.118	-0.013
334.000	115140.000	1.000	0.000	0.120	-0.013
335.000	114068.000	1.000	0.000	0.112	-0.013
336.000	112996.000	1.000	0.000	0.115	-0.013
337.000	111924.000	1.000	0.000	0.125	-0.013
338.000	110853.000	1.000	0.000	0.099	-0.013
339.000	109781.000	1.000	0.000	0.101	-0.013
340.000	108709.000	1.000	0.000	0.071	-0.013
341.000	107637.000	1.000	0.000	0.063	-0.013
342.000	106565.000	1.000	0.000	0.060	-0.013
343.000	105493.000	1.000	0.000	0.072	-0.013
344.000	104421.000	1.000	0.000	0.096	-0.013
345.000	103350.000	1.000	0.000	0.095	-0.013
346.000	102278.000	1.000	0.000	0.103	-0.013
347.000	101206.000	1.000	0.000	0.108	-0.013
348.000	100134.000	1.000	0.000	0.102	-0.013
349.000	99062.000	1.000	0.000	0.110	-0.013
350.000	97990.000	1.000	0.000	0.099	-0.013
351.000	96918.000	1.000	0.000	0.107	-0.013
352.000	95847.000	1.000	0.000	0.102	-0.013
353.000	94775.000	1.000	0.000	0.090	-0.013
354.000	93703.000	1.000	0.000	0.085	-0.013
355.000	92631.000	1.000	0.000	0.066	-0.013
356.000	91559.000	1.000	0.000	0.070	-0.013
357.000	90487.000	1.000	0.000	0.070	-0.013
358.000	89415.000	1.000	0.000	0.068	-0.013
359.000	88344.000	1.000	0.000	0.076	-0.013
360.000	87272.000	1.000	0.000	0.096	-0.013
361.000	86200.000	1.000	0.000	0.095	-0.013
362.000	85128.000	1.000	0.000	0.081	-0.013
363.000	84056.000	1.000	0.000	0.104	-0.013
364.000	82984.000	1.000	0.000	0.104	-0.013
365.000	81912.000	1.000	0.000	0.108	-0.013
366.000	80840.000	1.000	0.000	0.094	-0.013
367.000	79769.000	1.000	0.000	0.104	-0.013
368.000	78697.000	1.000	0.000	0.108	-0.013
369.000	77625.000	1.000	0.000	0.081	-0.013
370.000	76553.000	1.000	0.000	0.066	-0.013
371.000	75481.000	1.000	0.000	0.056	-0.013
372.000	74409.000	1.000	0.000	0.062	-0.013
373.000	73337.000	1.000	0.000	0.068	-0.013
374.000	72266.000	1.000	0.000	0.078	-0.013
375.000	71194.000	1.000	0.000	0.098	-0.013
376.000	70122.000	1.000	0.000	0.095	-0.013
377.000	69050.000	1.000	0.000	0.095	-0.013
378.000	67978.000	1.000	0.000	0.096	-0.013
379.000	66906.000	1.000	0.000	0.108	-0.013
380.000	65834.000	1.000	0.000	0.097	-0.013
381.000	64763.000	1.000	0.000	0.088	-0.013
382.000	63691.000	1.000	0.000	0.110	-0.013
383.000	62619.000	1.000	0.000	0.088	-0.013
384.000	61547.000	1.000	0.000	0.067	-0.013
385.000	60475.000	1.000	0.000	0.069	-0.013
386.000	59403.000	1.000	0.000	0.059	-0.013
387.000	58331.000	1.000	0.000	0.058	-0.013
388.000	57260.000	1.000	0.000	0.075	-0.013
389.000	56188.000	1.000	0.000	0.077	-0.013
390.000	55116.000	1.000	0.000	0.101	-0.013
391.000	54044.000	1.000	0.000	0.099	-0.013
392.000	52972.000	1.000	0.000	0.118	-0.013
393.000	51900.000	1.000	0.000	0.099	-0.013
394.000	50828.000	1.000	0.000	0.112	-0.013
395.000	49757.000	1.000	0.000	0.114	-0.013
396.000	48685.000	1.000	0.000	0.106	-0.013
397.000	47613.000	1.000	0.000	0.095	-0.013
