# Title: Dye Laser Frequency Scan, Depressed Limit
# Note:	Dye laser frequency scan to find the depressed ionization limit. SFIP with 150 VDC. Short (500 ns) integration gate. Started by using diode laser and Stark Broadening of 27f.
# Type:	Frequency
# Hittite Freq:	18513.1 MHz
# Hittite: Power	14 dBm
# Laser Freq:	NaN
# Laser Mod:	NaN
# Laser Mod Attn:	NaN
# MW Attn:	MAX
# Delay:	1000 ns
# MW Off:	20 ns
# Top w/o Static:	NaN
# Static:	NaN
# Static Off:	NaN
i	f	n	nb	s	sb
0	58.88	-0.0551978	-0.0560561	-0.00272174	-0.00758362	
1	58.78	-0.0551978	-0.0560561	-0.0093314	-0.00758362	
2	58.48	-0.0551978	-0.0560561	-0.00620743	-0.00758362	
3	58.08	-0.0551978	-0.0560561	-0.00847642	-0.00758362	
4	57.98	-0.0551978	-0.0560561	-0.00469477	-0.00758362	
5	57.58	-0.0551978	-0.0560561	-0.00328077	-0.00758362	
6	57.68	-0.0551978	-0.0560561	-0.0070953	-0.00758362	
7	57.18	-0.0551978	-0.0560561	-0.00624032	-0.00758362	
8	57.08	-0.0551978	-0.0560561	-0.00791739	-0.00758362	
9	56.78	-0.0551978	-0.0560561	-0.0123896	-0.00758362	
10	56.48	-0.0551978	-0.0560561	-0.00367537	-0.00758362	
11	56.08	-0.0551978	-0.0560561	-0.00610878	-0.00758362	
12	56.08	-0.0551978	-0.0560561	-0.00857507	-0.00758362	
13	55.58	-0.0551978	-0.0560561	-0.00459612	-0.00758362	
14	55.28	-0.0551978	-0.0560561	-0.00630608	-0.00758362	
15	54.98	-0.0551978	-0.0560561	-0.00617455	-0.00758362	
16	54.78	-0.0551978	-0.0560561	-0.0116662	-0.00758362	
17	54.28	-0.0551978	-0.0560561	-0.00785163	-0.00758362	
18	53.98	-0.0551978	-0.0560561	-0.00864084	-0.00758362	
19	53.48	-0.0551978	-0.0560561	-0.00890391	-0.00758362	
20	52.98	-0.0551978	-0.0560561	-0.0095287	-0.00758362	
21	52.48	-0.0551978	-0.0560561	-0.00584571	-0.00758362	
22	51.88	-0.0551978	-0.0560561	-0.00508938	-0.00758362	
23	51.38	-0.0551978	-0.0560561	-0.0050565	-0.00758362	
24	50.38	-0.0551978	-0.0560561	-0.00334654	-0.00758362	
25	49.98	-0.0551978	-0.0560561	-0.00127485	-0.00758362	
26	49.28	-0.0551978	-0.0560561	-0.00653627	-0.00758362	
27	48.58	-0.0551978	-0.0560561	-0.00620743	-0.00758362	
28	48.08	-0.0551978	-0.0560561	-0.0074899	-0.00758362	
29	47.38	-0.0551978	-0.0560561	-0.00508938	-0.00758362	
30	46.58	-0.0551978	-0.0560561	-0.00508938	-0.00758362	
31	45.78	-0.0551978	-0.0560561	-0.00564841	-0.00758362	
32	45.18	-0.0551978	-0.0560561	-0.0110085	-0.00758362	
33	44.18	-0.0551978	-0.0560561	-0.00716106	-0.00758362	
34	43.18	-0.0551978	-0.0560561	-0.00916698	-0.00758362	
35	42.88	-0.0551978	-0.0560561	-0.00571417	-0.00758362	
36	42.18	-0.0551978	-0.0560561	-0.00788451	-0.00758362	
37	41.28	-0.0551978	-0.0560561	-0.00577994	-0.00758362	
38	40.48	-0.0551978	-0.0560561	-0.00249155	-0.00758362	
39	39.68	-0.0551978	-0.0560561	-0.00551687	-0.00758362	
40	38.88	-0.0551978	-0.0560561	-0.00758856	-0.00758362	
41	38.08	-0.0551978	-0.0560561	-0.00696376	-0.00758362	
42	37.18	-0.0551978	-0.0560561	-0.00943005	-0.00758362	
43	36.38	-0.0551978	-0.0560561	-0.0042344	-0.00758362	
44	35.68	-0.0551978	-0.0560561	-0.00650339	-0.00758362	
45	34.88	-0.0551978	-0.0560561	-0.0105152	-0.00758362	
46	33.88	-0.0551978	-0.0560561	-0.00772009	-0.00758362	
47	33.28	-0.0551978	-0.0560561	-0.00406998	-0.00758362	
48	32.48	-0.0551978	-0.0560561	-0.00508938	-0.00758362	
49	31.78	-0.0551978	-0.0560561	-0.00752279	-0.00758362	
50	30.48	-0.0551978	-0.0560561	-0.00666781	-0.00758362	
51	29.38	-0.0551978	-0.0560561	-0.00939717	-0.00758362	
52	28.68	-0.0551978	-0.0560561	-0.00624032	-0.00758362	
53	27.98	-0.0551978	-0.0560561	-0.00548399	-0.00758362	
54	27.18	-0.0551978	-0.0560561	-0.0113044	-0.00758362	
55	26.28	-0.0551978	-0.0560561	-0.00489208	-0.00758362	
56	25.48	-0.0551978	-0.0560561	-0.0106468	-0.00758362	
57	24.98	-0.0551978	-0.0560561	-0.00597725	-0.00758362	
58	24.18	-0.0551978	-0.0560561	-0.0064705	-0.00758362	
59	23.48	-0.0551978	-0.0560561	-0.00890391	-0.00758362	
60	22.78	-0.0551978	-0.0560561	-0.00959447	-0.00758362	
61	22.08	-0.0551978	-0.0560561	-0.00719395	-0.00758362	
62	21.28	-0.0551978	-0.0560561	-0.0115017	-0.00758362	
63	20.58	-0.0551978	-0.0560561	-0.00712818	-0.00758362	
64	19.78	-0.0551978	-0.0560561	-0.0102521	-0.00758362	
65	18.78	-0.0551978	-0.0560561	-0.00331365	-0.00758362	
66	18.08	-0.0551978	-0.0560561	-0.0074899	-0.00758362	
67	17.38	-0.0551978	-0.0560561	-0.00969312	-0.00758362	
68	16.88	-0.0551978	-0.0560561	-0.00735837	-0.00758362	
69	15.28	-0.0551978	-0.0560561	-0.00827912	-0.00758362	
70	14.98	-0.0551978	-0.0560561	-0.00752279	-0.00758362	
71	14.18	-0.0551978	-0.0560561	-0.00679934	-0.00758362	
72	13.38	-0.0551978	-0.0560561	-0.0095287	-0.00758362	
73	12.68	-0.0551978	-0.0560561	-0.00847642	-0.00758362	
74	11.98	-0.0551978	-0.0560561	-0.00873949	-0.00758362	
75	11.08	-0.0551978	-0.0560561	-0.0074899	-0.00758362	
76	10.18	-0.0551978	-0.0560561	-0.0074899	-0.00758362	
77	9.28	-0.0551978	-0.0560561	-0.00653627	-0.00758362	
78	8.78	-0.0551978	-0.0560561	-0.00745702	-0.00758362	
79	7.68	-0.0551978	-0.0560561	-0.00186676	-0.00758362	
80	7.08	-0.0551978	-0.0560561	-0.00476054	-0.00758362	
81	6.18	-0.0551978	-0.0560561	-0.00380691	-0.00758362	
82	5.58	-0.0551978	-0.0560561	-0.00508938	-0.00758362	
83	4.58	-0.0551978	-0.0560561	-0.00630608	-0.00758362	
84	3.68	-0.0551978	-0.0560561	-0.00880526	-0.00758362	
85	2.78	-0.0551978	-0.0560561	-0.0095287	-0.00758362	
86	2.08	-0.0551978	-0.0560561	-0.00791739	-0.00758362	
87	1.18	-0.0551978	-0.0560561	-0.00222848	-0.00758362	
88	-0.02	-0.0551978	-0.0560561	-0.00656916	-0.00758362	
89	-0.72	-0.0551978	-0.0560561	-0.00614166	-0.00758362	
90	-1.82	-0.0551978	-0.0560561	-0.00278751	-0.00758362	
91	-2.52	-0.0551978	-0.0560561	-0.00298481	-0.00758362	
92	-3.22	-0.0551978	-0.0560561	-0.00305058	-0.00758362	
93	-3.92	-0.0551978	-0.0560561	-0.00466189	-0.00758362	
94	-4.92	-0.0551978	-0.0560561	-0.0054511	-0.00758362	
95	-5.62	-0.0551978	-0.0560561	-0.00502361	-0.00758362	
96	-6.42	-0.0551978	-0.0560561	-0.0081147	-0.00758362	
97	-7.32	-0.0551978	-0.0560561	-0.00354384	-0.00758362	
98	-7.92	-0.0551978	-0.0560561	-0.00893679	-0.00758362	
99	-8.92	-0.0551978	-0.0560561	-0.00630608	-0.00758362	
100	-9.82	-0.0551978	-0.0560561	-0.00788451	-0.00758362	
101	-10.72	-0.0551978	-0.0560561	-0.00670069	-0.00758362	
102	-11.22	-0.0551978	-0.0560561	-0.00439882	-0.00758362	
103	-12.22	-0.0551978	-0.0560561	-0.0116004	-0.00758362	
104	-12.82	-0.0551978	-0.0560561	-0.00821335	-0.00758362	
105	-13.82	-0.0551978	-0.0560561	-0.0113702	-0.00758362	
106	-15.32	-0.0551978	-0.0560561	-0.00758856	-0.00758362	
107	-16.12	-0.0551978	-0.0560561	-0.00860796	-0.00758362	
108	-16.72	-0.0551978	-0.0560561	-0.00262309	-0.00758362	
109	-17.32	-0.0551978	-0.0560561	-0.00696376	-0.00758362	
110	-18.12	-0.0551978	-0.0560561	-0.00577994	-0.00758362	
111	-18.52	-0.0551978	-0.0560561	-0.00594436	-0.00758362	
112	-19.32	-0.0551978	-0.0560561	-0.00383979	-0.00758362	
113	-19.82	-0.0551978	-0.0560561	-0.0052538	-0.00758362	
114	-20.92	-0.0551978	-0.0560561	-0.00601013	-0.00758362	
115	-21.12	-0.0551978	-0.0560561	-0.0054511	-0.00758362	
116	-22.22	-0.0551978	-0.0560561	-0.00518803	-0.00758362	
117	-23.02	-0.0551978	-0.0560561	-0.00656916	-0.00758362	
118	-23.82	-0.0551978	-0.0560561	-0.00571417	-0.00758362	
119	-24.62	-0.0551978	-0.0560561	-0.00624032	-0.00758362	
120	-25.42	-0.0551978	-0.0560561	-0.00499073	-0.00758362	
121	-26.42	-0.0551978	-0.0560561	-0.00765432	-0.00758362	
122	-27.12	-0.0551978	-0.0560561	-0.00522092	-0.00758362	
123	-28.02	-0.0551978	-0.0560561	-0.0081147	-0.00758362	
124	-28.92	-0.0551978	-0.0560561	-0.00357672	-0.00758362	
125	-30.42	-0.0551978	-0.0560561	-0.00232713	-0.00758362	
126	-31.02	-0.0551978	-0.0560561	-0.00390556	-0.00758362	
127	-32.32	-0.0551978	-0.0560561	-0.00328077	-0.00758362	
128	-33.02	-0.0551978	-0.0560561	-0.00558264	-0.00758362	
129	-34.12	-0.0551978	-0.0560561	-0.00551687	-0.00758362	
130	-35.42	-0.0551978	-0.0560561	-0.00383979	-0.00758362	
131	-36.22	-0.0551978	-0.0560561	-0.00275463	-0.00758362	
132	-37.22	-0.0551978	-0.0560561	-0.00393844	-0.00758362	
133	-38.02	-0.0551978	-0.0560561	-0.00459612	-0.00758362	
134	-39.02	-0.0551978	-0.0560561	-0.00568129	-0.00758362	
135	-39.72	-0.0551978	-0.0560561	-0.00683223	-0.00758362	
136	-40.62	-0.0551978	-0.0560561	-0.00778586	-0.00758362	
137	-41.52	-0.0551978	-0.0560561	-0.00439882	-0.00758362	
138	-42.52	-0.0551978	-0.0560561	-0.00354384	-0.00758362	
139	-43.02	-0.0551978	-0.0560561	-0.00367537	-0.00758362	
140	-44.02	-0.0551978	-0.0560561	-0.00344519	-0.00758362	
141	-44.42	-0.0551978	-0.0560561	-0.00410286	-0.00758362	
142	-45.92	-0.0551978	-0.0560561	-0.00173523	-0.00758362	
143	-46.42	-0.0551978	-0.0560561	-0.00268886	-0.00758362	
144	-47.82	-0.0551978	-0.0560561	0.00161893	-0.00758362	
145	-48.72	-0.0551978	-0.0560561	-0.00255732	-0.00758362	
146	-49.42	-0.0551978	-0.0560561	0.00385503	-0.00758362	
147	-50.02	-0.0551978	-0.0560561	-0.000781593	-0.00758362	
148	-50.72	-0.0551978	-0.0560561	-0.00318212	-0.00758362	
149	-51.92	-0.0551978	-0.0560561	0.000435111	-0.00758362	
150	-52.52	-0.0551978	-0.0560561	0.00428252	-0.00758362	
151	-53.02	-0.0551978	-0.0560561	0.0118458	-0.00758362	
152	-53.62	-0.0551978	-0.0560561	0.00563076	-0.00758362	
153	-54.82	-0.0551978	-0.0560561	0.00859031	-0.00758362	
154	-55.32	-0.0551978	-0.0560561	0.00727496	-0.00758362	
155	-55.62	-0.0551978	-0.0560561	0.0186528	-0.00758362	
156	-57.22	-0.0551978	-0.0560561	0.0159563	-0.00758362	
157	-57.72	-0.0551978	-0.0560561	0.0205272	-0.00758362	
158	-58.52	-0.0551978	-0.0560561	0.0172059	-0.00758362	
159	-59.32	-0.0551978	-0.0560561	0.0169428	-0.00758362	
160	-59.92	-0.0551978	-0.0560561	0.0244075	-0.00758362	
161	-60.92	-0.0551978	-0.0560561	0.0308527	-0.00758362	
162	-61.52	-0.0551978	-0.0560561	0.0368376	-0.00758362	
163	-62.32	-0.0551978	-0.0560561	0.0314117	-0.00758362	
164	-62.92	-0.0551978	-0.0560561	0.0336149	-0.00758362	
165	-63.82	-0.0551978	-0.0560561	0.0353249	-0.00758362	
166	-64.42	-0.0551978	-0.0560561	0.0396327	-0.00758362	
167	-65.32	-0.0551978	-0.0560561	0.0529178	-0.00758362	
168	-66.42	-0.0551978	-0.0560561	0.0472289	-0.00758362	
169	-66.92	-0.0551978	-0.0560561	0.0488731	-0.00758362	
170	-67.52	-0.0551978	-0.0560561	0.0537728	-0.00758362	
171	-68.72	-0.0551978	-0.0560561	0.0567652	-0.00758362	
172	-69.42	-0.0551978	-0.0560561	0.0604153	-0.00758362	
173	-70.22	-0.0551978	-0.0560561	0.0650848	-0.00758362	
174	-71.62	-0.0551978	-0.0560561	0.0657425	-0.00758362	
175	-72.32	-0.0551978	-0.0560561	0.0885639	-0.00758362	
176	-73.12	-0.0551978	-0.0560561	0.0890243	-0.00758362	
177	-73.82	-0.0551978	-0.0560561	0.0826448	-0.00758362	
178	-74.52	-0.0551978	-0.0560561	0.108097	-0.00758362	
179	-75.22	-0.0551978	-0.0560561	0.102638	-0.00758362	
180	-76.22	-0.0551978	-0.0560561	0.117008	-0.00758362	
181	-77.02	-0.0551978	-0.0560561	0.129537	-0.00758362	
182	-78.02	-0.0551978	-0.0560561	0.135917	-0.00758362	
183	-79.02	-0.0551978	-0.0560561	0.140849	-0.00758362	
184	-79.52	-0.0551978	-0.0560561	0.130228	-0.00758362	
185	-80.42	-0.0551978	-0.0560561	0.197673	-0.00758362	
186	-89.22	-0.0551978	-0.0560561	0.233418	-0.00758362	
187	-89.12	-0.0551978	-0.0560561	0.22273	-0.00758362	
188	-89.52	-0.0551978	-0.0560561	0.248084	-0.00758362	
189	-89.62	-0.0551978	-0.0560561	0.22786	-0.00758362	
190	-89.82	-0.0551978	-0.0560561	0.22352	-0.00758362	
191	-90.22	-0.0551978	-0.0560561	0.253444	-0.00758362	
192	-90.42	-0.0551978	-0.0560561	0.25078	-0.00758362	
193	-90.62	-0.0551978	-0.0560561	0.247623	-0.00758362	
194	-90.72	-0.0551978	-0.0560561	0.251833	-0.00758362	
195	-91.12	-0.0551978	-0.0560561	0.264559	-0.00758362	
196	-91.32	-0.0551978	-0.0560561	0.248577	-0.00758362	
197	-91.62	-0.0551978	-0.0560561	0.259758	-0.00758362	
198	-91.72	-0.0551978	-0.0560561	0.263572	-0.00758362	
199	-92.22	-0.0551978	-0.0560561	0.270675	-0.00758362	
200	-92.52	-0.0551978	-0.0560561	0.271958	-0.00758362	
201	-92.92	-0.0551978	-0.0560561	0.27176	-0.00758362	
202	-93.32	-0.0551978	-0.0560561	0.268669	-0.00758362	
203	-93.92	-0.0551978	-0.0560561	0.26663	-0.00758362	
204	-94.32	-0.0551978	-0.0560561	0.287051	-0.00758362	
205	-94.52	-0.0551978	-0.0560561	0.273569	-0.00758362	
206	-95.22	-0.0551978	-0.0560561	0.279948	-0.00758362	
207	-95.92	-0.0551978	-0.0560561	0.301224	-0.00758362	
208	-96.42	-0.0551978	-0.0560561	0.307703	-0.00758362	
209	-97.12	-0.0551978	-0.0560561	0.311583	-0.00758362	
210	-97.52	-0.0551978	-0.0560561	0.314838	-0.00758362	
211	-98.22	-0.0551978	-0.0560561	0.310169	-0.00758362	
212	-99.12	-0.0551978	-0.0560561	0.313457	-0.00758362	
213	-99.92	-0.0551978	-0.0560561	0.304315	-0.00758362	
214	-100.52	-0.0551978	-0.0560561	0.312964	-0.00758362	
215	-101.22	-0.0551978	-0.0560561	0.303756	-0.00758362	
216	-102.42	-0.0551978	-0.0560561	0.308163	-0.00758362	
217	-103.12	-0.0551978	-0.0560561	0.336049	-0.00758362	
218	-104.12	-0.0551978	-0.0560561	0.334766	-0.00758362	
219	-105.02	-0.0551978	-0.0560561	0.339468	-0.00758362	
220	-105.82	-0.0551978	-0.0560561	0.350123	-0.00758362	
221	-106.82	-0.0551978	-0.0560561	0.369426	-0.00758362	
222	-107.82	-0.0551978	-0.0560561	0.383237	-0.00758362	
223	-108.82	-0.0551978	-0.0560561	0.367519	-0.00758362	
224	-109.62	-0.0551978	-0.0560561	0.389518	-0.00758362	
225	-110.62	-0.0551978	-0.0560561	0.387446	-0.00758362	
226	-111.42	-0.0551978	-0.0560561	0.382218	-0.00758362	
227	-112.52	-0.0551978	-0.0560561	0.389452	-0.00758362	
228	-117.92	-0.0551978	-0.0560561	0.383434	-0.00758362	
229	-117.92	-0.0551978	-0.0560561	0.401784	-0.00758362	
230	-118.52	-0.0551978	-0.0560561	0.400172	-0.00758362	
231	-118.92	-0.0551978	-0.0560561	0.387611	-0.00758362	
232	-119.42	-0.0551978	-0.0560561	0.398528	-0.00758362	
233	-119.82	-0.0551978	-0.0560561	0.390274	-0.00758362	
234	-120.32	-0.0551978	-0.0560561	0.411123	-0.00758362	
235	-120.72	-0.0551978	-0.0560561	0.392412	-0.00758362	
236	-121.32	-0.0551978	-0.0560561	0.397969	-0.00758362	
237	-121.72	-0.0551978	-0.0560561	0.391425	-0.00758362	
238	-122.42	-0.0551978	-0.0560561	0.399219	-0.00758362	
239	-123.02	-0.0551978	-0.0560561	0.415332	-0.00758362	
240	-123.62	-0.0551978	-0.0560561	0.407308	-0.00758362	
241	-124.42	-0.0551978	-0.0560561	0.378206	-0.00758362	
242	-125.22	-0.0551978	-0.0560561	0.388236	-0.00758362	
243	-125.82	-0.0551978	-0.0560561	0.410926	-0.00758362	
244	-126.62	-0.0551978	-0.0560561	0.393365	-0.00758362	
245	-127.52	-0.0551978	-0.0560561	0.385671	-0.00758362	
246	-128.32	-0.0551978	-0.0560561	0.403494	-0.00758362	
247	-129.02	-0.0551978	-0.0560561	0.394582	-0.00758362	
248	-129.92	-0.0551978	-0.0560561	0.422172	-0.00758362	
249	-130.92	-0.0551978	-0.0560561	0.402672	-0.00758362	
250	-131.22	-0.0551978	-0.0560561	0.415398	-0.00758362	
251	-132.42	-0.0551978	-0.0560561	0.415661	-0.00758362	
252	-133.52	-0.0551978	-0.0560561	0.409018	-0.00758362	
253	-134.02	-0.0551978	-0.0560561	0.421744	-0.00758362	
254	-135.02	-0.0551978	-0.0560561	0.4494	-0.00758362	
255	-135.72	-0.0551978	-0.0560561	0.397016	-0.00758362	
256	-136.72	-0.0551978	-0.0560561	0.429604	-0.00758362	
257	-137.42	-0.0551978	-0.0560561	0.415595	-0.00758362	
258	-138.42	-0.0551978	-0.0560561	0.417601	-0.00758362	
259	-139.32	-0.0551978	-0.0560561	0.420265	-0.00758362	
260	-140.02	-0.0551978	-0.0560561	0.408953	-0.00758362	
261	-140.92	-0.0551978	-0.0560561	0.434734	-0.00758362	
262	-141.62	-0.0551978	-0.0560561	0.41816	-0.00758362	
263	-142.72	-0.0551978	-0.0560561	0.413293	-0.00758362	
264	-143.42	-0.0551978	-0.0560561	0.403954	-0.00758362	
265	-144.42	-0.0551978	-0.0560561	0.401455	-0.00758362	
266	-145.32	-0.0551978	-0.0560561	0.413556	-0.00758362	
267	-146.12	-0.0551978	-0.0560561	0.39547	-0.00758362	
268	-146.82	-0.0551978	-0.0560561	0.403954	-0.00758362	
269	-148.12	-0.0551978	-0.0560561	0.387578	-0.00758362	
270	-148.72	-0.0551978	-0.0560561	0.401126	-0.00758362	
271	-149.22	-0.0551978	-0.0560561	0.403033	-0.00758362	
272	-150.32	-0.0551978	-0.0560561	0.405467	-0.00758362	
273	-151.02	-0.0551978	-0.0560561	0.412175	-0.00758362	
274	-151.72	-0.0551978	-0.0560561	0.40619	-0.00758362	
275	-152.62	-0.0551978	-0.0560561	0.403691	-0.00758362	
276	-153.52	-0.0551978	-0.0560561	0.400764	-0.00758362	
277	-154.02	-0.0551978	-0.0560561	0.396194	-0.00758362	
278	-155.02	-0.0551978	-0.0560561	0.398463	-0.00758362	
279	-155.32	-0.0551978	-0.0560561	0.402441	-0.00758362	
280	-156.32	-0.0551978	-0.0560561	0.417437	-0.00758362	
281	-157.32	-0.0551978	-0.0560561	0.400074	-0.00758362	
282	-157.92	-0.0551978	-0.0560561	0.404645	-0.00758362	
283	-158.62	-0.0551978	-0.0560561	0.404513	-0.00758362	
284	-159.62	-0.0551978	-0.0560561	0.392083	-0.00758362	
285	-160.12	-0.0551978	-0.0560561	0.386032	-0.00758362	
286	-161.62	-0.0551978	-0.0560561	0.390505	-0.00758362	
287	-162.32	-0.0551978	-0.0560561	0.401027	-0.00758362	
288	-163.22	-0.0551978	-0.0560561	0.382382	-0.00758362	
289	-163.82	-0.0551978	-0.0560561	0.388893	-0.00758362	
290	-164.62	-0.0551978	-0.0560561	0.367782	-0.00758362	
291	-165.72	-0.0551978	-0.0560561	0.352852	-0.00758362	
292	-166.32	-0.0551978	-0.0560561	0.386394	-0.00758362	
293	-167.02	-0.0551978	-0.0560561	0.383467	-0.00758362	
294	-167.52	-0.0551978	-0.0560561	0.384257	-0.00758362	
295	-168.52	-0.0551978	-0.0560561	0.376299	-0.00758362	
296	-169.52	-0.0551978	-0.0560561	0.378666	-0.00758362	
297	-170.42	-0.0551978	-0.0560561	0.37232	-0.00758362	
298	-171.32	-0.0551978	-0.0560561	0.364888	-0.00758362	
299	-172.12	-0.0551978	-0.0560561	0.372155	-0.00758362	
300	-172.92	-0.0551978	-0.0560561	0.358541	-0.00758362	
301	-173.52	-0.0551978	-0.0560561	0.37962	-0.00758362	
302	-174.72	-0.0551978	-0.0560561	0.358804	-0.00758362	
303	-175.82	-0.0551978	-0.0560561	0.361369	-0.00758362	
304	-176.72	-0.0551978	-0.0560561	0.372813	-0.00758362	
305	-177.62	-0.0551978	-0.0560561	0.361468	-0.00758362	
306	-178.92	-0.0551978	-0.0560561	0.377384	-0.00758362	
307	-179.82	-0.0551978	-0.0560561	0.360909	-0.00758362	
308	-180.82	-0.0551978	-0.0560561	0.385506	-0.00758362	
309	-181.62	-0.0551978	-0.0560561	0.355713	-0.00758362	
310	-182.62	-0.0551978	-0.0560561	0.370873	-0.00758362	
311	-183.42	-0.0551978	-0.0560561	0.353017	-0.00758362	
312	-184.42	-0.0551978	-0.0560561	0.361172	-0.00758362	
313	-185.12	-0.0551978	-0.0560561	0.384585	-0.00758362	
314	-185.82	-0.0551978	-0.0560561	0.354957	-0.00758362	
315	-186.82	-0.0551978	-0.0560561	0.353313	-0.00758362	
316	-187.62	-0.0551978	-0.0560561	0.374227	-0.00758362	
317	-188.52	-0.0551978	-0.0560561	0.365151	-0.00758362	
318	-189.32	-0.0551978	-0.0560561	0.369393	-0.00758362	
319	-190.42	-0.0551978	-0.0560561	0.349399	-0.00758362	
320	-191.32	-0.0551978	-0.0560561	0.368472	-0.00758362	
321	-192.02	-0.0551978	-0.0560561	0.371202	-0.00758362	
322	-192.62	-0.0551978	-0.0560561	0.348512	-0.00758362	
323	-193.92	-0.0551978	-0.0560561	0.325263	-0.00758362	
324	-194.52	-0.0551978	-0.0560561	0.345453	-0.00758362	
325	-195.42	-0.0551978	-0.0560561	0.345552	-0.00758362	
326	-196.42	-0.0551978	-0.0560561	0.327038	-0.00758362	
327	-197.32	-0.0551978	-0.0560561	0.338844	-0.00758362	
328	-198.12	-0.0551978	-0.0560561	0.318357	-0.00758362	
329	-198.92	-0.0551978	-0.0560561	0.322139	-0.00758362	
330	-199.92	-0.0551978	-0.0560561	0.307966	-0.00758362	
331	-200.82	-0.0551978	-0.0560561	0.329472	-0.00758362	
332	-201.82	-0.0551978	-0.0560561	0.305664	-0.00758362	
333	-202.72	-0.0551978	-0.0560561	0.327926	-0.00758362	
334	-203.72	-0.0551978	-0.0560561	0.342231	-0.00758362	
335	-204.42	-0.0551978	-0.0560561	0.358015	-0.00758362	
336	-205.32	-0.0551978	-0.0560561	0.345749	-0.00758362	
337	-206.22	-0.0551978	-0.0560561	0.338581	-0.00758362	
338	-206.92	-0.0551978	-0.0560561	0.323191	-0.00758362	
339	-207.72	-0.0551978	-0.0560561	0.322336	-0.00758362	
340	-208.82	-0.0551978	-0.0560561	0.310728	-0.00758362	
341	-209.62	-0.0551978	-0.0560561	0.313161	-0.00758362	
342	-210.62	-0.0551978	-0.0560561	0.321053	-0.00758362	
343	-211.42	-0.0551978	-0.0560561	0.323947	-0.00758362	
344	-212.52	-0.0551978	-0.0560561	0.317206	-0.00758362	
345	-213.12	-0.0551978	-0.0560561	0.310761	-0.00758362	
346	-214.22	-0.0551978	-0.0560561	0.329932	-0.00758362	
347	-220.92	-0.0551978	-0.0560561	0.309018	-0.00758362	
348	-220.82	-0.0551978	-0.0560561	0.308064	-0.00758362	
349	-221.22	-0.0551978	-0.0560561	0.286361	-0.00758362	
350	-221.52	-0.0551978	-0.0560561	0.288959	-0.00758362	
351	-221.92	-0.0551978	-0.0560561	0.291261	-0.00758362	
352	-222.32	-0.0551978	-0.0560561	0.297772	-0.00758362	
353	-222.82	-0.0551978	-0.0560561	0.307703	-0.00758362	
354	-223.52	-0.0551978	-0.0560561	0.304348	-0.00758362	
355	-224.02	-0.0551978	-0.0560561	0.29376	-0.00758362	
356	-224.52	-0.0551978	-0.0560561	0.311418	-0.00758362	
357	-225.32	-0.0551978	-0.0560561	0.297607	-0.00758362	
358	-225.92	-0.0551978	-0.0560561	0.311813	-0.00758362	
359	-226.82	-0.0551978	-0.0560561	0.301981	-0.00758362	
360	-227.32	-0.0551978	-0.0560561	0.289156	-0.00758362	
361	-227.92	-0.0551978	-0.0560561	0.321086	-0.00758362	
362	-228.62	-0.0551978	-0.0560561	0.308722	-0.00758362	
363	-229.32	-0.0551978	-0.0560561	0.290833	-0.00758362	
364	-230.12	-0.0551978	-0.0560561	0.309939	-0.00758362	
365	-230.52	-0.0551978	-0.0560561	0.297048	-0.00758362	
366	-231.22	-0.0551978	-0.0560561	0.314148	-0.00758362	
367	-232.42	-0.0551978	-0.0560561	0.298166	-0.00758362	
368	-232.92	-0.0551978	-0.0560561	0.309643	-0.00758362	
369	-233.82	-0.0551978	-0.0560561	0.305631	-0.00758362	
370	-234.32	-0.0551978	-0.0560561	0.287084	-0.00758362	
371	-235.22	-0.0551978	-0.0560561	0.302014	-0.00758362	
372	-236.12	-0.0551978	-0.0560561	0.294615	-0.00758362	
373	-236.92	-0.0551978	-0.0560561	0.300797	-0.00758362	
374	-237.62	-0.0551978	-0.0560561	0.28304	-0.00758362	
375	-238.42	-0.0551978	-0.0560561	0.303428	-0.00758362	
376	-239.12	-0.0551978	-0.0560561	0.287808	-0.00758362	
377	-239.82	-0.0551978	-0.0560561	0.289945	-0.00758362	
378	-240.62	-0.0551978	-0.0560561	0.299054	-0.00758362	
379	-241.42	-0.0551978	-0.0560561	0.274654	-0.00758362	
380	-242.62	-0.0551978	-0.0560561	0.288038	-0.00758362	
381	-243.32	-0.0551978	-0.0560561	0.295897	-0.00758362	
382	-244.12	-0.0551978	-0.0560561	0.28738	-0.00758362	
383	-244.82	-0.0551978	-0.0560561	0.282316	-0.00758362	
384	-245.62	-0.0551978	-0.0560561	0.285868	-0.00758362	
385	-246.32	-0.0551978	-0.0560561	0.280968	-0.00758362	
386	-247.32	-0.0551978	-0.0560561	0.300797	-0.00758362	
387	-248.12	-0.0551978	-0.0560561	0.305598	-0.00758362	
388	-248.92	-0.0551978	-0.0560561	0.312635	-0.00758362	
389	-249.72	-0.0551978	-0.0560561	0.312865	-0.00758362	
390	-250.62	-0.0551978	-0.0560561	0.306848	-0.00758362	
391	-251.72	-0.0551978	-0.0560561	0.305466	-0.00758362	
392	-252.52	-0.0551978	-0.0560561	0.334602	-0.00758362	
393	-253.92	-0.0551978	-0.0560561	0.324375	-0.00758362	
394	-254.92	-0.0551978	-0.0560561	0.312109	-0.00758362	
395	-256.12	-0.0551978	-0.0560561	0.308294	-0.00758362	
396	-256.82	-0.0551978	-0.0560561	0.277679	-0.00758362	
397	-258.12	-0.0551978	-0.0560561	0.298133	-0.00758362	
398	-259.12	-0.0551978	-0.0560561	0.316285	-0.00758362	
399	-260.42	-0.0551978	-0.0560561	0.297739	-0.00758362	
400	-261.22	-0.0551978	-0.0560561	0.289485	-0.00758362	
401	-262.52	-0.0551978	-0.0560561	0.306584	-0.00758362	
402	-263.22	-0.0551978	-0.0560561	0.285868	-0.00758362	
403	-264.12	-0.0551978	-0.0560561	0.304644	-0.00758362	
404	-265.42	-0.0551978	-0.0560561	0.308262	-0.00758362	
405	-266.22	-0.0551978	-0.0560561	0.269721	-0.00758362	
406	-267.22	-0.0551978	-0.0560561	0.295305	-0.00758362	
407	-268.12	-0.0551978	-0.0560561	0.294713	-0.00758362	
408	-269.32	-0.0551978	-0.0560561	0.297311	-0.00758362	
409	-269.92	-0.0551978	-0.0560561	0.296785	-0.00758362	
410	-270.62	-0.0551978	-0.0560561	0.303	-0.00758362	
411	-272.02	-0.0551978	-0.0560561	0.285769	-0.00758362	
412	-272.62	-0.0551978	-0.0560561	0.297508	-0.00758362	
413	-273.22	-0.0551978	-0.0560561	0.292017	-0.00758362	
414	-274.32	-0.0551978	-0.0560561	0.302441	-0.00758362	
415	-275.22	-0.0551978	-0.0560561	0.320198	-0.00758362	
416	-276.12	-0.0551978	-0.0560561	0.29445	-0.00758362	
417	-277.22	-0.0551978	-0.0560561	0.29057	-0.00758362	
418	-277.92	-0.0551978	-0.0560561	0.291556	-0.00758362	
419	-278.72	-0.0551978	-0.0560561	0.291359	-0.00758362	
420	-279.72	-0.0551978	-0.0560561	0.315036	-0.00758362	
421	-280.82	-0.0551978	-0.0560561	0.318028	-0.00758362	
422	-281.62	-0.0551978	-0.0560561	0.302178	-0.00758362	
423	-282.22	-0.0551978	-0.0560561	0.299975	-0.00758362	
424	-283.42	-0.0551978	-0.0560561	0.299284	-0.00758362	
425	-284.12	-0.0551978	-0.0560561	0.299449	-0.00758362	
426	-285.02	-0.0551978	-0.0560561	0.311813	-0.00758362	
427	-285.72	-0.0551978	-0.0560561	0.321876	-0.00758362	
428	-286.62	-0.0551978	-0.0560561	0.276068	-0.00758362	
429	-287.52	-0.0551978	-0.0560561	0.289583	-0.00758362	
430	-288.22	-0.0551978	-0.0560561	0.298528	-0.00758362	
431	-289.02	-0.0551978	-0.0560561	0.29981	-0.00758362	
432	-289.92	-0.0551978	-0.0560561	0.32444	-0.00758362	
433	-290.62	-0.0551978	-0.0560561	0.307966	-0.00758362	
434	-291.42	-0.0551978	-0.0560561	0.315364	-0.00758362	
435	-292.22	-0.0551978	-0.0560561	0.289123	-0.00758362	
436	-293.12	-0.0551978	-0.0560561	0.302178	-0.00758362	
437	-293.62	-0.0551978	-0.0560561	0.276463	-0.00758362	
438	-294.62	-0.0551978	-0.0560561	0.294648	-0.00758362	
439	-295.42	-0.0551978	-0.0560561	0.313655	-0.00758362	
440	-296.22	-0.0551978	-0.0560561	0.301027	-0.00758362	
441	-297.02	-0.0551978	-0.0560561	0.310794	-0.00758362	
442	-297.82	-0.0551978	-0.0560561	0.286262	-0.00758362	
443	-298.92	-0.0551978	-0.0560561	0.307966	-0.00758362	
444	-299.92	-0.0551978	-0.0560561	0.312208	-0.00758362	
445	-300.62	-0.0551978	-0.0560561	0.319672	-0.00758362	
446	-301.52	-0.0551978	-0.0560561	0.342888	-0.00758362	
447	-302.52	-0.0551978	-0.0560561	0.319902	-0.00758362	
448	-303.42	-0.0551978	-0.0560561	0.296982	-0.00758362	
449	-304.42	-0.0551978	-0.0560561	0.312865	-0.00758362	
450	-305.32	-0.0551978	-0.0560561	0.323092	-0.00758362	
451	-306.22	-0.0551978	-0.0560561	0.336509	-0.00758362	
452	-306.82	-0.0551978	-0.0560561	0.339271	-0.00758362	
453	-308.22	-0.0551978	-0.0560561	0.333089	-0.00758362	
454	-308.82	-0.0551978	-0.0560561	0.331511	-0.00758362	
455	-309.62	-0.0551978	-0.0560561	0.306848	-0.00758362	
456	-310.22	-0.0551978	-0.0560561	0.281165	-0.00758362	
457	-311.22	-0.0551978	-0.0560561	0.32694	-0.00758362	
458	-311.92	-0.0551978	-0.0560561	0.3445	-0.00758362	
459	-312.82	-0.0551978	-0.0560561	0.329603	-0.00758362	
460	-313.62	-0.0551978	-0.0560561	0.313227	-0.00758362	
461	-314.52	-0.0551978	-0.0560561	0.308492	-0.00758362	
462	-315.12	-0.0551978	-0.0560561	0.300896	-0.00758362	
463	-320.42	-0.0551978	-0.0560561	0.338087	-0.00758362	
464	-320.72	-0.0551978	-0.0560561	0.339074	-0.00758362	
465	-320.92	-0.0551978	-0.0560561	0.335161	-0.00758362	
466	-321.52	-0.0551978	-0.0560561	0.314049	-0.00758362	
467	-322.02	-0.0551978	-0.0560561	0.317338	-0.00758362	
468	-322.72	-0.0551978	-0.0560561	0.299646	-0.00758362	
469	-323.32	-0.0551978	-0.0560561	0.322928	-0.00758362	
470	-323.82	-0.0551978	-0.0560561	0.320988	-0.00758362	
471	-324.52	-0.0551978	-0.0560561	0.337594	-0.00758362	
472	-324.82	-0.0551978	-0.0560561	0.35716	-0.00758362	
473	-325.92	-0.0551978	-0.0560561	0.342428	-0.00758362	
474	-326.82	-0.0551978	-0.0560561	0.352819	-0.00758362	
475	-327.42	-0.0551978	-0.0560561	0.321612	-0.00758362	
476	-328.12	-0.0551978	-0.0560561	0.317272	-0.00758362	
477	-329.22	-0.0551978	-0.0560561	0.299054	-0.00758362	
478	-329.92	-0.0551978	-0.0560561	0.311681	-0.00758362	
479	-331.02	-0.0551978	-0.0560561	0.324079	-0.00758362	
480	-332.02	-0.0551978	-0.0560561	0.357029	-0.00758362	
481	-333.12	-0.0551978	-0.0560561	0.37301	-0.00758362	
482	-333.82	-0.0551978	-0.0560561	0.362093	-0.00758362	
483	-335.12	-0.0551978	-0.0560561	0.320757	-0.00758362	
484	-336.22	-0.0551978	-0.0560561	0.319475	-0.00758362	
485	-337.02	-0.0551978	-0.0560561	0.310432	-0.00758362	
486	-338.22	-0.0551978	-0.0560561	0.32352	-0.00758362	
487	-338.92	-0.0551978	-0.0560561	0.363441	-0.00758362	
488	-340.12	-0.0551978	-0.0560561	0.375279	-0.00758362	
489	-341.02	-0.0551978	-0.0560561	0.370116	-0.00758362	
490	-342.02	-0.0551978	-0.0560561	0.349564	-0.00758362	
491	-342.92	-0.0551978	-0.0560561	0.328781	-0.00758362	
492	-344.02	-0.0551978	-0.0560561	0.333188	-0.00758362	
493	-344.82	-0.0551978	-0.0560561	0.297837	-0.00758362	
494	-345.42	-0.0551978	-0.0560561	0.313819	-0.00758362	
495	-346.32	-0.0551978	-0.0560561	0.357094	-0.00758362	
496	-347.42	-0.0551978	-0.0560561	0.367584	-0.00758362	
497	-348.02	-0.0551978	-0.0560561	0.379719	-0.00758362	
498	-349.02	-0.0551978	-0.0560561	0.374523	-0.00758362	
499	-349.92	-0.0551978	-0.0560561	0.350189	-0.00758362	
500	-350.62	-0.0551978	-0.0560561	0.31349	-0.00758362	
501	-351.62	-0.0551978	-0.0560561	0.276331	-0.00758362	
502	-352.32	-0.0551978	-0.0560561	0.303559	-0.00758362	
503	-353.52	-0.0551978	-0.0560561	0.329801	-0.00758362	
504	-354.12	-0.0551978	-0.0560561	0.375049	-0.00758362	
505	-354.92	-0.0551978	-0.0560561	0.42717	-0.00758362	
506	-356.12	-0.0551978	-0.0560561	0.389025	-0.00758362	
507	-356.92	-0.0551978	-0.0560561	0.382053	-0.00758362	
508	-357.62	-0.0551978	-0.0560561	0.321678	-0.00758362	
509	-358.42	-0.0551978	-0.0560561	0.312241	-0.00758362	
510	-359.52	-0.0551978	-0.0560561	0.308623	-0.00758362	
511	-360.12	-0.0551978	-0.0560561	0.339107	-0.00758362	
512	-360.72	-0.0551978	-0.0560561	0.362191	-0.00758362	
513	-361.72	-0.0551978	-0.0560561	0.379883	-0.00758362	
514	-362.42	-0.0551978	-0.0560561	0.437364	-0.00758362	
515	-363.32	-0.0551978	-0.0560561	0.410531	-0.00758362	
516	-363.92	-0.0551978	-0.0560561	0.40014	-0.00758362	
517	-364.92	-0.0551978	-0.0560561	0.351373	-0.00758362	
518	-365.72	-0.0551978	-0.0560561	0.325394	-0.00758362	
519	-366.42	-0.0551978	-0.0560561	0.322665	-0.00758362	
520	-367.22	-0.0551978	-0.0560561	0.324506	-0.00758362	
521	-368.32	-0.0551978	-0.0560561	0.354431	-0.00758362	
522	-369.12	-0.0551978	-0.0560561	0.405565	-0.00758362	
523	-369.72	-0.0551978	-0.0560561	0.41451	-0.00758362	
524	-370.82	-0.0551978	-0.0560561	0.409446	-0.00758362	
525	-371.52	-0.0551978	-0.0560561	0.40231	-0.00758362	
526	-372.32	-0.0551978	-0.0560561	0.34792	-0.00758362	
527	-373.22	-0.0551978	-0.0560561	0.302507	-0.00758362	
528	-374.22	-0.0551978	-0.0560561	0.279159	-0.00758362	
529	-375.02	-0.0551978	-0.0560561	0.291096	-0.00758362	
530	-375.92	-0.0551978	-0.0560561	0.364658	-0.00758362	
531	-376.92	-0.0551978	-0.0560561	0.406256	-0.00758362	
532	-377.62	-0.0551978	-0.0560561	0.435194	-0.00758362	
533	-378.32	-0.0551978	-0.0560561	0.408229	-0.00758362	
534	-379.12	-0.0551978	-0.0560561	0.391228	-0.00758362	
535	-380.22	-0.0551978	-0.0560561	0.343349	-0.00758362	
536	-380.82	-0.0551978	-0.0560561	0.323092	-0.00758362	
537	-381.62	-0.0551978	-0.0560561	0.314608	-0.00758362	
538	-382.52	-0.0551978	-0.0560561	0.321415	-0.00758362	
539	-383.42	-0.0551978	-0.0560561	0.346966	-0.00758362	
540	-384.12	-0.0551978	-0.0560561	0.403165	-0.00758362	
541	-385.02	-0.0551978	-0.0560561	0.468012	-0.00758362	
542	-385.82	-0.0551978	-0.0560561	0.472551	-0.00758362	
543	-386.62	-0.0551978	-0.0560561	0.426217	-0.00758362	
544	-387.42	-0.0551978	-0.0560561	0.393629	-0.00758362	
545	-388.32	-0.0551978	-0.0560561	0.348018	-0.00758362	
546	-389.52	-0.0551978	-0.0560561	0.301455	-0.00758362	
547	-390.22	-0.0551978	-0.0560561	0.410432	-0.00758362	
548	-396.72	-0.0551978	-0.0560561	0.369722	-0.00758362	
