-0.013
-0.018
-0.018
-0.011
-0.009
-0.014
-0.012
-0.011
-0.012
-0.011
-0.011
-0.011
-0.024
-0.023
-0.018
-0.015
-0.028
-0.022
-0.016
-0.016
-0.015
-0.018
-0.014
-0.017
-0.013
-0.011
-0.011
-0.017
-0.021
-0.026
-0.020
-0.016
-0.015
-0.011
-0.011
-0.015
-0.011
-0.003
-0.006
-0.007
-0.011
-0.012
-0.008
-0.003
-0.020
-0.024
-0.015
-0.016
-0.019
-0.012
-0.015
-0.026
-0.020
-0.024
-0.018
-0.017
-0.026
-0.027
-0.020
-0.022
-0.031
-0.030
-0.023
-0.019
-0.016
-0.028
-0.032
-0.025
-0.023
-0.029
-0.017
-0.028
-0.028
-0.018
-0.020
-0.023
-0.020
-0.019
-0.024
-0.020
-0.014
-0.011
-0.008
-0.023
-0.029
-0.023
-0.024
-0.023
-0.015
-0.024
-0.026
-0.027
-0.028
-0.021
-0.034
-0.030
-0.021
-0.011
-0.015
-0.018
-0.015
-0.017
-0.019
-0.015
-0.019
-0.026
-0.023
-0.018
-0.025
-0.030
-0.038
-0.030
-0.031
-0.020
-0.021
-0.020
-0.027
-0.025
-0.017
-0.014
-0.010
-0.008
-0.017
-0.029
-0.026
-0.017
-0.014
-0.024
-0.038
-0.027
-0.017
-0.012
-0.021
-0.038
-0.038
-0.035
-0.039
-0.039
-0.031
-0.034
-0.025
-0.015
-0.016
-0.022
-0.035
-0.032
-0.022
-0.021
-0.030
-0.030
-0.037
-0.033
-0.030
-0.027
-0.027
-0.031
-0.032
-0.032
-0.038
-0.048
-0.043
-0.041
-0.035
-0.032
-0.019
-0.027
-0.044
-0.036
-0.039
-0.038
-0.038
-0.033
-0.024
-0.028
-0.034
-0.038
-0.031
-0.026
-0.036
-0.041
-0.042
-0.037
-0.032
-0.037
-0.043
-0.040
-0.040
-0.040
-0.047
-0.043
-0.048
-0.042
-0.044
-0.042
-0.058
-0.063
-0.053
-0.047
-0.046
-0.054
-0.050
-0.037
-0.046
-0.034
-0.031
-0.049
-0.048
-0.047
-0.038
-0.043
-0.049
-0.047
-0.040
-0.034
-0.025
-0.033
-0.035
-0.036
-0.038
-0.041
-0.043
-0.044
-0.052
-0.059
-0.061
-0.057
-0.058
-0.067
-0.074
-0.067
-0.055
-0.053
-0.048
-0.057
-0.056
-0.071
-0.074
-0.059
-0.048
-0.060
-0.062
-0.060
-0.058
-0.052
-0.055
-0.058
-0.056
-0.048
-0.053
-0.058
-0.074
-0.080
-0.084
-0.081
-0.075
-0.081
-0.081
-0.091
-0.091
-0.091
-0.090
-0.084
-0.075
-0.069
-0.064
-0.072
-0.077
-0.080
-0.071
-0.078
-0.064
-0.064
-0.070
-0.083
-0.071
-0.075
-0.068
-0.072
-0.076
-0.078
-0.073
-0.074
-0.075
-0.080
-0.081
-0.074
-0.074
-0.081
-0.067
-0.081
-0.084
-0.091
-0.083
-0.082
-0.084
-0.089
-0.080
-0.081
-0.088
-0.091
-0.098
-0.092
-0.084
-0.080
-0.070
-0.115
-0.096
-0.094
-0.091
-0.079
-0.079
-0.090
-0.093
-0.087
-0.079
-0.079
-0.102
-0.100
-0.090
-0.093
-0.092
-0.077
-0.103
-0.106
-0.100
-0.096
-0.088
-0.077
-0.087
-0.085
-0.093
-0.095
-0.100
-0.109
-0.100
-0.099
-0.093
-0.076
-0.084
-0.077
-0.075
-0.069
-0.073
-0.079
-0.080
-0.089
-0.079
-0.074
-0.084
-0.084
-0.079
-0.074
-0.068
-0.069
-0.077
-0.074
-0.069
-0.078
-0.069
-0.066
-0.072
-0.085
-0.074
-0.060
-0.070
-0.077
-0.091
-0.086
-0.073
-0.075
-0.062
-0.070
-0.074
-0.077
-0.066
-0.069
-0.065
-0.066
-0.058
-0.061
-0.055
-0.043
-0.054
-0.060
-0.051
-0.048
-0.059
-0.058
-0.056
-0.058
-0.059
-0.049
-0.045
-0.047
-0.050
-0.056
-0.055
-0.049
-0.055
-0.055
-0.053
-0.049
-0.061
-0.056
-0.058
-0.053
-0.044
-0.041
-0.026
-0.044
-0.051
-0.053
-0.054
-0.047
-0.056
-0.052
-0.054
-0.045
-0.038
-0.038
-0.030
-0.040
-0.036
-0.040
-0.040
-0.027
-0.025
-0.038
-0.034
-0.029
-0.027
-0.033
-0.032
-0.036
-0.031
-0.027
-0.021
-0.026
-0.019
-0.018
-0.026
-0.029
-0.025
-0.021
-0.021
-0.043
-0.038
-0.031
-0.038
-0.044
-0.036
-0.036
-0.037
-0.029
-0.022
-0.025
-0.032
-0.024
-0.022
-0.020
-0.025
-0.020
-0.020
-0.009
-0.013
-0.021
-0.029
-0.024
-0.017
-0.019
-0.013
-0.014
-0.023
-0.019
-0.020
-0.012
-0.015
-0.020
-0.019
-0.019
-0.015
-0.014
-0.014
-0.017
-0.017
-0.020
-0.022
-0.021
-0.016
-0.018
-0.024
-0.023
-0.021
-0.017
-0.024
-0.028
-0.021
-0.013
-0.021
-0.018
-0.018
-0.018
-0.032
-0.025
-0.028
-0.029
-0.026
-0.023
-0.017
-0.020
-0.026
-0.021
-0.014
-0.017
-0.018
-0.024
-0.024
-0.015
-0.011
-0.017
-0.021
-0.023
-0.021
-0.019
-0.033
-0.028
-0.021
-0.029
-0.034
-0.030
-0.020
-0.013
-0.020
-0.027
-0.028
-0.030
-0.030
-0.025
-0.013
-0.007
-0.011
-0.014
-0.025
-0.023
-0.025
-0.026
-0.018
-0.019
-0.017
-0.030
-0.021
-0.016
-0.017
-0.019
-0.023
-0.023
-0.022
-0.024
-0.020
-0.025
-0.030
-0.032
-0.025
-0.018
-0.016
-0.015
-0.025
-0.020
-0.014
-0.019
-0.012
-0.016
-0.017
-0.024
-0.032
-0.023
-0.024
-0.023
-0.019
-0.014
-0.013
-0.019
-0.023
-0.029
-0.023
-0.019
-0.021
-0.015
-0.017
-0.015
-0.011
-0.019
-0.013
-0.011
-0.020
-0.022
-0.015
-0.003
-0.005
-0.018
-0.017
-0.024
-0.026
-0.025
-0.021
-0.023
-0.018
-0.019
-0.013
-0.016
-0.023
-0.016
-0.013
-0.008
-0.006
-0.014
-0.029
-0.022
-0.018
-0.020
-0.023
-0.025
-0.022
-0.022
-0.018
-0.011
-0.013
-0.021
-0.028
-0.026
-0.020
-0.018
-0.021
-0.021
-0.016
-0.014
-0.011
-0.015
-0.011
-0.015
-0.010
-0.010
-0.009
-0.016
-0.020
-0.018
-0.010
-0.002
-0.006
-0.013
-0.015
-0.022
-0.029
-0.023
-0.030
-0.031
-0.024
-0.028
-0.025
-0.018
-0.022
-0.020
-0.016
-0.007
-0.016
-0.023
-0.031
-0.033
-0.020
-0.021
-0.022
-0.019
-0.021
-0.024
-0.022
-0.013
-0.005
-0.014
-0.014
-0.012
-0.015
-0.010
-0.014
-0.017
-0.011
-0.014
-0.016
-0.015
-0.010
-0.012
-0.011
-0.011
-0.009
-0.008
-0.016
-0.020
-0.021
-0.020
-0.021
-0.022
-0.023
-0.018
-0.012
-0.026
-0.036
-0.032
-0.023
-0.021
-0.014
-0.021
-0.032
-0.037
-0.023
-0.026
-0.012
-0.016
-0.031
-0.029
-0.024
-0.022
-0.018
-0.022
-0.015
-0.010
-0.018
-0.028
-0.025
-0.039
-0.036
-0.024
-0.024
-0.019
-0.021
-0.021
-0.017
-0.018
-0.012
-0.018
-0.009
-0.015
-0.011
-0.012
-0.017
-0.020
-0.035
-0.030
-0.034
-0.031
-0.024
-0.027
-0.022
-0.019
-0.020
-0.019
-0.019
-0.029
-0.031
-0.029
-0.026
-0.025
-0.028
-0.032
-0.031
-0.026
-0.021
-0.021
-0.030
-0.038
-0.036
-0.038
-0.033
-0.035
-0.033
-0.034
-0.036
-0.033
-0.038
-0.039
-0.033
-0.032
-0.030
-0.024
-0.028
-0.029
-0.035
-0.027
-0.026
-0.022
-0.025
-0.051
-0.043
-0.033
-0.020
-0.016
-0.032
-0.028
-0.040
-0.043
-0.033
-0.028
-0.027
-0.028
-0.031
-0.030
-0.039
-0.043
-0.045
-0.043
-0.036
-0.053
-0.055
-0.045
-0.042
-0.030
-0.022
-0.032
-0.053
-0.050
-0.032
-0.039
-0.035
-0.034
-0.038
-0.036
-0.034
-0.025
-0.029
-0.036
-0.037
-0.039
-0.032
-0.023
-0.023
-0.022
-0.031
-0.038
-0.048
-0.046
-0.035
-0.034
-0.043
-0.046
-0.042
-0.042
-0.051
-0.047
-0.036
-0.034
-0.030
-0.034
-0.029
-0.026
-0.033
-0.042
-0.041
-0.048
-0.036
-0.029
-0.031
-0.037
-0.045
-0.048
-0.049
-0.040
-0.039
-0.043
-0.049
-0.041
-0.032
-0.047
-0.047
-0.044
-0.046
-0.056
-0.050
-0.048
-0.046
-0.054
-0.055
-0.056
-0.049
-0.043
-0.043
-0.047
-0.039
-0.047
-0.047
-0.035
-0.048
-0.069
-0.060
-0.071
-0.062
-0.071
-0.068
-0.081
-0.066
-0.064
-0.063
-0.068
-0.068
-0.059
-0.064
-0.061
-0.079
-0.083
-0.074
-0.070
-0.069
-0.067
-0.074
-0.069
-0.066
-0.065
-0.063
-0.062
-0.071
-0.074
-0.070
-0.074
-0.068
-0.069
-0.086
-0.078
-0.077
-0.078
-0.078
-0.074
-0.080
-0.070
-0.080
-0.076
-0.067
-0.067
-0.073
-0.064
-0.071
-0.073
-0.077
-0.072
-0.086
-0.086
-0.094
-0.104
-0.095
-0.108
-0.089
-0.087
-0.092
-0.099
-0.100
-0.102
-0.103
-0.092
-0.095
-0.102
-0.093
-0.102
-0.096
-0.097
-0.101
-0.102
-0.097
-0.091
-0.092
-0.107
-0.109
-0.117
-0.102
-0.099
-0.107
-0.102
-0.113
-0.115
-0.103
-0.100
-0.093
-0.110
-0.107
-0.105
-0.096
-0.101
-0.109
-0.109
-0.113
-0.103
-0.094
-0.098
-0.103
-0.107
-0.117
-0.112
-0.112
-0.107
-0.098
-0.102
-0.109
-0.118
-0.113
-0.119
-0.109
-0.108
-0.111
-0.126
-0.122
-0.122
-0.135
-0.125
-0.139
-0.140
-0.130
-0.143
-0.135
-0.136
-0.119
-0.140
-0.142
-0.133
-0.148
-0.147
-0.154
-0.160
-0.160
-0.154
-0.139
-0.147
-0.145
-0.145
-0.146
-0.161
-0.148
-0.147
-0.145
-0.164
-0.174
-0.172
-0.164
-0.180
-0.182
-0.164
-0.173
-0.168
-0.169
-0.161
-0.194
-0.194
-0.186
-0.170
-0.156
-0.164
-0.176
-0.168
-0.172
-0.173
-0.164
-0.176
-0.186
-0.177
-0.167
-0.179
-0.185
-0.190
-0.192
-0.163
-0.179
-0.174
-0.175
-0.181
-0.172
-0.181
-0.184
-0.174
-0.187
-0.186
-0.191
-0.203
-0.180
-0.179
-0.177
-0.177
-0.178
-0.186
-0.193
-0.182
-0.182
-0.201
-0.191
-0.200
-0.179
-0.180
-0.191
-0.190
-0.188
-0.169
-0.166
-0.173
-0.160
-0.143
-0.164
-0.174
-0.173
-0.169
-0.172
-0.159
-0.163
-0.165
-0.184
-0.163
-0.168
-0.163
-0.163
-0.158
-0.143
-0.143
-0.150
-0.174
-0.172
-0.182
-0.178
-0.171
-0.177
-0.186
-0.187
-0.178
-0.188
-0.190
-0.188
-0.190
-0.179
-0.194
-0.176
-0.176
-0.174
-0.175
-0.171
-0.157
-0.160
-0.167
-0.171
-0.167
-0.166
-0.174
-0.176
-0.168
-0.170
-0.163
-0.172
-0.177
-0.174
-0.178
-0.168
-0.170
-0.162
-0.160
-0.157
-0.175
-0.168
-0.169
-0.174
-0.188
-0.188
-0.177
-0.165
-0.173
-0.189
-0.207
-0.201
-0.183
-0.165
-0.160
-0.169
-0.180
-0.170
-0.166
-0.170
-0.167
-0.172
-0.185
-0.189
-0.168
-0.159
-0.162
-0.164
-0.171
-0.164
-0.158
-0.165
-0.180
-0.172
-0.191
-0.197
-0.190
-0.202
-0.202
-0.195
-0.195
-0.190
-0.192
-0.198
-0.202
-0.185
-0.184
-0.167
-0.167
-0.198
-0.201
-0.197
-0.183
-0.187
-0.186
-0.186
-0.180
-0.181
-0.180
-0.197
-0.178
-0.184
-0.177
-0.158
-0.156
-0.150
-0.163
-0.164
-0.158
-0.151
-0.146
-0.161
-0.157
-0.157
-0.165
-0.164
-0.151
-0.150
-0.154
-0.164
-0.149
-0.135
-0.130
-0.138
-0.136
-0.127
-0.123
-0.132
-0.155
-0.183
-0.179
-0.185
-0.163
-0.145
-0.149
-0.130
-0.129
-0.118
-0.119
-0.118
-0.107
-0.112
-0.107
-0.107
-0.111
-0.097
-0.102
-0.115
-0.109
-0.096
-0.104
-0.107
-0.113
-0.108
-0.106
-0.108
-0.109
-0.107
-0.106
-0.105
-0.089
-0.092
-0.110
-0.125
-0.106
-0.112
-0.102
-0.104
-0.108
-0.115
-0.106
-0.097
-0.094
-0.074
-0.089
-0.083
-0.088
-0.074
-0.087
-0.083
-0.074
-0.066
-0.049
-0.065
-0.060
-0.057
-0.064
-0.078
-0.068
-0.058
-0.066
-0.069
-0.064
-0.062
-0.055
-0.058
-0.057
-0.049
-0.047
-0.043
-0.045
-0.048
-0.049
-0.044
-0.049
-0.050
-0.046
-0.053
-0.051
-0.053
-0.043
-0.051
-0.052
-0.060
-0.074
-0.079
-0.059
-0.060
-0.061
-0.056
-0.047
-0.053
-0.050
-0.050
-0.054
-0.054
-0.048
-0.042
-0.042
-0.038
-0.035
-0.038
-0.041
-0.046
-0.056
-0.056
-0.054
-0.048
-0.045
-0.047
-0.042
-0.043
-0.047
-0.048
-0.054
-0.053
-0.047
-0.039
-0.036
-0.034
-0.040
-0.037
-0.046
-0.034
-0.036
-0.031
-0.031
-0.032
-0.037
-0.036
-0.029
-0.028
-0.039
-0.030
-0.030
-0.024
-0.027
-0.046
-0.036
-0.033
-0.029
-0.025
-0.020
-0.026
-0.025
-0.024
-0.027
-0.015
-0.026
-0.025
-0.026
-0.017
-0.017
-0.019
-0.021
-0.022
-0.026
-0.029
-0.023
-0.033
-0.028
-0.028
-0.030
-0.023
-0.023
-0.034
-0.029
-0.025
-0.016
-0.019
-0.026
-0.027
-0.029
-0.025
-0.040
-0.034
-0.029
-0.022
-0.020
-0.023
-0.026
-0.016
-0.022
-0.021
-0.024
-0.023
-0.015
-0.020
-0.024
-0.019
-0.016
-0.013
-0.010
-0.011
-0.018
-0.015
-0.030
-0.030
-0.038
-0.046
-0.040
-0.026
-0.018
-0.021
-0.024
-0.021
-0.021
-0.019
-0.011
-0.013
-0.016
-0.012
-0.012
-0.008
-0.013
-0.016
-0.013
-0.017
-0.015
-0.014
-0.019
-0.024
-0.020
-0.011
-0.022
-0.014
-0.019
-0.029
-0.022
-0.021
-0.020
-0.020
-0.024
-0.022
-0.025
-0.022
-0.019
-0.021
-0.025
-0.027
-0.021
-0.020
-0.025
-0.018
-0.021
-0.025
-0.028
-0.020
-0.022
-0.024
-0.020
-0.018
-0.009
-0.013
-0.016
-0.019
-0.019
-0.015
-0.020
-0.023
-0.024
-0.029
-0.025
-0.021
-0.020
-0.022
-0.018
-0.019
-0.014
-0.010
-0.008
-0.014
-0.012
-0.009
-0.012
-0.017
-0.014
-0.016
-0.029
-0.020
-0.018
-0.016
-0.017
-0.017
-0.018
-0.015
-0.016
-0.017
-0.023
-0.027
-0.014
-0.018
-0.018
-0.016
-0.017
-0.016
-0.010
-0.009
-0.021
-0.014
-0.019
-0.017
-0.018
-0.015
-0.015
-0.019
-0.024
-0.028
-0.024
-0.021
-0.019
-0.014
-0.018
-0.017
-0.025
-0.028
-0.027
-0.022
-0.019
-0.026
-0.028
-0.032
-0.020
-0.011
-0.012
-0.009
-0.010
-0.013
-0.022
-0.017
-0.008
-0.007
-0.010
-0.014
-0.014
-0.008
-0.014
-0.013
-0.024
-0.015
-0.012
-0.014
-0.028
-0.021
-0.016
-0.017
-0.013
-0.012
-0.025
-0.034
-0.024
-0.012
-0.004
-0.007
-0.009
-0.007
-0.008
-0.010
-0.009
-0.002
-0.005
-0.008
-0.008
-0.009
-0.009
-0.012
-0.017
-0.011
-0.008
-0.007
-0.004
-0.008
-0.009
-0.018
-0.023
-0.018
-0.016
-0.017
-0.018
-0.020
-0.009
-0.007
-0.014
-0.016
-0.014
-0.008
-0.006
-0.013
-0.013
-0.005
-0.007
-0.008
-0.017
-0.012
-0.012
-0.013
-0.009
-0.004
-0.015
-0.017
-0.011
-0.005
-0.008
-0.010
-0.018
-0.017
-0.008
-0.006
-0.001
-0.006
-0.008
-0.005
-0.002
-0.003
-0.000
-0.005
-0.008
-0.014
-0.014
-0.014
-0.023
-0.023
-0.017
-0.006
-0.008
-0.003
-0.001
-0.005
-0.008
-0.013
-0.010
-0.002
-0.004
-0.008
-0.014
-0.006
-0.010
-0.013
-0.009
-0.012
-0.013
-0.006
-0.000
-0.005
-0.006
-0.008
-0.008
-0.006
-0.017
-0.020
-0.018
-0.009
-0.007
-0.007
-0.022
-0.026
-0.024
-0.024
-0.014
-0.014
-0.018
-0.012
-0.013
-0.009
-0.015
-0.022
-0.018
-0.012
-0.011
-0.007
-0.020
-0.021
-0.013
-0.007
-0.017
-0.016
-0.014
-0.012
-0.020
-0.018
-0.014
-0.012
-0.022
-0.019
-0.012
-0.006
-0.002
-0.005
-0.006
-0.010
-0.003
-0.005
-0.002
-0.009
-0.004
-0.010
-0.012
-0.010
-0.020
-0.019
-0.018
-0.011
-0.007
-0.003
-0.017
-0.011
-0.010
-0.017
-0.018
-0.014
-0.014
-0.008
-0.007
-0.001
0.001
-0.011
-0.012
-0.020
-0.014
-0.013
-0.015
-0.019
-0.017
-0.009
-0.011
-0.009
-0.004
-0.007
-0.015
-0.014
-0.005
-0.005
-0.015
-0.016
-0.015
-0.010
-0.007
-0.012
-0.009
-0.007
-0.002
-0.010
-0.009
-0.013
-0.016
-0.011
-0.009
-0.003
-0.006
-0.009
-0.013
-0.005
-0.007
-0.013
-0.022
-0.017
-0.012
-0.018
-0.015
-0.021
-0.016
-0.015
-0.012
-0.013
-0.016
-0.022
-0.017
-0.010
-0.006
-0.004
-0.010
-0.015
-0.011
-0.008
-0.022
-0.018
-0.012
-0.010
-0.017
-0.018
-0.011
-0.006
-0.014
-0.027
-0.022
-0.021
-0.020
-0.025
-0.019
-0.024
-0.015
-0.019
-0.013
-0.011
-0.009
-0.017
-0.015
-0.015
-0.017
-0.019
-0.017
-0.014
-0.008
-0.008
-0.018
-0.011
-0.005
-0.005
-0.015
-0.016
-0.021
-0.010
-0.018
-0.015
-0.011
-0.018
-0.010
-0.010
-0.007
-0.013
-0.025
-0.022
-0.018
-0.013
-0.015
-0.021
-0.014
-0.027
-0.022
-0.026
-0.018
-0.013
-0.020
-0.016
-0.011
-0.008
-0.011
-0.018
-0.022
-0.021
-0.014
-0.022
-0.020
-0.021
-0.019
-0.025
-0.021
-0.018
-0.025
-0.030
-0.030
-0.030
-0.027
-0.018
-0.029
-0.024
-0.021
-0.034
-0.032
-0.024
-0.024
-0.020
-0.020
-0.025
-0.028
-0.040
-0.034
-0.034
-0.033
-0.026
-0.031
-0.030
-0.020
-0.015
-0.024
-0.028
-0.022
-0.030
-0.033
-0.034
-0.034
-0.022
-0.025
-0.021
-0.015
-0.012
-0.016
-0.025
-0.024
-0.027
-0.037
-0.030
-0.034
-0.027
-0.026
-0.028
-0.022
-0.022
-0.032
-0.033
-0.032
-0.030
-0.038
-0.038
-0.044
-0.036
-0.031
-0.038
-0.037
-0.040
-0.042
-0.042
-0.042
-0.030
-0.031
-0.035
-0.026
-0.030
-0.030
-0.028
-0.031
-0.049
-0.038
-0.035
-0.050
-0.046
-0.043
-0.049
-0.043
-0.034
-0.036
-0.025
-0.030
-0.039
-0.039
-0.026
-0.026
-0.034
-0.034
-0.032
-0.031
-0.032
-0.040
-0.055
-0.060
-0.061
-0.055
-0.056
-0.050
-0.053
-0.049
-0.048
-0.050
-0.047
-0.063
-0.053
-0.052
-0.059
-0.057
-0.057
-0.053
-0.043
-0.045
-0.051
-0.058
-0.054
-0.050
-0.055
-0.056
-0.052
-0.072
-0.071
-0.069
-0.068
-0.068
-0.072
-0.065
-0.065
-0.074
-0.073
-0.069
-0.076
-0.077
-0.080
-0.071
-0.078
-0.062
-0.074
-0.065
-0.067
-0.069
-0.069
-0.074
-0.058
-0.056
-0.066
-0.059
-0.057
-0.065
-0.079
-0.072
-0.076
-0.097
-0.089
-0.093
-0.079
-0.075
-0.083
-0.074
-0.074
-0.081
-0.074
-0.092
-0.109
-0.101
-0.094
-0.089
-0.094
-0.083
-0.077
-0.084
-0.085
-0.080
-0.084
-0.094
-0.080
-0.068
-0.077
-0.082
-0.086
-0.087
-0.097
-0.091
-0.089
-0.091
-0.078
-0.076
-0.091
-0.083
-0.082
-0.090
-0.086
-0.084
-0.087
-0.093
-0.091
-0.088
-0.078
-0.090
-0.103
-0.095
-0.101
-0.091
-0.090
-0.111
-0.105
-0.092
-0.095
-0.101
-0.108
-0.115
-0.084
-0.087
-0.081
-0.091
-0.099
-0.083
-0.088
-0.077
-0.070
-0.074
-0.077
-0.083
-0.086
-0.080
-0.078
-0.074
-0.074
-0.075
-0.082
-0.090
-0.080
-0.089
-0.094
-0.095
-0.089
-0.095
-0.111
-0.102
-0.097
-0.098
-0.083
-0.091
-0.098
-0.096
-0.089
-0.091
-0.096
-0.119
-0.117
-0.113
-0.105
-0.094
-0.083
-0.078
-0.078
-0.066
-0.066
-0.072
-0.074
-0.076
-0.093
-0.101
-0.090
-0.089
-0.092
-0.087
-0.089
-0.086
-0.078
-0.077
-0.094
-0.091
-0.078
-0.079
-0.082
-0.076
-0.082
-0.072
-0.071
-0.064
-0.066
-0.071
-0.073
-0.068
-0.060
-0.056
-0.061
-0.056
-0.043
-0.048
-0.045
-0.047
-0.045
-0.063
-0.067
-0.057
-0.055
-0.052
-0.048
-0.056
-0.050
-0.044
-0.047
-0.049
-0.050
-0.050
-0.046
-0.041
-0.045
-0.060
-0.054
-0.058
-0.047
-0.058
-0.068
-0.052
-0.045
-0.036
-0.043
-0.044
-0.044
-0.052
-0.048
-0.057
-0.053
-0.053
-0.053
-0.044
-0.038
-0.033
-0.034
-0.038
-0.044
-0.038
-0.033
-0.029
-0.039
-0.045
-0.042
-0.034
-0.030
-0.037
-0.031
-0.028
-0.036
-0.032
-0.030
-0.029
-0.017
-0.021
-0.020
-0.010
-0.015
-0.028
-0.020
-0.027
-0.036
-0.042
-0.033
-0.039
-0.031
-0.032
-0.028
-0.028
-0.029
-0.028
-0.023
-0.012
-0.010
-0.023
-0.032
-0.029
-0.023
-0.022
-0.022
-0.010
-0.012
-0.011
-0.019
-0.022
-0.018
-0.030
-0.032
-0.027
-0.020
-0.018
-0.035
-0.021
-0.015
-0.013
-0.016
-0.025
-0.032
-0.025
-0.026
-0.016
-0.019
-0.029
-0.027
-0.022
-0.014
-0.013
-0.013
-0.026
-0.030
-0.025
-0.023
-0.024
-0.017
-0.022
-0.022
-0.032
-0.027
-0.022
-0.027
-0.027
-0.029
-0.029
-0.025
-0.028
-0.027
-0.026
-0.019
-0.016
-0.017
-0.017
-0.020
-0.019
-0.016
-0.024
-0.035
-0.033
-0.032
-0.023
-0.017
-0.009
-0.014
-0.012
-0.006
-0.005
-0.009
-0.011
-0.008
-0.006
-0.003
-0.011
-0.011
-0.028
-0.016
-0.025
-0.020
-0.009
-0.025
-0.031
-0.028
-0.019
-0.020
-0.023
-0.021
-0.029
-0.022
-0.029
-0.024
-0.017
-0.022
-0.026
-0.036
-0.023
-0.023
-0.023
-0.027
-0.028
-0.022
-0.017
-0.019
-0.013
-0.004
-0.007
-0.006
-0.004
-0.014
-0.019
-0.014
-0.017
-0.028
-0.020
-0.022
-0.027
-0.016
-0.012
-0.015
-0.004
-0.014
-0.010
-0.011
-0.011
-0.010
-0.017
-0.011
-0.017
-0.006
0.002
-0.015
-0.026
-0.018
-0.025
-0.026
-0.034
-0.026
-0.037
-0.040
-0.035
-0.024
-0.023
-0.029
-0.024
-0.018
-0.008
-0.005
-0.008
-0.023
-0.025
-0.022
-0.026
-0.022
-0.017
-0.022
-0.035
-0.027
-0.025
-0.035
-0.029
-0.026
-0.025
-0.013
-0.012
-0.018
-0.022
-0.017
-0.020
-0.018
-0.022
-0.019
-0.015
-0.021
-0.020
-0.012
-0.016
-0.009
-0.009
-0.005
-0.006
-0.015
-0.027
-0.013
-0.012
-0.016
-0.017
-0.021
-0.020
-0.016
-0.020
-0.012
-0.013
-0.011
-0.010
-0.017
-0.007
-0.015
-0.022
-0.016
-0.008
-0.014
-0.017
-0.017
-0.020
-0.024
-0.024
-0.019
-0.012
-0.019
-0.020
-0.022
-0.010
-0.007
-0.010
-0.027
-0.019
-0.017
-0.016
-0.019
-0.020
-0.022
-0.018
-0.020
-0.013
-0.012
-0.027
-0.025
-0.030
-0.022
-0.016
-0.019
-0.035
-0.024
-0.020
-0.015
-0.018
-0.019
-0.027
-0.029
-0.023
-0.025
-0.026
-0.031
-0.023
-0.021
-0.013
-0.023
-0.024
-0.024
-0.022
-0.021
-0.023
-0.022
-0.021
-0.021
-0.022
-0.015
-0.020
-0.029
-0.021
-0.033
-0.038
-0.022
-0.024
-0.023
-0.028
-0.018
-0.021
-0.016
-0.028
-0.025
-0.021
-0.021
-0.030
-0.028
-0.030
-0.032
-0.037
-0.027
-0.021
-0.027
-0.037
-0.032
-0.032
-0.033
-0.034
-0.027
-0.025
-0.032
-0.038
-0.026
-0.031
-0.038
-0.034
-0.032
-0.040
-0.029
-0.033
-0.029
-0.028
-0.029
-0.032
-0.034
-0.028
-0.021
-0.026
-0.031
-0.025
-0.028
-0.024
-0.027
-0.032
-0.024
-0.029
-0.042
-0.040
-0.031
-0.029
-0.030
-0.037
-0.037
-0.041
-0.042
-0.034
-0.031
-0.039
-0.036
-0.037
-0.027
-0.024
-0.028
-0.032
-0.025
-0.017
-0.026
-0.016
-0.034
-0.043
-0.031
-0.033
-0.038
-0.040
-0.042
-0.038
-0.035
-0.044
-0.038
-0.043
-0.050
-0.040
-0.037
-0.031
-0.027
-0.025
-0.033
-0.043
-0.050
-0.050
-0.059
-0.061
-0.055
-0.054
-0.046
-0.053
-0.062
-0.060
-0.060
-0.060
-0.063
-0.060
-0.053
-0.059
-0.058
-0.062
-0.059
-0.067
-0.064
-0.060
-0.055
-0.065
-0.057
-0.065
-0.078
-0.064
-0.066
-0.060
-0.055
-0.064
-0.053
-0.061
-0.062
-0.058
-0.057
-0.063
-0.068
-0.072
-0.062
-0.073
-0.078
-0.072
-0.072
-0.071
-0.065
-0.063
-0.062
-0.069
-0.070
-0.063
-0.082
-0.074
-0.072
-0.066
-0.071
-0.074
-0.064
-0.064
-0.066
-0.088
-0.086
-0.082
-0.077
-0.073
-0.074
-0.067
-0.079
-0.080
-0.079
-0.084
-0.079
-0.085
-0.086
-0.100
-0.085
-0.095
-0.102
-0.097
-0.100
-0.102
-0.086
-0.090
-0.084
-0.088
-0.075
-0.064
-0.064
-0.068
-0.070
-0.060
-0.059
-0.059
-0.051
-0.045
-0.041
-0.039
-0.031
-0.029
-0.017
-0.017
-0.024
-0.022
-0.025
-0.020
-0.005
-0.004
-0.012
-0.007
-0.001
-0.022
-0.021
-0.036
-0.041
-0.031
-0.025
-0.021
-0.013
-0.029
-0.026
-0.027
-0.018
-0.018
-0.019
-0.019
-0.021
-0.017
-0.012
-0.015
-0.008
-0.020
-0.033
-0.037
-0.056
-0.084
-0.087
-0.086
-0.079
-0.081
-0.067
-0.064
-0.092
-0.093
-0.091
-0.081
-0.079
-0.089
-0.098
-0.095
-0.077
-0.065
-0.059
-0.046
-0.041
-0.044
-0.037
-0.032
-0.026
-0.032
-0.022
-0.018
-0.017
-0.022
-0.016
-0.013
-0.010
-0.011
-0.006
-0.014
-0.007
-0.007
-0.001
0.001
-0.003
-0.007
-0.000
0.004
-0.001
-0.001
-0.001
-0.006
0.003
-0.004
-0.003
-0.007
-0.015
-0.011
-0.013
-0.007
-0.013
-0.018
-0.016
-0.018
-0.009
-0.005
-0.016
-0.022
-0.023
-0.025
-0.017
-0.024
-0.037
-0.027
-0.027
-0.041
-0.040
-0.032
-0.038
-0.030
-0.030
-0.031
-0.031
-0.038
-0.040
-0.048
-0.058
-0.066
-0.076
-0.088
-0.086
-0.097
-0.115
-0.122
-0.118
-0.159
-0.177
-0.181
-0.185
-0.178
-0.177
-0.169
-0.183
-0.181
-0.192
-0.188
-0.189
-0.183
-0.185
-0.167
-0.163
-0.169
-0.159
-0.159
-0.149
-0.134
-0.121
-0.108
-0.104
-0.101
-0.088
-0.088
-0.078
-0.067
-0.068
-0.078
-0.060
-0.055
-0.058
-0.049
-0.033
-0.039
-0.046
-0.038
-0.033
-0.026
-0.029
-0.040
-0.034
-0.038
-0.023
-0.031
-0.022
-0.016
-0.024
-0.034
-0.032
-0.020
-0.021
-0.026
-0.032
-0.026
-0.013
-0.009
-0.008
-0.017
-0.026
-0.022
-0.018
-0.017
-0.023
-0.025
-0.030
-0.029
-0.030
-0.025
-0.030
-0.028
-0.030
-0.039
-0.048
-0.052
-0.066
-0.065
-0.081
-0.088
-0.078
-0.075
-0.087
-0.071
-0.074
-0.086
-0.083
-0.066
-0.054
-0.056
-0.043
-0.036
-0.037
-0.038
-0.027
-0.025
-0.021
-0.019
-0.028
-0.026
-0.021
-0.015
-0.017
-0.010
-0.011
-0.010
-0.008
-0.013
-0.007
-0.010
-0.016
-0.010
-0.014
-0.018
-0.013
-0.019
-0.023
-0.014
-0.004
-0.003
-0.006
-0.004
-0.013
-0.010
-0.014
-0.012
-0.019
-0.017
-0.009
-0.009
-0.005
-0.009
-0.014
-0.015
-0.012
-0.005
-0.012
-0.009
-0.001
0.001
-0.005
-0.003
0.004
-0.010
-0.018
-0.013
-0.007
-0.008
-0.009
-0.022
