# Title: Diode Laser Delay Scan, 1.0 dB on Var Attn, 9 V Top to Bot, n=27 looking for 2x MWF modulation.
# Note:	Diode Laser Delay Scan, 1.0 dB on Var Attn, 9 V Top to Bot, n=27 looking for 2x MWF modulation.
# Type:	Delay
# Hittite Freq:	18509.6 MHz
# Hittite: Power	14 dBm
# Laser Freq:	361359.4 GHz
# Laser Mod:	1.4
# Laser Mod Attn:	35.5 dB
# MW Attn:	1.0 dB
# Delay:	1000 ns
# MW Off:	220 ns
# Top w/o Static:	0.00 V
# Static:	0 V
# Static Off:	NaN
i	d	b	s	r
0.000	46805.000	0.063	0.158	0.152
1.000	47877.000	0.063	0.150	0.155
2.000	48949.000	0.063	0.158	0.146
3.000	50021.000	0.063	0.158	0.154
4.000	51093.000	0.063	0.147	0.143
5.000	52165.000	0.063	0.142	0.149
6.000	53237.000	0.063	0.152	0.151
7.000	54309.000	0.063	0.151	0.149
8.000	55380.000	0.063	0.159	0.144
9.000	56452.000	0.063	0.151	0.154
10.000	57524.000	0.063	0.151	0.154
11.000	58596.000	0.063	0.150	0.153
12.000	59668.000	0.063	0.147	0.142
13.000	60740.000	0.063	0.146	0.128
14.000	61812.000	0.063	0.145	0.150
15.000	62884.000	0.063	0.149	0.147
16.000	63956.000	0.063	0.153	0.142
17.000	65028.000	0.063	0.158	0.149
18.000	66100.000	0.063	0.153	0.146
19.000	67172.000	0.063	0.146	0.139
20.000	68244.000	0.063	0.140	0.146
21.000	69316.000	0.063	0.144	0.152
22.000	70388.000	0.063	0.142	0.146
23.000	71460.000	0.063	0.143	0.140
24.000	72532.000	0.063	0.135	0.157
25.000	73603.000	0.063	0.139	0.150
26.000	74675.000	0.063	0.147	0.163
27.000	75747.000	0.063	0.142	0.145
28.000	76819.000	0.063	0.146	0.151
29.000	77891.000	0.063	0.151	0.140
30.000	78963.000	0.063	0.157	0.137
31.000	80035.000	0.063	0.145	0.136
32.000	81107.000	0.063	0.148	0.147
33.000	82179.000	0.063	0.148	0.139
34.000	83251.000	0.063	0.156	0.143
35.000	84323.000	0.063	0.143	0.151
36.000	85395.000	0.063	0.141	0.153
37.000	86467.000	0.063	0.146	0.148
38.000	87539.000	0.063	0.157	0.160
39.000	88611.000	0.063	0.152	0.134
40.000	89683.000	0.063	0.149	0.147
41.000	90755.000	0.063	0.143	0.152
42.000	91826.000	0.063	0.143	0.150
43.000	92898.000	0.063	0.160	0.152
44.000	93970.000	0.063	0.154	0.146
45.000	95042.000	0.063	0.141	0.151
46.000	96114.000	0.063	0.147	0.150
47.000	97186.000	0.063	0.157	0.165
48.000	98258.000	0.063	0.158	0.157
49.000	99330.000	0.063	0.135	0.152
50.000	100402.000	0.063	0.146	0.140
51.000	101474.000	0.063	0.156	0.141
52.000	102546.000	0.063	0.145	0.163
53.000	103618.000	0.063	0.147	0.155
54.000	104690.000	0.063	0.148	0.143
55.000	105762.000	0.063	0.142	0.151
56.000	106834.000	0.063	0.158	0.148
57.000	107906.000	0.063	0.143	0.145
58.000	108978.000	0.063	0.157	0.150
59.000	110049.000	0.063	0.149	0.143
60.000	111121.000	0.063	0.139	0.148
61.000	112193.000	0.063	0.136	0.163
62.000	113265.000	0.063	0.146	0.148
63.000	114337.000	0.063	0.148	0.144
64.000	115409.000	0.063	0.149	0.152
65.000	116481.000	0.063	0.151	0.151
66.000	117553.000	0.063	0.158	0.159
67.000	118625.000	0.063	0.152	0.156
68.000	119697.000	0.063	0.155	0.159
69.000	120769.000	0.063	0.160	0.147
70.000	121841.000	0.063	0.147	0.149
71.000	122913.000	0.063	0.153	0.150
72.000	123985.000	0.063	0.141	0.145
73.000	125057.000	0.063	0.160	0.155
74.000	126129.000	0.063	0.149	0.151
75.000	127201.000	0.063	0.154	0.156
76.000	128272.000	0.063	0.157	0.145
77.000	129344.000	0.063	0.149	0.151
78.000	130416.000	0.063	0.145	0.151
79.000	131488.000	0.063	0.149	0.152
80.000	132560.000	0.063	0.141	0.146
81.000	133632.000	0.063	0.144	0.152
82.000	134704.000	0.063	0.149	0.147
83.000	135776.000	0.063	0.147	0.140
84.000	136848.000	0.063	0.140	0.156
85.000	137920.000	0.063	0.156	0.151
86.000	138992.000	0.063	0.139	0.151
87.000	140064.000	0.063	0.136	0.155
88.000	141136.000	0.063	0.154	0.150
89.000	142208.000	0.063	0.138	0.150
90.000	143280.000	0.063	0.136	0.150
91.000	144352.000	0.063	0.157	0.149
92.000	145424.000	0.063	0.148	0.147
93.000	146495.000	0.063	0.142	0.146
94.000	147567.000	0.063	0.140	0.143
95.000	148639.000	0.063	0.130	0.146
96.000	149711.000	0.063	0.152	0.148
97.000	150783.000	0.063	0.143	0.149
98.000	151855.000	0.063	0.143	0.142
99.000	152927.000	0.063	0.145	0.146
100.000	153195.000	0.063	0.140	0.148
101.000	152123.000	0.063	0.144	0.149
102.000	151051.000	0.063	0.144	0.144
103.000	149979.000	0.063	0.158	0.147
104.000	148907.000	0.063	0.152	0.143
105.000	147835.000	0.063	0.152	0.149
106.000	146763.000	0.063	0.162	0.155
107.000	145691.000	0.063	0.156	0.149
108.000	144620.000	0.063	0.151	0.152
109.000	143548.000	0.063	0.147	0.156
110.000	142476.000	0.063	0.145	0.145
111.000	141404.000	0.063	0.154	0.148
112.000	140332.000	0.063	0.154	0.153
113.000	139260.000	0.063	0.146	0.159
114.000	138188.000	0.063	0.144	0.151
115.000	137116.000	0.063	0.162	0.151
116.000	136044.000	0.063	0.149	0.146
117.000	134972.000	0.063	0.140	0.148
118.000	133900.000	0.063	0.146	0.153
119.000	132828.000	0.063	0.152	0.143
120.000	131756.000	0.063	0.141	0.141
121.000	130684.000	0.063	0.142	0.144
122.000	129612.000	0.063	0.153	0.140
123.000	128540.000	0.063	0.146	0.151
124.000	127468.000	0.063	0.147	0.158
125.000	126397.000	0.063	0.147	0.140
126.000	125325.000	0.063	0.151	0.148
127.000	124253.000	0.063	0.151	0.144
128.000	123181.000	0.063	0.154	0.152
129.000	122109.000	0.063	0.154	0.142
130.000	121037.000	0.063	0.149	0.141
131.000	119965.000	0.063	0.145	0.144
132.000	118893.000	0.063	0.153	0.146
133.000	117821.000	0.063	0.146	0.150
134.000	116749.000	0.063	0.153	0.144
135.000	115677.000	0.063	0.152	0.156
136.000	114605.000	0.063	0.149	0.151
137.000	113533.000	0.063	0.152	0.156
138.000	112461.000	0.063	0.152	0.149
139.000	111389.000	0.063	0.141	0.152
140.000	110317.000	0.063	0.151	0.152
141.000	109245.000	0.063	0.148	0.155
142.000	108174.000	0.063	0.143	0.147
143.000	107102.000	0.063	0.134	0.143
144.000	106030.000	0.063	0.139	0.138
145.000	104958.000	0.063	0.143	0.143
146.000	103886.000	0.063	0.140	0.140
147.000	102814.000	0.063	0.146	0.147
148.000	101742.000	0.063	0.150	0.140
149.000	100670.000	0.063	0.134	0.138
150.000	99598.000	0.063	0.134	0.143
151.000	98526.000	0.063	0.142	0.135
152.000	97454.000	0.063	0.139	0.141
153.000	96382.000	0.063	0.143	0.139
154.000	95310.000	0.063	0.141	0.133
155.000	94238.000	0.063	0.151	0.138
156.000	93166.000	0.063	0.140	0.143
157.000	92094.000	0.063	0.141	0.132
158.000	91022.000	0.063	0.139	0.143
159.000	89951.000	0.063	0.135	0.142
160.000	88879.000	0.063	0.150	0.148
161.000	87807.000	0.063	0.150	0.148
162.000	86735.000	0.063	0.145	0.142
163.000	85663.000	0.063	0.145	0.144
164.000	84591.000	0.063	0.149	0.150
165.000	83519.000	0.063	0.146	0.150
166.000	82447.000	0.063	0.142	0.149
167.000	81375.000	0.063	0.138	0.150
168.000	80303.000	0.063	0.141	0.141
169.000	79231.000	0.063	0.140	0.141
170.000	78159.000	0.063	0.138	0.147
171.000	77087.000	0.063	0.153	0.152
172.000	76015.000	0.063	0.143	0.135
173.000	74943.000	0.063	0.143	0.146
174.000	73871.000	0.063	0.142	0.138
175.000	72799.000	0.063	0.141	0.139
176.000	71728.000	0.063	0.141	0.148
177.000	70656.000	0.063	0.144	0.139
178.000	69584.000	0.063	0.150	0.140
179.000	68512.000	0.063	0.142	0.139
180.000	67440.000	0.063	0.154	0.148
181.000	66368.000	0.063	0.140	0.140
182.000	65296.000	0.063	0.160	0.146
183.000	64224.000	0.063	0.140	0.145
184.000	63152.000	0.063	0.150	0.142
185.000	62080.000	0.063	0.145	0.154
186.000	61008.000	0.063	0.147	0.142
187.000	59936.000	0.063	0.147	0.138
188.000	58864.000	0.063	0.143	0.144
189.000	57792.000	0.063	0.144	0.139
190.000	56720.000	0.063	0.148	0.145
191.000	55648.000	0.063	0.145	0.159
192.000	54576.000	0.063	0.156	0.137
193.000	53505.000	0.063	0.142	0.143
194.000	52433.000	0.063	0.150	0.138
195.000	51361.000	0.063	0.139	0.144
196.000	50289.000	0.063	0.142	0.145
197.000	49217.000	0.063	0.146	0.146
198.000	48145.000	0.063	0.134	0.142
199.000	47073.000	0.063	0.155	0.141
200.000	47341.000	0.063	0.148	0.158
201.000	48413.000	0.063	0.148	0.143
202.000	49485.000	0.063	0.146	0.150
203.000	50557.000	0.063	0.140	0.139
204.000	51629.000	0.063	0.144	0.145
205.000	52701.000	0.063	0.140	0.137
206.000	53773.000	0.063	0.151	0.149
207.000	54844.000	0.063	0.146	0.142
208.000	55916.000	0.063	0.136	0.140
209.000	56988.000	0.063	0.145	0.146
210.000	58060.000	0.063	0.137	0.141
211.000	59132.000	0.063	0.139	0.143
212.000	60204.000	0.063	0.155	0.141
213.000	61276.000	0.063	0.134	0.135
214.000	62348.000	0.063	0.137	0.134
215.000	63420.000	0.063	0.154	0.138
216.000	64492.000	0.063	0.144	0.143
217.000	65564.000	0.063	0.141	0.153
218.000	66636.000	0.063	0.140	0.143
219.000	67708.000	0.063	0.139	0.143
220.000	68780.000	0.063	0.139	0.141
221.000	69852.000	0.063	0.137	0.140
222.000	70924.000	0.063	0.138	0.138
223.000	71996.000	0.063	0.142	0.139
224.000	73067.000	0.063	0.155	0.134
225.000	74139.000	0.063	0.151	0.144
226.000	75211.000	0.063	0.143	0.131
227.000	76283.000	0.063	0.138	0.153
228.000	77355.000	0.063	0.148	0.141
229.000	78427.000	0.063	0.145	0.146
230.000	79499.000	0.063	0.150	0.146
231.000	80571.000	0.063	0.140	0.139
232.000	81643.000	0.063	0.146	0.135
233.000	82715.000	0.063	0.135	0.137
234.000	83787.000	0.063	0.137	0.134
235.000	84859.000	0.063	0.142	0.145
236.000	85931.000	0.063	0.134	0.152
237.000	87003.000	0.063	0.147	0.136
238.000	88075.000	0.063	0.133	0.143
239.000	89147.000	0.063	0.140	0.141
240.000	90219.000	0.063	0.135	0.137
241.000	91290.000	0.063	0.141	0.137
242.000	92362.000	0.063	0.146	0.146
243.000	93434.000	0.063	0.131	0.139
244.000	94506.000	0.063	0.127	0.147
245.000	95578.000	0.063	0.138	0.143
246.000	96650.000	0.063	0.147	0.140
247.000	97722.000	0.063	0.144	0.144
248.000	98794.000	0.063	0.136	0.140
249.000	99866.000	0.063	0.144	0.139
250.000	100938.000	0.063	0.149	0.131
251.000	102010.000	0.063	0.143	0.139
252.000	103082.000	0.063	0.140	0.133
253.000	104154.000	0.063	0.139	0.136
254.000	105226.000	0.063	0.129	0.142
255.000	106298.000	0.063	0.138	0.144
256.000	107370.000	0.063	0.137	0.120
257.000	108442.000	0.063	0.132	0.132
258.000	109513.000	0.063	0.140	0.135
259.000	110585.000	0.063	0.132	0.135
260.000	111657.000	0.063	0.135	0.142
261.000	112729.000	0.063	0.130	0.134
262.000	113801.000	0.063	0.134	0.150
263.000	114873.000	0.063	0.142	0.137
264.000	115945.000	0.063	0.143	0.141
265.000	117017.000	0.063	0.131	0.152
266.000	118089.000	0.063	0.128	0.146
267.000	119161.000	0.063	0.137	0.140
268.000	120233.000	0.063	0.129	0.133
269.000	121305.000	0.063	0.136	0.141
270.000	122377.000	0.063	0.141	0.142
271.000	123449.000	0.063	0.130	0.154
272.000	124521.000	0.063	0.129	0.145
273.000	125593.000	0.063	0.136	0.145
274.000	126665.000	0.063	0.136	0.149
275.000	127736.000	0.063	0.141	0.148
276.000	128808.000	0.063	0.143	0.144
277.000	129880.000	0.063	0.143	0.138
278.000	130952.000	0.063	0.141	0.136
279.000	132024.000	0.063	0.142	0.145
280.000	133096.000	0.063	0.140	0.142
281.000	134168.000	0.063	0.149	0.134
282.000	135240.000	0.063	0.137	0.140
283.000	136312.000	0.063	0.133	0.145
284.000	137384.000	0.063	0.159	0.141
285.000	138456.000	0.063	0.141	0.146
286.000	139528.000	0.063	0.140	0.146
287.000	140600.000	0.063	0.132	0.130
288.000	141672.000	0.063	0.132	0.138
289.000	142744.000	0.063	0.145	0.131
290.000	143816.000	0.063	0.133	0.128
291.000	144888.000	0.063	0.141	0.122
292.000	145959.000	0.063	0.137	0.136
293.000	147031.000	0.063	0.129	0.142
294.000	148103.000	0.063	0.140	0.148
295.000	149175.000	0.063	0.141	0.139
296.000	150247.000	0.063	0.132	0.143
297.000	151319.000	0.063	0.132	0.144
298.000	152391.000	0.063	0.125	0.138
299.000	152659.000	0.063	0.142	0.142
300.000	151587.000	0.063	0.142	0.136
301.000	150515.000	0.063	0.138	0.142
302.000	149443.000	0.063	0.143	0.138
303.000	148371.000	0.063	0.132	0.141
304.000	147299.000	0.063	0.145	0.136
305.000	146227.000	0.063	0.147	0.148
306.000	145156.000	0.063	0.133	0.143
307.000	144084.000	0.063	0.145	0.125
308.000	143012.000	0.063	0.136	0.143
309.000	141940.000	0.063	0.139	0.138
310.000	140868.000	0.063	0.144	0.139
311.000	139796.000	0.063	0.139	0.142
312.000	138724.000	0.063	0.135	0.132
313.000	137652.000	0.063	0.133	0.138
314.000	136580.000	0.063	0.147	0.143
315.000	135508.000	0.063	0.131	0.134
316.000	134436.000	0.063	0.137	0.141
317.000	133364.000	0.063	0.146	0.136
318.000	132292.000	0.063	0.140	0.137
319.000	131220.000	0.063	0.143	0.133
320.000	130148.000	0.063	0.140	0.136
321.000	129076.000	0.063	0.126	0.130
322.000	128004.000	0.063	0.125	0.141
323.000	126933.000	0.063	0.139	0.139
324.000	125861.000	0.063	0.138	0.137
325.000	124789.000	0.063	0.135	0.129
326.000	123717.000	0.063	0.141	0.140
327.000	122645.000	0.063	0.144	0.141
328.000	121573.000	0.063	0.142	0.139
329.000	120501.000	0.063	0.141	0.133
330.000	119429.000	0.063	0.144	0.139
331.000	118357.000	0.063	0.143	0.149
332.000	117285.000	0.063	0.149	0.142
333.000	116213.000	0.063	0.147	0.136
334.000	115141.000	0.063	0.137	0.150
335.000	114069.000	0.063	0.132	0.137
336.000	112997.000	0.063	0.141	0.136
337.000	111925.000	0.063	0.144	0.140
338.000	110853.000	0.063	0.128	0.147
339.000	109781.000	0.063	0.139	0.134
340.000	108710.000	0.063	0.137	0.145
341.000	107638.000	0.063	0.147	0.141
342.000	106566.000	0.063	0.136	0.133
343.000	105494.000	0.063	0.130	0.131
344.000	104422.000	0.063	0.138	0.135
345.000	103350.000	0.063	0.126	0.131
346.000	102278.000	0.063	0.142	0.143
347.000	101206.000	0.063	0.131	0.133
348.000	100134.000	0.063	0.127	0.135
349.000	99062.000	0.063	0.150	0.142
350.000	97990.000	0.063	0.132	0.133
351.000	96918.000	0.063	0.147	0.140
352.000	95846.000	0.063	0.140	0.129
353.000	94774.000	0.063	0.139	0.138
354.000	93702.000	0.063	0.149	0.151
355.000	92630.000	0.063	0.126	0.144
356.000	91558.000	0.063	0.138	0.127
357.000	90487.000	0.063	0.136	0.151
358.000	89415.000	0.063	0.144	0.145
359.000	88343.000	0.063	0.155	0.143
360.000	87271.000	0.063	0.140	0.133
361.000	86199.000	0.063	0.139	0.143
362.000	85127.000	0.063	0.135	0.136
363.000	84055.000	0.063	0.142	0.153
364.000	82983.000	0.063	0.141	0.136
365.000	81911.000	0.063	0.137	0.138
366.000	80839.000	0.063	0.131	0.145
367.000	79767.000	0.063	0.128	0.143
368.000	78695.000	0.063	0.140	0.139
369.000	77623.000	0.063	0.153	0.140
370.000	76551.000	0.063	0.135	0.142
371.000	75479.000	0.063	0.147	0.135
372.000	74407.000	0.063	0.144	0.148
373.000	73335.000	0.063	0.152	0.146
374.000	72264.000	0.063	0.147	0.146
375.000	71192.000	0.063	0.145	0.148
376.000	70120.000	0.063	0.143	0.134
377.000	69048.000	0.063	0.136	0.148
378.000	67976.000	0.063	0.146	0.154
379.000	66904.000	0.063	0.139	0.149
380.000	65832.000	0.063	0.146	0.138
381.000	64760.000	0.063	0.147	0.154
382.000	63688.000	0.063	0.143	0.132
383.000	62616.000	0.063	0.153	0.147
384.000	61544.000	0.063	0.140	0.133
385.000	60472.000	0.063	0.147	0.141
386.000	59400.000	0.063	0.146	0.144
387.000	58328.000	0.063	0.136	0.150
388.000	57256.000	0.063	0.134	0.154
389.000	56184.000	0.063	0.139	0.146
390.000	55112.000	0.063	0.142	0.144
391.000	54041.000	0.063	0.146	0.145
392.000	52969.000	0.063	0.138	0.152
393.000	51897.000	0.063	0.143	0.153
394.000	50825.000	0.063	0.145	0.138
395.000	49753.000	0.063	0.153	0.150
396.000	48681.000	0.063	0.145	0.145
397.000	47609.000	0.063	0.144	0.144
