# Title: Diode Laser Delay Scan, 5.0 dB on Var Attn, 9 V Top to Bot, n=27 looking for 2x MWF modulation.
# Note:	Diode Laser Delay Scan, 5.0 dB on Var Attn, 9 V Top to Bot, n=27 looking for 2x MWF modulation.
# Type:	Delay
# Hittite Freq:	18509.6 MHz
# Hittite: Power	14 dBm
# Laser Freq:	361359.4 GHz
# Laser Mod:	1.4
# Laser Mod Attn:	35.5 dB
# MW Attn:	5.0 dB
# Delay:	1000 ns
# MW Off:	220 ns
# Top w/o Static:	0.00 V
# Static:	0 V
# Static Off:	NaN
i	d	b	s	r
0.000	43373.000	1.000	0.000	0.229	0.047
1.000	44446.000	1.000	0.000	0.217	0.047
2.000	45520.000	1.000	0.000	0.223	0.047
3.000	46593.000	1.000	0.000	0.229	0.047
4.000	47667.000	1.000	0.000	0.215	0.047
5.000	48740.000	1.000	0.000	0.202	0.047
6.000	49814.000	1.000	0.000	0.213	0.047
7.000	50887.000	1.000	0.000	0.217	0.047
8.000	51961.000	1.000	0.000	0.239	0.047
9.000	53034.000	1.000	0.000	0.229	0.047
10.000	54108.000	1.000	0.000	0.235	0.047
11.000	55181.000	1.000	0.000	0.233	0.047
12.000	56255.000	1.000	0.000	0.218	0.047
13.000	57328.000	1.000	0.000	0.216	0.047
14.000	58402.000	1.000	0.000	0.222	0.047
15.000	59475.000	1.000	0.000	0.227	0.047
16.000	60549.000	1.000	0.000	0.224	0.047
17.000	61622.000	1.000	0.000	0.222	0.047
18.000	62696.000	1.000	0.000	0.208	0.047
19.000	63769.000	1.000	0.000	0.227	0.047
20.000	64843.000	1.000	0.000	0.230	0.047
21.000	65916.000	1.000	0.000	0.208	0.047
22.000	66990.000	1.000	0.000	0.216	0.047
23.000	68063.000	1.000	0.000	0.220	0.047
24.000	69137.000	1.000	0.000	0.235	0.047
25.000	70210.000	1.000	0.000	0.234	0.047
26.000	71284.000	1.000	0.000	0.221	0.047
27.000	72357.000	1.000	0.000	0.221	0.047
28.000	73431.000	1.000	0.000	0.216	0.047
29.000	74504.000	1.000	0.000	0.211	0.047
30.000	75578.000	1.000	0.000	0.228	0.047
31.000	76651.000	1.000	0.000	0.231	0.047
32.000	77725.000	1.000	0.000	0.224	0.047
33.000	78798.000	1.000	0.000	0.222	0.047
34.000	79872.000	1.000	0.000	0.214	0.047
35.000	80945.000	1.000	0.000	0.219	0.047
36.000	82019.000	1.000	0.000	0.211	0.047
37.000	83092.000	1.000	0.000	0.222	0.047
38.000	84166.000	1.000	0.000	0.234	0.047
39.000	85239.000	1.000	0.000	0.230	0.047
40.000	86313.000	1.000	0.000	0.228	0.047
41.000	87386.000	1.000	0.000	0.231	0.047
42.000	88460.000	1.000	0.000	0.224	0.047
43.000	89533.000	1.000	0.000	0.221	0.047
44.000	90607.000	1.000	0.000	0.225	0.047
45.000	91680.000	1.000	0.000	0.215	0.047
46.000	92754.000	1.000	0.000	0.220	0.047
47.000	93827.000	1.000	0.000	0.212	0.047
48.000	94901.000	1.000	0.000	0.227	0.047
49.000	95974.000	1.000	0.000	0.209	0.047
50.000	97048.000	1.000	0.000	0.207	0.047
51.000	98121.000	1.000	0.000	0.227	0.047
52.000	99195.000	1.000	0.000	0.219	0.047
53.000	100268.000	1.000	0.000	0.233	0.047
54.000	101342.000	1.000	0.000	0.216	0.047
55.000	102415.000	1.000	0.000	0.226	0.047
56.000	103489.000	1.000	0.000	0.226	0.047
57.000	104562.000	1.000	0.000	0.220	0.047
58.000	105636.000	1.000	0.000	0.219	0.047
59.000	106709.000	1.000	0.000	0.216	0.047
60.000	107783.000	1.000	0.000	0.231	0.047
61.000	108856.000	1.000	0.000	0.217	0.047
62.000	109930.000	1.000	0.000	0.221	0.047
63.000	111003.000	1.000	0.000	0.221	0.047
64.000	112077.000	1.000	0.000	0.216	0.047
65.000	113150.000	1.000	0.000	0.222	0.047
66.000	114224.000	1.000	0.000	0.195	0.047
67.000	115297.000	1.000	0.000	0.226	0.047
68.000	116371.000	1.000	0.000	0.234	0.047
69.000	117444.000	1.000	0.000	0.234	0.047
70.000	118518.000	1.000	0.000	0.217	0.047
71.000	119591.000	1.000	0.000	0.208	0.047
72.000	120665.000	1.000	0.000	0.215	0.047
73.000	121738.000	1.000	0.000	0.204	0.047
74.000	122812.000	1.000	0.000	0.214	0.047
75.000	123885.000	1.000	0.000	0.221	0.047
76.000	124959.000	1.000	0.000	0.220	0.047
77.000	126032.000	1.000	0.000	0.234	0.047
78.000	127106.000	1.000	0.000	0.219	0.047
79.000	128179.000	1.000	0.000	0.218	0.047
80.000	129253.000	1.000	0.000	0.208	0.047
81.000	130326.000	1.000	0.000	0.218	0.047
82.000	131400.000	1.000	0.000	0.217	0.047
83.000	132473.000	1.000	0.000	0.233	0.047
84.000	133547.000	1.000	0.000	0.241	0.047
85.000	134620.000	1.000	0.000	0.229	0.047
86.000	135694.000	1.000	0.000	0.219	0.047
87.000	136767.000	1.000	0.000	0.222	0.047
88.000	137841.000	1.000	0.000	0.217	0.047
89.000	138914.000	1.000	0.000	0.221	0.047
90.000	139988.000	1.000	0.000	0.229	0.047
91.000	141061.000	1.000	0.000	0.231	0.047
92.000	142135.000	1.000	0.000	0.243	0.047
93.000	143208.000	1.000	0.000	0.234	0.047
94.000	144282.000	1.000	0.000	0.213	0.047
95.000	145355.000	1.000	0.000	0.232	0.047
96.000	146429.000	1.000	0.000	0.201	0.047
97.000	147502.000	1.000	0.000	0.222	0.047
98.000	148576.000	1.000	0.000	0.231	0.047
99.000	149649.000	1.000	0.000	0.233	0.047
100.000	150723.000	1.000	0.000	0.215	0.047
101.000	151796.000	1.000	0.000	0.207	0.047
102.000	152870.000	1.000	0.000	0.200	0.047
103.000	153943.000	1.000	0.000	0.216	0.047
104.000	155017.000	1.000	0.000	0.212	0.047
105.000	156090.000	1.000	0.000	0.221	0.047
106.000	156359.000	1.000	0.000	0.222	0.047
107.000	155285.000	1.000	0.000	0.209	0.047
108.000	154212.000	1.000	0.000	0.230	0.047
109.000	153138.000	1.000	0.000	0.213	0.047
110.000	152065.000	1.000	0.000	0.229	0.047
111.000	150991.000	1.000	0.000	0.226	0.047
112.000	149918.000	1.000	0.000	0.228	0.047
113.000	148844.000	1.000	0.000	0.228	0.047
114.000	147771.000	1.000	0.000	0.235	0.047
115.000	146697.000	1.000	0.000	0.228	0.047
116.000	145624.000	1.000	0.000	0.217	0.047
117.000	144550.000	1.000	0.000	0.210	0.047
118.000	143477.000	1.000	0.000	0.211	0.047
119.000	142403.000	1.000	0.000	0.217	0.047
120.000	141330.000	1.000	0.000	0.221	0.047
121.000	140256.000	1.000	0.000	0.234	0.047
122.000	139183.000	1.000	0.000	0.221	0.047
123.000	138109.000	1.000	0.000	0.209	0.047
124.000	137036.000	1.000	0.000	0.223	0.047
125.000	135962.000	1.000	0.000	0.210	0.047
126.000	134889.000	1.000	0.000	0.227	0.047
127.000	133815.000	1.000	0.000	0.225	0.047
128.000	132742.000	1.000	0.000	0.233	0.047
129.000	131668.000	1.000	0.000	0.222	0.047
130.000	130595.000	1.000	0.000	0.222	0.047
131.000	129521.000	1.000	0.000	0.210	0.047
132.000	128448.000	1.000	0.000	0.218	0.047
133.000	127374.000	1.000	0.000	0.217	0.047
134.000	126301.000	1.000	0.000	0.221	0.047
135.000	125227.000	1.000	0.000	0.221	0.047
136.000	124154.000	1.000	0.000	0.219	0.047
137.000	123080.000	1.000	0.000	0.223	0.047
138.000	122007.000	1.000	0.000	0.227	0.047
139.000	120933.000	1.000	0.000	0.219	0.047
140.000	119860.000	1.000	0.000	0.223	0.047
141.000	118786.000	1.000	0.000	0.235	0.047
142.000	117713.000	1.000	0.000	0.236	0.047
143.000	116639.000	1.000	0.000	0.211	0.047
144.000	115566.000	1.000	0.000	0.238	0.047
145.000	114492.000	1.000	0.000	0.222	0.047
146.000	113419.000	1.000	0.000	0.224	0.047
147.000	112345.000	1.000	0.000	0.234	0.047
148.000	111272.000	1.000	0.000	0.213	0.047
149.000	110198.000	1.000	0.000	0.239	0.047
150.000	109125.000	1.000	0.000	0.222	0.047
151.000	108051.000	1.000	0.000	0.221	0.047
152.000	106978.000	1.000	0.000	0.229	0.047
153.000	105904.000	1.000	0.000	0.209	0.047
154.000	104831.000	1.000	0.000	0.224	0.047
155.000	103757.000	1.000	0.000	0.216	0.047
156.000	102684.000	1.000	0.000	0.224	0.047
157.000	101610.000	1.000	0.000	0.243	0.047
158.000	100537.000	1.000	0.000	0.228	0.047
159.000	99463.000	1.000	0.000	0.229	0.047
160.000	98390.000	1.000	0.000	0.230	0.047
161.000	97316.000	1.000	0.000	0.223	0.047
162.000	96243.000	1.000	0.000	0.222	0.047
163.000	95169.000	1.000	0.000	0.222	0.047
164.000	94096.000	1.000	0.000	0.222	0.047
165.000	93022.000	1.000	0.000	0.219	0.047
166.000	91949.000	1.000	0.000	0.225	0.047
167.000	90875.000	1.000	0.000	0.222	0.047
168.000	89802.000	1.000	0.000	0.225	0.047
169.000	88728.000	1.000	0.000	0.220	0.047
170.000	87655.000	1.000	0.000	0.231	0.047
171.000	86581.000	1.000	0.000	0.232	0.047
172.000	85508.000	1.000	0.000	0.224	0.047
173.000	84434.000	1.000	0.000	0.206	0.047
174.000	83361.000	1.000	0.000	0.225	0.047
175.000	82287.000	1.000	0.000	0.214	0.047
176.000	81214.000	1.000	0.000	0.217	0.047
177.000	80140.000	1.000	0.000	0.217	0.047
178.000	79067.000	1.000	0.000	0.222	0.047
179.000	77993.000	1.000	0.000	0.214	0.047
180.000	76920.000	1.000	0.000	0.220	0.047
181.000	75846.000	1.000	0.000	0.232	0.047
182.000	74773.000	1.000	0.000	0.230	0.047
183.000	73699.000	1.000	0.000	0.212	0.047
184.000	72626.000	1.000	0.000	0.230	0.047
185.000	71552.000	1.000	0.000	0.216	0.047
186.000	70479.000	1.000	0.000	0.227	0.047
187.000	69405.000	1.000	0.000	0.230	0.047
188.000	68332.000	1.000	0.000	0.230	0.047
189.000	67258.000	1.000	0.000	0.218	0.047
190.000	66185.000	1.000	0.000	0.225	0.047
191.000	65111.000	1.000	0.000	0.211	0.047
192.000	64038.000	1.000	0.000	0.223	0.047
193.000	62964.000	1.000	0.000	0.232	0.047
194.000	61891.000	1.000	0.000	0.245	0.047
195.000	60817.000	1.000	0.000	0.219	0.047
196.000	59744.000	1.000	0.000	0.222	0.047
197.000	58670.000	1.000	0.000	0.218	0.047
198.000	57597.000	1.000	0.000	0.212	0.047
199.000	56523.000	1.000	0.000	0.215	0.047
200.000	55450.000	1.000	0.000	0.196	0.047
201.000	54376.000	1.000	0.000	0.215	0.047
202.000	53303.000	1.000	0.000	0.255	0.047
203.000	52229.000	1.000	0.000	0.215	0.047
204.000	51156.000	1.000	0.000	0.210	0.047
205.000	50082.000	1.000	0.000	0.214	0.047
206.000	49009.000	1.000	0.000	0.225	0.047
207.000	47935.000	1.000	0.000	0.227	0.047
208.000	46862.000	1.000	0.000	0.216	0.047
209.000	45788.000	1.000	0.000	0.222	0.047
210.000	44715.000	1.000	0.000	0.224	0.047
211.000	43641.000	1.000	0.000	0.227	0.047
212.000	43910.000	1.000	0.000	0.233	0.047
213.000	44983.000	1.000	0.000	0.205	0.047
214.000	46057.000	1.000	0.000	0.222	0.047
215.000	47130.000	1.000	0.000	0.213	0.047
216.000	48204.000	1.000	0.000	0.208	0.047
217.000	49277.000	1.000	0.000	0.207	0.047
218.000	50351.000	1.000	0.000	0.210	0.047
219.000	51424.000	1.000	0.000	0.214	0.047
220.000	52498.000	1.000	0.000	0.206	0.047
221.000	53571.000	1.000	0.000	0.216	0.047
222.000	54645.000	1.000	0.000	0.210	0.047
223.000	55718.000	1.000	0.000	0.205	0.047
224.000	56792.000	1.000	0.000	0.205	0.047
225.000	57865.000	1.000	0.000	0.209	0.047
226.000	58939.000	1.000	0.000	0.213	0.047
227.000	60012.000	1.000	0.000	0.211	0.047
228.000	61086.000	1.000	0.000	0.229	0.047
229.000	62159.000	1.000	0.000	0.204	0.047
230.000	63233.000	1.000	0.000	0.213	0.047
231.000	64306.000	1.000	0.000	0.204	0.047
232.000	65380.000	1.000	0.000	0.217	0.047
233.000	66453.000	1.000	0.000	0.209	0.047
234.000	67527.000	1.000	0.000	0.221	0.047
235.000	68600.000	1.000	0.000	0.218	0.047
236.000	69674.000	1.000	0.000	0.218	0.047
237.000	70747.000	1.000	0.000	0.244	0.047
238.000	71821.000	1.000	0.000	0.229	0.047
239.000	72894.000	1.000	0.000	0.203	0.047
240.000	73968.000	1.000	0.000	0.205	0.047
241.000	75041.000	1.000	0.000	0.209	0.047
242.000	76115.000	1.000	0.000	0.214	0.047
243.000	77188.000	1.000	0.000	0.209	0.047
244.000	78262.000	1.000	0.000	0.205	0.047
245.000	79335.000	1.000	0.000	0.218	0.047
246.000	80409.000	1.000	0.000	0.199	0.047
247.000	81482.000	1.000	0.000	0.202	0.047
248.000	82556.000	1.000	0.000	0.206	0.047
249.000	83629.000	1.000	0.000	0.206	0.047
250.000	84703.000	1.000	0.000	0.212	0.047
251.000	85776.000	1.000	0.000	0.209	0.047
252.000	86850.000	1.000	0.000	0.216	0.047
253.000	87923.000	1.000	0.000	0.213	0.047
254.000	88997.000	1.000	0.000	0.208	0.047
255.000	90070.000	1.000	0.000	0.192	0.047
256.000	91144.000	1.000	0.000	0.209	0.047
257.000	92217.000	1.000	0.000	0.195	0.047
258.000	93291.000	1.000	0.000	0.197	0.047
259.000	94364.000	1.000	0.000	0.216	0.047
260.000	95438.000	1.000	0.000	0.208	0.047
261.000	96511.000	1.000	0.000	0.216	0.047
262.000	97585.000	1.000	0.000	0.206	0.047
263.000	98658.000	1.000	0.000	0.208	0.047
264.000	99732.000	1.000	0.000	0.197	0.047
265.000	100805.000	1.000	0.000	0.204	0.047
266.000	101879.000	1.000	0.000	0.217	0.047
267.000	102952.000	1.000	0.000	0.203	0.047
268.000	104026.000	1.000	0.000	0.208	0.047
269.000	105099.000	1.000	0.000	0.207	0.047
270.000	106173.000	1.000	0.000	0.199	0.047
271.000	107246.000	1.000	0.000	0.195	0.047
272.000	108320.000	1.000	0.000	0.219	0.047
273.000	109393.000	1.000	0.000	0.210	0.047
274.000	110467.000	1.000	0.000	0.206	0.047
275.000	111540.000	1.000	0.000	0.202	0.047
276.000	112614.000	1.000	0.000	0.191	0.047
277.000	113687.000	1.000	0.000	0.218	0.047
278.000	114761.000	1.000	0.000	0.201	0.047
279.000	115834.000	1.000	0.000	0.208	0.047
280.000	116908.000	1.000	0.000	0.205	0.047
281.000	117981.000	1.000	0.000	0.219	0.047
282.000	119055.000	1.000	0.000	0.198	0.047
283.000	120128.000	1.000	0.000	0.202	0.047
284.000	121202.000	1.000	0.000	0.185	0.047
285.000	122275.000	1.000	0.000	0.207	0.047
286.000	123349.000	1.000	0.000	0.210	0.047
287.000	124422.000	1.000	0.000	0.219	0.047
288.000	125496.000	1.000	0.000	0.195	0.047
289.000	126569.000	1.000	0.000	0.201	0.047
290.000	127643.000	1.000	0.000	0.186	0.047
291.000	128716.000	1.000	0.000	0.204	0.047
292.000	129790.000	1.000	0.000	0.206	0.047
293.000	130863.000	1.000	0.000	0.202	0.047
294.000	131937.000	1.000	0.000	0.228	0.047
295.000	133010.000	1.000	0.000	0.233	0.047
296.000	134084.000	1.000	0.000	0.216	0.047
297.000	135157.000	1.000	0.000	0.225	0.047
298.000	136231.000	1.000	0.000	0.202	0.047
299.000	137304.000	1.000	0.000	0.202	0.047
300.000	138378.000	1.000	0.000	0.206	0.047
301.000	139451.000	1.000	0.000	0.209	0.047
302.000	140525.000	1.000	0.000	0.222	0.047
303.000	141598.000	1.000	0.000	0.209	0.047
304.000	142672.000	1.000	0.000	0.211	0.047
305.000	143745.000	1.000	0.000	0.197	0.047
306.000	144819.000	1.000	0.000	0.211	0.047
307.000	145892.000	1.000	0.000	0.217	0.047
308.000	146966.000	1.000	0.000	0.184	0.047
309.000	148039.000	1.000	0.000	0.208	0.047
310.000	149113.000	1.000	0.000	0.207	0.047
311.000	150186.000	1.000	0.000	0.211	0.047
312.000	151260.000	1.000	0.000	0.197	0.047
313.000	152333.000	1.000	0.000	0.184	0.047
314.000	153407.000	1.000	0.000	0.193	0.047
315.000	154480.000	1.000	0.000	0.197	0.047
316.000	155554.000	1.000	0.000	0.213	0.047
317.000	156627.000	1.000	0.000	0.193	0.047
318.000	155822.000	1.000	0.000	0.197	0.047
319.000	154748.000	1.000	0.000	0.210	0.047
320.000	153675.000	1.000	0.000	0.215	0.047
321.000	152601.000	1.000	0.000	0.209	0.047
322.000	151528.000	1.000	0.000	0.200	0.047
323.000	150454.000	1.000	0.000	0.202	0.047
324.000	149381.000	1.000	0.000	0.212	0.047
325.000	148307.000	1.000	0.000	0.219	0.047
326.000	147234.000	1.000	0.000	0.213	0.047
327.000	146160.000	1.000	0.000	0.195	0.047
328.000	145087.000	1.000	0.000	0.201	0.047
329.000	144013.000	1.000	0.000	0.217	0.047
330.000	142940.000	1.000	0.000	0.219	0.047
331.000	141866.000	1.000	0.000	0.207	0.047
332.000	140793.000	1.000	0.000	0.201	0.047
333.000	139719.000	1.000	0.000	0.217	0.047
334.000	138646.000	1.000	0.000	0.213	0.047
335.000	137572.000	1.000	0.000	0.209	0.047
336.000	136499.000	1.000	0.000	0.213	0.047
337.000	135425.000	1.000	0.000	0.219	0.047
338.000	134352.000	1.000	0.000	0.219	0.047
339.000	133278.000	1.000	0.000	0.221	0.047
340.000	132205.000	1.000	0.000	0.229	0.047
341.000	131131.000	1.000	0.000	0.208	0.047
342.000	130058.000	1.000	0.000	0.205	0.047
343.000	128984.000	1.000	0.000	0.201	0.047
344.000	127911.000	1.000	0.000	0.213	0.047
345.000	126837.000	1.000	0.000	0.198	0.047
346.000	125764.000	1.000	0.000	0.213	0.047
347.000	124690.000	1.000	0.000	0.223	0.047
348.000	123617.000	1.000	0.000	0.213	0.047
349.000	122543.000	1.000	0.000	0.200	0.047
350.000	121470.000	1.000	0.000	0.199	0.047
351.000	120396.000	1.000	0.000	0.208	0.047
352.000	119323.000	1.000	0.000	0.206	0.047
353.000	118249.000	1.000	0.000	0.214	0.047
354.000	117176.000	1.000	0.000	0.214	0.047
355.000	116102.000	1.000	0.000	0.214	0.047
356.000	115029.000	1.000	0.000	0.220	0.047
357.000	113955.000	1.000	0.000	0.215	0.047
358.000	112882.000	1.000	0.000	0.208	0.047
359.000	111808.000	1.000	0.000	0.225	0.047
360.000	110735.000	1.000	0.000	0.225	0.047
361.000	109661.000	1.000	0.000	0.222	0.047
362.000	108588.000	1.000	0.000	0.223	0.047
363.000	107514.000	1.000	0.000	0.245	0.047
364.000	106441.000	1.000	0.000	0.218	0.047
365.000	105367.000	1.000	0.000	0.224	0.047
366.000	104294.000	1.000	0.000	0.232	0.047
367.000	103220.000	1.000	0.000	0.231	0.047
368.000	102147.000	1.000	0.000	0.227	0.047
369.000	101073.000	1.000	0.000	0.244	0.047
370.000	100000.000	1.000	0.000	0.255	0.047
371.000	98927.000	1.000	0.000	0.224	0.047
372.000	97853.000	1.000	0.000	0.239	0.047
373.000	96780.000	1.000	0.000	0.224	0.047
374.000	95706.000	1.000	0.000	0.233	0.047
375.000	94633.000	1.000	0.000	0.225	0.047
376.000	93559.000	1.000	0.000	0.241	0.047
377.000	92486.000	1.000	0.000	0.225	0.047
378.000	91412.000	1.000	0.000	0.217	0.047
379.000	90339.000	1.000	0.000	0.225	0.047
380.000	89265.000	1.000	0.000	0.231	0.047
381.000	88192.000	1.000	0.000	0.216	0.047
382.000	87118.000	1.000	0.000	0.222	0.047
383.000	86045.000	1.000	0.000	0.238	0.047
384.000	84971.000	1.000	0.000	0.216	0.047
385.000	83898.000	1.000	0.000	0.229	0.047
386.000	82824.000	1.000	0.000	0.233	0.047
387.000	81751.000	1.000	0.000	0.219	0.047
388.000	80677.000	1.000	0.000	0.213	0.047
389.000	79604.000	1.000	0.000	0.225	0.047
390.000	78530.000	1.000	0.000	0.207	0.047
391.000	77457.000	1.000	0.000	0.225	0.047
392.000	76383.000	1.000	0.000	0.212	0.047
393.000	75310.000	1.000	0.000	0.212	0.047
394.000	74236.000	1.000	0.000	0.225	0.047
395.000	73163.000	1.000	0.000	0.219	0.047
396.000	72089.000	1.000	0.000	0.218	0.047
397.000	71016.000	1.000	0.000	0.221	0.047
398.000	69942.000	1.000	0.000	0.215	0.047
399.000	68869.000	1.000	0.000	0.225	0.047
400.000	67795.000	1.000	0.000	0.221	0.047
401.000	66722.000	1.000	0.000	0.222	0.047
402.000	65648.000	1.000	0.000	0.222	0.047
403.000	64575.000	1.000	0.000	0.221	0.047
404.000	63501.000	1.000	0.000	0.220	0.047
405.000	62428.000	1.000	0.000	0.216	0.047
406.000	61354.000	1.000	0.000	0.223	0.047
407.000	60281.000	1.000	0.000	0.215	0.047
408.000	59207.000	1.000	0.000	0.221	0.047
409.000	58134.000	1.000	0.000	0.222	0.047
410.000	57060.000	1.000	0.000	0.235	0.047
411.000	55987.000	1.000	0.000	0.237	0.047
412.000	54913.000	1.000	0.000	0.219	0.047
413.000	53840.000	1.000	0.000	0.236	0.047
414.000	52766.000	1.000	0.000	0.224	0.047
415.000	51693.000	1.000	0.000	0.225	0.047
416.000	50619.000	1.000	0.000	0.227	0.047
417.000	49546.000	1.000	0.000	0.217	0.047
418.000	48472.000	1.000	0.000	0.205	0.047
419.000	47399.000	1.000	0.000	0.227	0.047
420.000	46325.000	1.000	0.000	0.226	0.047
421.000	45252.000	1.000	0.000	0.225	0.047
422.000	44178.000	1.000	0.000	0.223	0.053
