# Title: Dye Laser Frequency Scan, 10.0 dB on Var Attn, 40 V Top to Bot, n=27 looking for sidebands.
# Note:	Frequency Scan at n=27, 10.0 dB on Var Attn, 40 V Top to Bot, looking for Sidebands.
# Type:	Frequency
# Hittite Freq:	18512.2 MHz
# Hittite: Power	14 dBm
# Laser Freq:	NaN
# Laser Mod:	NaN
# Laser Mod Attn:	NaN
# MW Attn:	10.0 dB
# Delay:	1000 ns
# MW Off:	220 ns
# Top w/o Static:	0.00 V
# Static:	40 V
# Static Off:	NaN
i	f	n	nb	s	sb
0	-4399.22	0.15601	0.13211	0.00355908	0.000236163	
1	-4399.02	0.15601	0.13211	-0.000682941	0.000236163	
2	-4399.32	0.15601	0.13211	-0.00400421	0.000236163	
3	-4399.32	0.15601	0.13211	0.00434829	0.000236163	
4	-4399.42	0.15601	0.13211	0.00283563	0.000236163	
5	-4399.62	0.15601	0.13211	-0.000386986	0.000236163	
6	-4399.92	0.15601	0.13211	-0.00101178	0.000236163	
7	-4399.92	0.15601	0.13211	0.00513751	0.000236163	
8	-4400.32	0.15601	0.13211	-0.000978896	0.000236163	
9	-4400.32	0.15601	0.13211	-0.00245867	0.000236163	
10	-4400.32	0.15601	0.13211	-0.00236002	0.000236163	
11	-4400.32	0.15601	0.13211	0.000928369	0.000236163	
12	-4400.32	0.15601	0.13211	-0.00679934	0.000236163	
13	-4400.52	0.15601	0.13211	-0.00413575	0.000236163	
14	-4400.62	0.15601	0.13211	-0.00170234	0.000236163	
15	-4401.02	0.15601	0.13211	0.00211219	0.000236163	
16	-4401.02	0.15601	0.13211	0.00253968	0.000236163	
17	-4401.22	0.15601	0.13211	0.000369343	0.000236163	
18	-4401.22	0.15601	0.13211	0.00119144	0.000236163	
19	-4401.32	0.15601	0.13211	-0.000321218	0.000236163	
20	-4401.52	0.15601	0.13211	-0.00193253	0.000236163	
21	-4401.52	0.15601	0.13211	-0.000584289	0.000236163	
22	-4401.62	0.15601	0.13211	0.000270691	0.000236163	
23	-4401.72	0.15601	0.13211	-0.000255451	0.000236163	
24	-4402.02	0.15601	0.13211	0.000698182	0.000236163	
25	-4402.22	0.15601	0.13211	-0.000354102	0.000236163	
26	-4402.32	0.15601	0.13211	0.000928369	0.000236163	
27	-4402.72	0.15601	0.13211	0.00286852	0.000236163	
28	-4402.52	0.15601	0.13211	-0.0050565	0.000236163	
29	-4402.92	0.15601	0.13211	-0.00446459	0.000236163	
30	-4403.42	0.15601	0.13211	-0.00374114	0.000236163	
31	-4403.52	0.15601	0.13211	-0.00278751	0.000236163	
32	-4403.72	0.15601	0.13211	-0.00160369	0.000236163	
33	-4403.62	0.15601	0.13211	0.00237526	0.000236163	
34	-4404.22	0.15601	0.13211	0.0039208	0.000236163	
35	-4404.32	0.15601	0.13211	0.00161893	0.000236163	
36	-4404.52	0.15601	0.13211	0.000829717	0.000236163	
37	-4404.62	0.15601	0.13211	0.00286852	0.000236163	
38	-4404.82	0.15601	0.13211	0.00283563	0.000236163	
39	-4405.12	0.15601	0.13211	0.00411811	0.000236163	
40	-4405.42	0.15601	0.13211	0.00109279	0.000236163	
41	-4405.72	0.15601	0.13211	0.00336178	0.000236163	
42	-4405.82	0.15601	0.13211	-0.00314923	0.000236163	
43	-4406.22	0.15601	0.13211	-0.0062732	0.000236163	
44	-4406.52	0.15601	0.13211	-0.0040371	0.000236163	
45	-4406.72	0.15601	0.13211	-0.00581283	0.000236163	
46	-4407.12	0.15601	0.13211	0.00129009	0.000236163	
47	-4407.22	0.15601	0.13211	-0.00143927	0.000236163	
48	-4407.22	0.15601	0.13211	-0.00245867	0.000236163	
49	-4407.62	0.15601	0.13211	-0.00160369	0.000236163	
50	-4407.82	0.15601	0.13211	0.000862601	0.000236163	
51	-4408.32	0.15601	0.13211	0.00336178	0.000236163	
52	-4408.22	0.15601	0.13211	0.000862601	0.000236163	
53	-4408.82	0.15601	0.13211	0.00319736	0.000236163	
54	-4409.12	0.15601	0.13211	0.00257256	0.000236163	
55	-4409.42	0.15601	0.13211	-0.00157081	0.000236163	
56	-4409.42	0.15601	0.13211	-0.000485638	0.000236163	
57	-4409.92	0.15601	0.13211	-0.00170234	0.000236163	
58	-4410.12	0.15601	0.13211	0.000698182	0.000236163	
59	-4410.42	0.15601	0.13211	0.00115856	0.000236163	
60	-4410.82	0.15601	0.13211	0.00355908	0.000236163	
61	-4410.82	0.15601	0.13211	0.00257256	0.000236163	
62	-4411.32	0.15601	0.13211	0.00316447	0.000236163	
63	-4411.42	0.15601	0.13211	-0.000452754	0.000236163	
64	-4411.62	0.15601	0.13211	-0.00762144	0.000236163	
65	-4412.22	0.15601	0.13211	-5.81473E-5	0.000236163	
66	-4412.52	0.15601	0.13211	-0.000452754	0.000236163	
67	-4412.92	0.15601	0.13211	0.000698182	0.000236163	
68	-4413.02	0.15601	0.13211	0.00076395	0.000236163	
69	-4413.32	0.15601	0.13211	0.000237808	0.000236163	
70	-4413.62	0.15601	0.13211	0.00017204	0.000236163	
71	-4414.12	0.15601	0.13211	-0.00166946	0.000236163	
72	-4414.22	0.15601	0.13211	-0.00124197	0.000236163	
73	-4414.62	0.15601	0.13211	-0.00107755	0.000236163	
74	-4414.92	0.15601	0.13211	-0.00370826	0.000236163	
75	-4415.42	0.15601	0.13211	-0.00259021	0.000236163	
76	-4415.82	0.15601	0.13211	-0.000123915	0.000236163	
77	-4416.02	0.15601	0.13211	0.00115856	0.000236163	
78	-4416.32	0.15601	0.13211	-0.000321218	0.000236163	
79	-4416.62	0.15601	0.13211	-0.00406998	0.000236163	
80	-4417.12	0.15601	0.13211	-0.000880244	0.000236163	
81	-4417.42	0.15601	0.13211	-0.000650057	0.000236163	
82	-4417.82	0.15601	0.13211	-0.00377403	0.000236163	
83	-4418.12	0.15601	0.13211	-9.10312E-5	0.000236163	
84	-4418.82	0.15601	0.13211	0.00102702	0.000236163	
85	-4418.82	0.15601	0.13211	0.000500879	0.000236163	
86	-4419.32	0.15601	0.13211	-0.00196541	0.000236163	
87	-4419.32	0.15601	0.13211	-2.52634E-5	0.000236163	
88	-4419.72	0.15601	0.13211	-0.00360961	0.000236163	
89	-4419.72	0.15601	0.13211	-0.00456324	0.000236163	
90	-4420.22	0.15601	0.13211	-0.000255451	0.000236163	
91	-4420.92	0.15601	0.13211	-0.00229425	0.000236163	
92	-4421.12	0.15601	0.13211	-0.000551405	0.000236163	
93	-4421.42	0.15601	0.13211	-0.000617173	0.000236163	
94	-4421.92	0.15601	0.13211	-0.00124197	0.000236163	
95	-4422.22	0.15601	0.13211	0.00283563	0.000236163	
96	-4422.42	0.15601	0.13211	0.000731066	0.000236163	
97	-4422.72	0.15601	0.13211	-0.00462901	0.000236163	
98	-4423.22	0.15601	0.13211	-0.00439882	0.000236163	
99	-4423.22	0.15601	0.13211	0.00152028	0.000236163	
100	-4423.92	0.15601	0.13211	7.62044E-6	0.000236163	
101	-4424.12	0.15601	0.13211	0.000632414	0.000236163	
102	-4424.32	0.15601	0.13211	0.00132298	0.000236163	
103	-4424.72	0.15601	0.13211	0.000106272	0.000236163	
104	-4425.02	0.15601	0.13211	0.00102702	0.000236163	
105	-4425.42	0.15601	0.13211	0.000237808	0.000236163	
106	-4425.82	0.15601	0.13211	-0.00186676	0.000236163	
107	-4426.12	0.15601	0.13211	-0.0011762	0.000236163	
108	-4426.62	0.15601	0.13211	-0.00134062	0.000236163	
109	-4427.02	0.15601	0.13211	-0.00285328	0.000236163	
110	-4427.22	0.15601	0.13211	-0.00262309	0.000236163	
111	-4427.62	0.15601	0.13211	-0.000715825	0.000236163	
112	-4427.92	0.15601	0.13211	0.000928369	0.000236163	
113	-4428.22	0.15601	0.13211	-0.000650057	0.000236163	
114	-4428.32	0.15601	0.13211	-9.10312E-5	0.000236163	
115	-4428.82	0.15601	0.13211	0.000336459	0.000236163	
116	-4429.42	0.15601	0.13211	-0.000617173	0.000236163	
117	-4429.62	0.15601	0.13211	-0.00196541	0.000236163	
118	-4430.42	0.15601	0.13211	0.000665298	0.000236163	
119	-4430.52	0.15601	0.13211	0.00115856	0.000236163	
120	-4430.52	0.15601	0.13211	0.00135586	0.000236163	
121	-4431.02	0.15601	0.13211	-9.10312E-5	0.000236163	
122	-4431.42	0.15601	0.13211	0.000862601	0.000236163	
123	-4431.62	0.15601	0.13211	-0.00157081	0.000236163	
124	-4431.92	0.15601	0.13211	-0.000123915	0.000236163	
125	-4432.32	0.15601	0.13211	-0.00278751	0.000236163	
126	-4432.62	0.15601	0.13211	-0.000814477	0.000236163	
127	-4433.32	0.15601	0.13211	0.00171758	0.000236163	
128	-4433.52	0.15601	0.13211	0.00201354	0.000236163	
129	-4433.92	0.15601	0.13211	-0.000781593	0.000236163	
130	-4433.92	0.15601	0.13211	-0.000682941	0.000236163	
131	-4434.82	0.15601	0.13211	-0.00203118	0.000236163	
132	-4435.02	0.15601	0.13211	-0.000288334	0.000236163	
133	-4435.62	0.15601	0.13211	0.000796834	0.000236163	
134	-4435.72	0.15601	0.13211	-0.00120908	0.000236163	
135	-4436.32	0.15601	0.13211	0.000928369	0.000236163	
136	-4436.72	0.15601	0.13211	-0.00229425	0.000236163	
137	-4437.02	0.15601	0.13211	0.000533762	0.000236163	
138	-4437.42	0.15601	0.13211	0.000402227	0.000236163	
139	-4437.52	0.15601	0.13211	0.00138874	0.000236163	
140	-4438.22	0.15601	0.13211	-0.00410286	0.000236163	
141	-4438.42	0.15601	0.13211	-0.000321218	0.000236163	
142	-4438.92	0.15601	0.13211	-0.00163657	0.000236163	
143	-4439.12	0.15601	0.13211	-0.0021956	0.000236163	
144	-4439.62	0.15601	0.13211	0.00181623	0.000236163	
145	-4439.92	0.15601	0.13211	0.00165181	0.000236163	
146	-4440.32	0.15601	0.13211	-0.00663492	0.000236163	
147	-4440.72	0.15601	0.13211	-0.0040371	0.000236163	
148	-4441.02	0.15601	0.13211	0.00184912	0.000236163	
149	-4441.12	0.15601	0.13211	-0.00104466	0.000236163	
150	-4441.62	0.15601	0.13211	0.0016847	0.000236163	
151	-4442.02	0.15601	0.13211	0.00148739	0.000236163	
152	-4442.62	0.15601	0.13211	-0.000584289	0.000236163	
153	-4442.82	0.15601	0.13211	-0.000255451	0.000236163	
154	-4443.32	0.15601	0.13211	-0.00472766	0.000236163	
155	-4443.22	0.15601	0.13211	-0.00157081	0.000236163	
156	-4443.92	0.15601	0.13211	0.000731066	0.000236163	
157	-4444.12	0.15601	0.13211	0.00326312	0.000236163	
158	-4444.72	0.15601	0.13211	0.000336459	0.000236163	
159	-4444.92	0.15601	0.13211	0.00109279	0.000236163	
160	-4445.12	0.15601	0.13211	-0.00334654	0.000236163	
161	-4445.42	0.15601	0.13211	0.00247391	0.000236163	
162	-4445.92	0.15601	0.13211	0.00115856	0.000236163	
163	-4446.22	0.15601	0.13211	0.00102702	0.000236163	
164	-4446.52	0.15601	0.13211	0.00181623	0.000236163	
165	-4446.62	0.15601	0.13211	0.000829717	0.000236163	
166	-4447.32	0.15601	0.13211	-0.000386986	0.000236163	
167	-4447.82	0.15601	0.13211	0.00283563	0.000236163	
168	-4448.22	0.15601	0.13211	0.00286852	0.000236163	
169	-4448.32	0.15601	0.13211	0.0025068	0.000236163	
170	-4448.52	0.15601	0.13211	0.00260545	0.000236163	
171	-4449.22	0.15601	0.13211	0.00237526	0.000236163	
172	-4449.62	0.15601	0.13211	-0.00252444	0.000236163	
173	-4449.82	0.15601	0.13211	0.00158605	0.000236163	
174	-4450.52	0.15601	0.13211	0.00178335	0.000236163	
175	-4450.82	0.15601	0.13211	0.000139156	0.000236163	
176	-4451.72	0.15601	0.13211	0.00217796	0.000236163	
177	-4451.72	0.15601	0.13211	-0.00387268	0.000236163	
178	-4452.32	0.15601	0.13211	0.0027041	0.000236163	
179	-4452.72	0.15601	0.13211	-0.000321218	0.000236163	
180	-4452.82	0.15601	0.13211	0.000270691	0.000236163	
181	-4453.32	0.15601	0.13211	-0.00282039	0.000236163	
182	-4453.72	0.15601	0.13211	-0.00318212	0.000236163	
183	-4454.22	0.15601	0.13211	0.00181623	0.000236163	
184	-4454.62	0.15601	0.13211	0.00276987	0.000236163	
185	-4454.92	0.15601	0.13211	0.00230949	0.000236163	
186	-4455.62	0.15601	0.13211	0.000500879	0.000236163	
187	-4456.22	0.15601	0.13211	0.000566646	0.000236163	
188	-4456.22	0.15601	0.13211	0.00355908	0.000236163	
189	-4456.32	0.15601	0.13211	0.00569653	0.000236163	
190	-4456.52	0.15601	0.13211	0.000566646	0.000236163	
191	-4456.82	0.15601	0.13211	0.00457848	0.000236163	
192	-4457.52	0.15601	0.13211	-0.00150504	0.000236163	
193	-4457.82	0.15601	0.13211	0.000928369	0.000236163	
194	-4458.12	0.15601	0.13211	0.00102702	0.000236163	
195	-4458.72	0.15601	0.13211	0.00119144	0.000236163	
196	-4458.82	0.15601	0.13211	-2.52634E-5	0.000236163	
197	-4459.52	0.15601	0.13211	0.00224372	0.000236163	
198	-4459.62	0.15601	0.13211	0.00319736	0.000236163	
199	-4459.82	0.15601	0.13211	-0.00242579	0.000236163	
200	-4460.02	0.15601	0.13211	0.00546634	0.000236163	
201	-4460.42	0.15601	0.13211	0.00283563	0.000236163	
202	-4460.72	0.15601	0.13211	0.001882	0.000236163	
203	-4460.92	0.15601	0.13211	0.00510462	0.000236163	
204	-4461.32	0.15601	0.13211	0.00395369	0.000236163	
205	-4461.82	0.15601	0.13211	0.00507174	0.000236163	
206	-4462.12	0.15601	0.13211	0.00941241	0.000236163	
207	-4462.62	0.15601	0.13211	0.00832724	0.000236163	
208	-4462.82	0.15601	0.13211	0.00681458	0.000236163	
209	-4463.02	0.15601	0.13211	0.00517039	0.000236163	
210	-4463.42	0.15601	0.13211	0.00618979	0.000236163	
211	-4463.72	0.15601	0.13211	0.0079984	0.000236163	
212	-4464.12	0.15601	0.13211	0.0164496	0.000236163	
213	-4464.62	0.15601	0.13211	0.0137202	0.000236163	
214	-4464.82	0.15601	0.13211	0.0155946	0.000236163	
215	-4465.32	0.15601	0.13211	0.0147725	0.000236163	
216	-4465.62	0.15601	0.13211	0.014345	0.000236163	
217	-4466.12	0.15601	0.13211	0.012931	0.000236163	
218	-4466.42	0.15601	0.13211	0.0118458	0.000236163	
219	-4466.52	0.15601	0.13211	0.0113854	0.000236163	
220	-4466.82	0.15601	0.13211	0.0176991	0.000236163	
221	-4467.12	0.15601	0.13211	0.00931376	0.000236163	
222	-4467.42	0.15601	0.13211	0.0145423	0.000236163	
223	-4467.92	0.15601	0.13211	0.0147396	0.000236163	
224	-4468.02	0.15601	0.13211	0.0113526	0.000236163	
225	-4468.62	0.15601	0.13211	0.00783398	0.000236163	
226	-4468.72	0.15601	0.13211	0.0147725	0.000236163	
227	-4469.22	0.15601	0.13211	0.0232894	0.000236163	
228	-4469.32	0.15601	0.13211	0.0151013	0.000236163	
229	-4469.82	0.15601	0.13211	0.0196064	0.000236163	
230	-4470.02	0.15601	0.13211	0.0131941	0.000236163	
231	-4470.42	0.15601	0.13211	0.0109908	0.000236163	
232	-4470.62	0.15601	0.13211	0.00730784	0.000236163	
233	-4470.82	0.15601	0.13211	0.0106291	0.000236163	
234	-4471.32	0.15601	0.13211	0.0118787	0.000236163	
235	-4471.72	0.15601	0.13211	0.0115499	0.000236163	
236	-4472.22	0.15601	0.13211	0.0107935	0.000236163	
237	-4472.22	0.15601	0.13211	0.0111553	0.000236163	
238	-4472.72	0.15601	0.13211	0.00816282	0.000236163	
239	-4473.12	0.15601	0.13211	0.00970836	0.000236163	
240	-4473.32	0.15601	0.13211	0.00987278	0.000236163	
241	-4473.42	0.15601	0.13211	0.00796552	0.000236163	
242	-4474.12	0.15601	0.13211	0.00980702	0.000236163	
243	-4474.12	0.15601	0.13211	0.00809705	0.000236163	
244	-4474.52	0.15601	0.13211	0.00924799	0.000236163	
245	-4474.72	0.15601	0.13211	0.00490732	0.000236163	
246	-4475.12	0.15601	0.13211	0.00464425	0.000236163	
247	-4475.42	0.15601	0.13211	0.00720919	0.000236163	
248	-4475.82	0.15601	0.13211	0.00563076	0.000236163	
249	-4475.62	0.15601	0.13211	0.00615691	0.000236163	
250	-4476.32	0.15601	0.13211	0.00763668	0.000236163	
251	-4476.62	0.15601	0.13211	0.00819571	0.000236163	
252	-4476.92	0.15601	0.13211	0.0124706	0.000236163	
253	-4477.32	0.15601	0.13211	0.0111224	0.000236163	
254	-4477.62	0.15601	0.13211	0.0110566	0.000236163	
255	-4478.02	0.15601	0.13211	0.0110566	0.000236163	
256	-4478.22	0.15601	0.13211	0.0140162	0.000236163	
257	-4478.42	0.15601	0.13211	0.0138188	0.000236163	
258	-4478.82	0.15601	0.13211	0.0182253	0.000236163	
259	-4479.02	0.15601	0.13211	0.0148382	0.000236163	
260	-4479.32	0.15601	0.13211	0.0176005	0.000236163	
261	-4479.82	0.15601	0.13211	0.0116814	0.000236163	
262	-4479.82	0.15601	0.13211	0.0110237	0.000236163	
263	-4480.42	0.15601	0.13211	0.00826147	0.000236163	
264	-4480.52	0.15601	0.13211	0.0135229	0.000236163	
265	-4480.82	0.15601	0.13211	0.0146738	0.000236163	
266	-4481.22	0.15601	0.13211	0.00934664	0.000236163	
267	-4481.82	0.15601	0.13211	0.0135887	0.000236163	
268	-4482.42	0.15601	0.13211	0.0113854	0.000236163	
269	-4482.32	0.15601	0.13211	0.00641998	0.000236163	
270	-4483.02	0.15601	0.13211	0.00872185	0.000236163	
271	-4483.12	0.15601	0.13211	0.0105962	0.000236163	
272	-4483.52	0.15601	0.13211	0.00714342	0.000236163	
273	-4483.82	0.15601	0.13211	0.00451271	0.000236163	
274	-4483.92	0.15601	0.13211	0.00914934	0.000236163	
275	-4484.22	0.15601	0.13211	0.0118129	0.000236163	
276	-4484.92	0.15601	0.13211	0.00977413	0.000236163	
277	-4484.92	0.15601	0.13211	0.00852454	0.000236163	
278	-4485.62	0.15601	0.13211	0.011517	0.000236163	
279	-4485.92	0.15601	0.13211	0.0103003	0.000236163	
280	-4486.22	0.15601	0.13211	0.0127008	0.000236163	
281	-4486.42	0.15601	0.13211	0.00691323	0.000236163	
282	-4487.02	0.15601	0.13211	0.00510462	0.000236163	
283	-4486.92	0.15601	0.13211	0.00461136	0.000236163	
284	-4487.32	0.15601	0.13211	0.0104647	0.000236163	
285	-4487.62	0.15601	0.13211	0.00908357	0.000236163	
286	-4487.82	0.15601	0.13211	0.00671593	0.000236163	
287	-4488.22	0.15601	0.13211	0.00359196	0.000236163	
288	-4488.82	0.15601	0.13211	0.00625556	0.000236163	
289	-4488.82	0.15601	0.13211	0.0086232	0.000236163	
290	-4489.32	0.15601	0.13211	0.0088205	0.000236163	
291	-4489.92	0.15601	0.13211	0.0102674	0.000236163	
292	-4489.92	0.15601	0.13211	0.0121089	0.000236163	
293	-4490.32	0.15601	0.13211	0.0108264	0.000236163	
294	-4490.82	0.15601	0.13211	0.0121089	0.000236163	
295	-4490.92	0.15601	0.13211	0.0207902	0.000236163	
296	-4491.52	0.15601	0.13211	0.0106949	0.000236163	
297	-4491.72	0.15601	0.13211	0.0173045	0.000236163	
298	-4492.12	0.15601	0.13211	0.026512	0.000236163	
299	-4492.42	0.15601	0.13211	0.0273341	0.000236163	
300	-4492.72	0.15601	0.13211	0.0304252	0.000236163	
301	-4493.02	0.15601	0.13211	0.0337794	0.000236163	
302	-4493.22	0.15601	0.13211	0.0412111	0.000236163	
303	-4493.42	0.15601	0.13211	0.0564692	0.000236163	
304	-4494.22	0.15601	0.13211	0.0649862	0.000236163	
305	-4494.52	0.15601	0.13211	0.0878405	0.000236163	
306	-4494.92	0.15601	0.13211	0.0929704	0.000236163	
307	-4495.12	0.15601	0.13211	0.142888	0.000236163	
308	-4495.52	0.15601	0.13211	0.140652	0.000236163	
309	-4495.62	0.15601	0.13211	0.158541	0.000236163	
310	-4496.22	0.15601	0.13211	0.196094	0.000236163	
311	-4496.52	0.15601	0.13211	0.230984	0.000236163	
312	-4497.02	0.15601	0.13211	0.263079	0.000236163	
313	-4497.52	0.15601	0.13211	0.318521	0.000236163	
314	-4497.92	0.15601	0.13211	0.340422	0.000236163	
315	-4498.02	0.15601	0.13211	0.394911	0.000236163	
316	-4498.72	0.15601	0.13211	0.409906	0.000236163	
317	-4498.82	0.15601	0.13211	0.471334	0.000236163	
318	-4499.22	0.15601	0.13211	0.503166	0.000236163	
319	-4499.62	0.15601	0.13211	0.564166	0.000236163	
320	-4500.22	0.15601	0.13211	0.568671	0.000236163	
321	-4500.42	0.15601	0.13211	0.621779	0.000236163	
322	-4500.92	0.15601	0.13211	0.668048	0.000236163	
323	-4501.32	0.15601	0.13211	0.659761	0.000236163	
324	-4501.62	0.15601	0.13211	0.643911	0.000236163	
325	-4502.02	0.15601	0.13211	0.710041	0.000236163	
326	-4502.42	0.15601	0.13211	0.779165	0.000236163	
327	-4502.62	0.15601	0.13211	0.773114	0.000236163	
328	-4503.22	0.15601	0.13211	0.803763	0.000236163	
329	-4503.62	0.15601	0.13211	0.770089	0.000236163	
330	-4503.72	0.15601	0.13211	0.805571	0.000236163	
331	-4504.32	0.15601	0.13211	0.829873	0.000236163	
332	-4504.72	0.15601	0.13211	0.869894	0.000236163	
333	-4504.92	0.15601	0.13211	0.906364	0.000236163	
334	-4505.42	0.15601	0.13211	0.90176	0.000236163	
335	-4505.52	0.15601	0.13211	0.857825	0.000236163	
336	-4506.22	0.15601	0.13211	0.876866	0.000236163	
337	-4506.62	0.15601	0.13211	0.878214	0.000236163	
338	-4507.02	0.15601	0.13211	0.845724	0.000236163	
339	-4507.22	0.15601	0.13211	0.870289	0.000236163	
340	-4507.72	0.15601	0.13211	0.868579	0.000236163	
341	-4508.02	0.15601	0.13211	0.837437	0.000236163	
342	-4508.52	0.15601	0.13211	0.821915	0.000236163	
343	-4508.82	0.15601	0.13211	0.775449	0.000236163	
344	-4509.22	0.15601	0.13211	0.757362	0.000236163	
345	-4509.82	0.15601	0.13211	0.727437	0.000236163	
346	-4510.12	0.15601	0.13211	0.736908	0.000236163	
347	-4510.22	0.15601	0.13211	0.714185	0.000236163	
348	-4510.62	0.15601	0.13211	0.704977	0.000236163	
349	-4511.02	0.15601	0.13211	0.686332	0.000236163	
350	-4511.72	0.15601	0.13211	0.666404	0.000236163	
351	-4511.62	0.15601	0.13211	0.686266	0.000236163	
352	-4512.32	0.15601	0.13211	0.652954	0.000236163	
353	-4512.52	0.15601	0.13211	0.678045	0.000236163	
354	-4512.92	0.15601	0.13211	0.666338	0.000236163	
355	-4513.22	0.15601	0.13211	0.65177	0.000236163	
356	-4513.62	0.15601	0.13211	0.676302	0.000236163	
357	-4513.92	0.15601	0.13211	0.683372	0.000236163	
358	-4514.12	0.15601	0.13211	0.659597	0.000236163	
359	-4514.32	0.15601	0.13211	0.66841	0.000236163	
360	-4514.82	0.15601	0.13211	0.687285	0.000236163	
361	-4515.42	0.15601	0.13211	0.668147	0.000236163	
362	-4515.62	0.15601	0.13211	0.674987	0.000236163	
363	-4515.92	0.15601	0.13211	0.686989	0.000236163	
364	-4516.32	0.15601	0.13211	0.655223	0.000236163	
365	-4516.72	0.15601	0.13211	0.67354	0.000236163	
366	-4516.82	0.15601	0.13211	0.646706	0.000236163	
367	-4517.42	0.15601	0.13211	0.636117	0.000236163	
368	-4517.62	0.15601	0.13211	0.641806	0.000236163	
369	-4518.22	0.15601	0.13211	0.652888	0.000236163	
370	-4518.62	0.15601	0.13211	0.592447	0.000236163	
371	-4518.92	0.15601	0.13211	0.607475	0.000236163	
372	-4519.22	0.15601	0.13211	0.579556	0.000236163	
373	-4519.52	0.15601	0.13211	0.596195	0.000236163	
374	-4520.02	0.15601	0.13211	0.584028	0.000236163	
375	-4520.52	0.15601	0.13211	0.555057	0.000236163	
376	-4520.72	0.15601	0.13211	0.58439	0.000236163	
377	-4521.02	0.15601	0.13211	0.523718	0.000236163	
378	-4521.32	0.15601	0.13211	0.502311	0.000236163	
379	-4521.92	0.15601	0.13211	0.480311	0.000236163	
380	-4522.32	0.15601	0.13211	0.460712	0.000236163	
381	-4522.82	0.15601	0.13211	0.424573	0.000236163	
382	-4523.32	0.15601	0.13211	0.461238	0.000236163	
383	-4523.32	0.15601	0.13211	0.383665	0.000236163	
384	-4524.02	0.15601	0.13211	0.359002	0.000236163	
385	-4524.32	0.15601	0.13211	0.357259	0.000236163	
386	-4524.72	0.15601	0.13211	0.31839	0.000236163	
387	-4525.52	0.15601	0.13211	0.348084	0.000236163	
388	-4525.62	0.15601	0.13211	0.310366	0.000236163	
389	-4526.12	0.15601	0.13211	0.292543	0.000236163	
390	-4526.42	0.15601	0.13211	0.261731	0.000236163	
391	-4526.62	0.15601	0.13211	0.232201	0.000236163	
392	-4527.52	0.15601	0.13211	0.223125	0.000236163	
393	-4527.52	0.15601	0.13211	0.196818	0.000236163	
394	-4528.02	0.15601	0.13211	0.194746	0.000236163	
395	-4528.12	0.15601	0.13211	0.189353	0.000236163	
396	-4529.12	0.15601	0.13211	0.180968	0.000236163	
397	-4529.12	0.15601	0.13211	0.162487	0.000236163	
398	-4529.82	0.15601	0.13211	0.179915	0.000236163	
399	-4529.82	0.15601	0.13211	0.154266	0.000236163	
400	-4530.32	0.15601	0.13211	0.136213	0.000236163	
401	-4530.52	0.15601	0.13211	0.118883	0.000236163	
402	-4531.22	0.15601	0.13211	0.125657	0.000236163	
403	-4531.72	0.15601	0.13211	0.130261	0.000236163	
404	-4531.92	0.15601	0.13211	0.135391	0.000236163	
405	-4532.72	0.15601	0.13211	0.107374	0.000236163	
406	-4532.82	0.15601	0.13211	0.0948776	0.000236163	
407	-4533.42	0.15601	0.13211	0.0937596	0.000236163	
408	-4533.62	0.15601	0.13211	0.0931019	0.000236163	
409	-4534.02	0.15601	0.13211	0.0935294	0.000236163	
410	-4534.72	0.15601	0.13211	0.0877747	0.000236163	
411	-4535.32	0.15601	0.13211	0.0829408	0.000236163	
412	-4535.42	0.15601	0.13211	0.0725495	0.000236163	
413	-4535.62	0.15601	0.13211	0.0708724	0.000236163	
414	-4536.12	0.15601	0.13211	0.0547922	0.000236163	
415	-4536.42	0.15601	0.13211	0.0730427	0.000236163	
416	-4536.82	0.15601	0.13211	0.0569954	0.000236163	
417	-4537.12	0.15601	0.13211	0.0472618	0.000236163	
418	-4537.62	0.15601	0.13211	0.0505501	0.000236163	
419	-4537.92	0.15601	0.13211	0.0450914	0.000236163	
420	-4538.32	0.15601	0.13211	0.0253282	0.000236163	
421	-4538.82	0.15601	0.13211	0.0322996	0.000236163	
422	-4539.12	0.15601	0.13211	0.0234209	0.000236163	
423	-4539.62	0.15601	0.13211	0.0300635	0.000236163	
424	-4539.92	0.15601	0.13211	0.0197379	0.000236163	
425	-4540.32	0.15601	0.13211	0.0207902	0.000236163	
426	-4540.72	0.15601	0.13211	0.018883	0.000236163	
427	-4541.02	0.15601	0.13211	0.0234867	0.000236163	
428	-4541.12	0.15601	0.13211	0.0190145	0.000236163	
429	-4541.52	0.15601	0.13211	0.0244732	0.000236163	
430	-4541.82	0.15601	0.13211	0.0230263	0.000236163	
431	-4542.12	0.15601	0.13211	0.0248349	0.000236163	
432	-4542.42	0.15601	0.13211	0.0159234	0.000236163	
433	-4542.82	0.15601	0.13211	0.0170086	0.000236163	
434	-4543.12	0.15601	0.13211	0.0181266	0.000236163	
435	-4543.42	0.15601	0.13211	0.0176663	0.000236163	
436	-4543.72	0.15601	0.13211	0.00905069	0.000236163	
437	-4544.22	0.15601	0.13211	0.0198366	0.000236163	
438	-4544.62	0.15601	0.13211	0.0166797	0.000236163	
439	-4544.72	0.15601	0.13211	0.0159563	0.000236163	
440	-4545.12	0.15601	0.13211	0.0216452	0.000236163	
441	-4545.22	0.15601	0.13211	0.0167126	0.000236163	
442	-4545.42	0.15601	0.13211	0.0238813	0.000236163	
443	-4545.82	0.15601	0.13211	0.0180609	0.000236163	
444	-4546.52	0.15601	0.13211	0.0155617	0.000236163	
445	-4546.82	0.15601	0.13211	0.0115499	0.000236163	
446	-4546.92	0.15601	0.13211	0.0147067	0.000236163	
447	-4547.22	0.15601	0.13211	0.0156603	0.000236163	
448	-4547.42	0.15601	0.13211	0.0100372	0.000236163	
449	-4547.82	0.15601	0.13211	0.0125035	0.000236163	
450	-4548.02	0.15601	0.13211	0.00592672	0.000236163	
451	-4548.12	0.15601	0.13211	0.00872185	0.000236163	
452	-4548.62	0.15601	0.13211	0.00549923	0.000236163	
453	-4548.82	0.15601	0.13211	0.00819571	0.000236163	
454	-4549.02	0.15601	0.13211	0.00941241	0.000236163	
455	-4549.42	0.15601	0.13211	0.0100043	0.000236163	
456	-4549.82	0.15601	0.13211	0.00355908	0.000236163	
457	-4550.12	0.15601	0.13211	0.00987278	0.000236163	
458	-4550.42	0.15601	0.13211	0.00803129	0.000236163	
459	-4550.82	0.15601	0.13211	0.0105305	0.000236163	
460	-4551.12	0.15601	0.13211	0.00776822	0.000236163	
461	-4551.42	0.15601	0.13211	0.0100701	0.000236163	
462	-4551.52	0.15601	0.13211	0.00757091	0.000236163	
463	-4552.22	0.15601	0.13211	0.0107278	0.000236163	
464	-4552.42	0.15601	0.13211	0.0128981	0.000236163	
465	-4552.82	0.15601	0.13211	0.0049402	0.000236163	
466	-4552.92	0.15601	0.13211	0.00849166	0.000236163	
467	-4553.52	0.15601	0.13211	0.00868896	0.000236163	
468	-4553.72	0.15601	0.13211	0.00704477	0.000236163	
469	-4554.32	0.15601	0.13211	0.0124706	0.000236163	
470	-4554.32	0.15601	0.13211	0.0113526	0.000236163	
471	-4554.92	0.15601	0.13211	0.0104647	0.000236163	
472	-4555.02	0.15601	0.13211	0.0105962	0.000236163	
473	-4555.42	0.15601	0.13211	0.0156932	0.000236163	
474	-4555.82	0.15601	0.13211	0.00589383	0.000236163	
475	-4556.52	0.15601	0.13211	0.00612402	0.000236163	
476	-4556.62	0.15601	0.13211	0.00115856	0.000236163	
477	-4557.12	0.15601	0.13211	0.00553211	0.000236163	
478	-4557.32	0.15601	0.13211	0.00717631	0.000236163	
479	-4557.52	0.15601	0.13211	0.00773533	0.000236163	
480	-4558.02	0.15601	0.13211	0.0098399	0.000236163	
481	-4558.32	0.15601	0.13211	0.00855743	0.000236163	
482	-4558.92	0.15601	0.13211	0.00503885	0.000236163	
483	-4559.42	0.15601	0.13211	0.00540058	0.000236163	
484	-4559.52	0.15601	0.13211	0.00859031	0.000236163	
485	-4559.82	0.15601	0.13211	0.00734073	0.000236163	
486	-4560.02	0.15601	0.13211	0.00286852	0.000236163	
487	-4560.32	0.15601	0.13211	0.000632414	0.000236163	
488	-4560.72	0.15601	0.13211	0.00566365	0.000236163	
489	-4560.92	0.15601	0.13211	0.00888627	0.000236163	
490	-4561.32	0.15601	0.13211	0.00122432	0.000236163	
491	-4561.92	0.15601	0.13211	0.00609114	0.000236163	
492	-4562.22	0.15601	0.13211	0.00365773	0.000236163	
493	-4562.62	0.15601	0.13211	7.33882E-5	0.000236163	
494	-4562.62	0.15601	0.13211	0.00247391	0.000236163	
495	-4563.12	0.15601	0.13211	0.00572942	0.000236163	
496	-4563.22	0.15601	0.13211	0.00171758	0.000236163	
497	-4563.62	0.15601	0.13211	0.00076395	0.000236163	
498	-4564.02	0.15601	0.13211	0.00395369	0.000236163	
499	-4564.22	0.15601	0.13211	-0.00130773	0.000236163	
500	-4564.82	0.15601	0.13211	0.00405234	0.000236163	
501	-4564.92	0.15601	0.13211	0.00418387	0.000236163	
502	-4565.52	0.15601	0.13211	0.00138874	0.000236163	
503	-4565.62	0.15601	0.13211	0.00549923	0.000236163	
504	-4565.92	0.15601	0.13211	0.00102702	0.000236163	
505	-4566.22	0.15601	0.13211	0.00102702	0.000236163	
506	-4566.72	0.15601	0.13211	0.00526904	0.000236163	
507	-4567.02	0.15601	0.13211	0.00510462	0.000236163	
508	-4567.32	0.15601	0.13211	0.00592672	0.000236163	
509	-4567.82	0.15601	0.13211	0.00599249	0.000236163	
510	-4568.12	0.15601	0.13211	0.00171758	0.000236163	
511	-4568.32	0.15601	0.13211	0.000303575	0.000236163	
512	-4568.72	0.15601	0.13211	0.00293429	0.000236163	
513	-4569.02	0.15601	0.13211	0.00198065	0.000236163	
514	-4569.52	0.15601	0.13211	-0.000452754	0.000236163	
515	-4569.62	0.15601	0.13211	0.0027041	0.000236163	
516	-4570.12	0.15601	0.13211	-9.10312E-5	0.000236163	
517	-4570.52	0.15601	0.13211	-0.00124197	0.000236163	
518	-4571.12	0.15601	0.13211	0.00237526	0.000236163	
519	-4571.32	0.15601	0.13211	0.0010599	0.000236163	
520	-4571.62	0.15601	0.13211	0.00546634	0.000236163	
521	-4572.02	0.15601	0.13211	0.00540058	0.000236163	
522	-4572.22	0.15601	0.13211	0.0030987	0.000236163	
523	-4572.82	0.15601	0.13211	0.000928369	0.000236163	
524	-4573.22	0.15601	0.13211	0.00155316	0.000236163	
525	-4573.82	0.15601	0.13211	0.00181623	0.000236163	
526	-4574.12	0.15601	0.13211	0.00276987	0.000236163	
527	-4574.22	0.15601	0.13211	0.00145451	0.000236163	
528	-4574.62	0.15601	0.13211	0.00355908	0.000236163	
529	-4575.12	0.15601	0.13211	0.00375638	0.000236163	
530	-4575.32	0.15601	0.13211	0.00171758	0.000236163	
531	-4576.22	0.15601	0.13211	0.00444694	0.000236163	
532	-4576.32	0.15601	0.13211	0.00451271	0.000236163	
533	-4576.52	0.15601	0.13211	0.00362485	0.000236163	
534	-4576.82	0.15601	0.13211	0.00401945	0.000236163	
535	-4577.32	0.15601	0.13211	0.0029014	0.000236163	
536	-4577.72	0.15601	0.13211	0.00447983	0.000236163	
537	-4578.02	0.15601	0.13211	0.00431541	0.000236163	
538	-4578.32	0.15601	0.13211	0.00316447	0.000236163	
539	-4578.82	0.15601	0.13211	0.00382215	0.000236163	
540	-4579.12	0.15601	0.13211	0.00230949	0.000236163	
541	-4579.52	0.15601	0.13211	-0.00272174	0.000236163	
542	-4579.82	0.15601	0.13211	0.000961253	0.000236163	
543	-4580.12	0.15601	0.13211	-0.00344519	0.000236163	
544	-4580.62	0.15601	0.13211	-0.00183388	0.000236163	
545	-4580.82	0.15601	0.13211	-0.000617173	0.000236163	
546	-4581.22	0.15601	0.13211	0.0025068	0.000236163	
547	-4581.82	0.15601	0.13211	0.00267121	0.000236163	
548	-4581.82	0.15601	0.13211	-0.00143927	0.000236163	
549	-4582.52	0.15601	0.13211	0.001882	0.000236163	
550	-4582.62	0.15601	0.13211	0.000566646	0.000236163	
551	-4583.02	0.15601	0.13211	0.000369343	0.000236163	
552	-4583.32	0.15601	0.13211	-0.000617173	0.000236163	
553	-4583.72	0.15601	0.13211	-0.000978896	0.000236163	
554	-4583.92	0.15601	0.13211	0.00257256	0.000236163	
555	-4584.42	0.15601	0.13211	0.00500597	0.000236163	
556	-4584.72	0.15601	0.13211	0.000698182	0.000236163	
557	-4585.42	0.15601	0.13211	-0.000123915	0.000236163	
558	-4585.72	0.15601	0.13211	-0.00360961	0.000236163	
559	-4586.02	0.15601	0.13211	0.00125721	0.000236163	
560	-4586.22	0.15601	0.13211	0.00148739	0.000236163	
561	-4586.62	0.15601	0.13211	0.000632414	0.000236163	
562	-4587.02	0.15601	0.13211	0.00244103	0.000236163	
563	-4587.22	0.15601	0.13211	0.0035262	0.000236163	
564	-4588.02	0.15601	0.13211	0.00155316	0.000236163	
565	-4588.22	0.15601	0.13211	-0.000321218	0.000236163	
566	-4588.32	0.15601	0.13211	-0.00189964	0.000236163	
567	-4588.92	0.15601	0.13211	0.000303575	0.000236163	
568	-4589.32	0.15601	0.13211	0.00191489	0.000236163	
569	-4589.72	0.15601	0.13211	0.0029014	0.000236163	
570	-4590.02	0.15601	0.13211	0.00102702	0.000236163	
571	-4590.32	0.15601	0.13211	-0.000748709	0.000236163	
572	-4590.62	0.15601	0.13211	-0.000123915	0.000236163	
573	-4591.52	0.15601	0.13211	-0.00101178	0.000236163	
574	-4591.52	0.15601	0.13211	-0.000650057	0.000236163	
575	-4592.32	0.15601	0.13211	-0.003215	0.000236163	
576	-4592.32	0.15601	0.13211	-0.00370826	0.000236163	
577	-4592.82	0.15601	0.13211	-0.000978896	0.000236163	
578	-4593.22	0.15601	0.13211	0.000402227	0.000236163	
579	-4593.82	0.15601	0.13211	-0.00143927	0.000236163	
580	-4594.12	0.15601	0.13211	-0.00160369	0.000236163	
581	-4594.72	0.15601	0.13211	-0.000321218	0.000236163	
582	-4595.02	0.15601	0.13211	0.00198065	0.000236163	
583	-4595.32	0.15601	0.13211	-0.00331365	0.000236163	
584	-4595.62	0.15601	0.13211	0.00119144	0.000236163	
585	-4596.52	0.15601	0.13211	0.00129009	0.000236163	
586	-4596.92	0.15601	0.13211	0.00102702	0.000236163	
587	-4597.22	0.15601	0.13211	-0.000682941	0.000236163	
588	-4597.22	0.15601	0.13211	-0.00104466	0.000236163	
589	-4597.72	0.15601	0.13211	-0.00140639	0.000236163	
590	-4598.12	0.15601	0.13211	-0.00120908	0.000236163	
591	-4598.72	0.15601	0.13211	0.00405234	0.000236163	
592	-4598.92	0.15601	0.13211	0.00155316	0.000236163	
593	-4599.32	0.15601	0.13211	-0.00232713	0.000236163	
594	-4599.62	0.15601	0.13211	0.00230949	0.000236163	
595	-4600.12	0.15601	0.13211	-0.0013735	0.000236163	
596	-4600.32	0.15601	0.13211	0.000862601	0.000236163	
597	-4600.72	0.15601	0.13211	0.00326312	0.000236163	
598	-4601.12	0.15601	0.13211	0.0057623	0.000236163	
599	-4601.52	0.15601	0.13211	0.00148739	0.000236163	
600	-4602.02	0.15601	0.13211	0.00253968	0.000236163	
601	-4602.72	0.15601	0.13211	0.000139156	0.000236163	
602	-4602.92	0.15601	0.13211	-0.00288616	0.000236163	
603	-4603.12	0.15601	0.13211	0.0025068	0.000236163	
604	-4603.72	0.15601	0.13211	0.00293429	0.000236163	
605	-4604.02	0.15601	0.13211	-0.0013735	0.000236163	
606	-4604.52	0.15601	0.13211	-0.00272174	0.000236163	
607	-4605.12	0.15601	0.13211	-0.00143927	0.000236163	
608	-4605.12	0.15601	0.13211	0.000698182	0.000236163	
609	-4605.82	0.15601	0.13211	-0.000123915	0.000236163	
610	-4606.22	0.15601	0.13211	0.00171758	0.000236163	
611	-4606.22	0.15601	0.13211	0.000698182	0.000236163	
612	-4607.12	0.15601	0.13211	-0.00351095	0.000236163	
613	-4607.42	0.15601	0.13211	-0.00111043	0.000236163	
614	-4607.82	0.15601	0.13211	-0.000518522	0.000236163	
615	-4608.22	0.15601	0.13211	-0.00127485	0.000236163	
616	-4608.62	0.15601	0.13211	0.00161893	0.000236163	
617	-4608.82	0.15601	0.13211	0.00161893	0.000236163	
618	-4609.02	0.15601	0.13211	0.00592672	0.000236163	
619	-4609.62	0.15601	0.13211	0.000796834	0.000236163	
620	-4609.82	0.15601	0.13211	0.000862601	0.000236163	
621	-4610.22	0.15601	0.13211	0.00375638	0.000236163	
622	-4610.72	0.15601	0.13211	0.000402227	0.000236163	
623	-4611.22	0.15601	0.13211	-0.00104466	0.000236163	
624	-4611.52	0.15601	0.13211	0.00319736	0.000236163	
625	-4612.02	0.15601	0.13211	0.00198065	0.000236163	
626	-4612.12	0.15601	0.13211	0.000106272	0.000236163	
627	-4612.52	0.15601	0.13211	0.00115856	0.000236163	
628	-4613.02	0.15601	0.13211	0.00122432	0.000236163	
629	-4613.22	0.15601	0.13211	0.0020793	0.000236163	
630	-4613.82	0.15601	0.13211	0.00184912	0.000236163	
631	-4614.12	0.15601	0.13211	0.00129009	0.000236163	
632	-4614.42	0.15601	0.13211	0.00129009	0.000236163	
633	-4614.82	0.15601	0.13211	0.00059953	0.000236163	
634	-4615.02	0.15601	0.13211	0.00158605	0.000236163	
635	-4615.32	0.15601	0.13211	0.0027041	0.000236163	
636	-4615.72	0.15601	0.13211	0.00211219	0.000236163	
637	-4616.12	0.15601	0.13211	0.00125721	0.000236163	
638	-4616.62	0.15601	0.13211	0.00438118	0.000236163	
639	-4617.32	0.15601	0.13211	0.000500879	0.000236163	
