# Title: Dye Laser Frequency Scan, MAX on Var Attn, 40 V Top to Bot, n=27 looking for sidebands.
# Note:	Frequency Scan at n=27, MAX on Var Attn, 40 V Top to Bot, looking for Sidebands.
# Type:	Frequency
# Hittite Freq:	18512.2 MHz
# Hittite: Power	14 dBm
# Laser Freq:	NaN
# Laser Mod:	NaN
# Laser Mod Attn:	NaN
# MW Attn:	MAX
# Delay:	1000 ns
# MW Off:	220 ns
# Top w/o Static:	0.00 V
# Static:	40 V
# Static Off:	NaN
i	f	n	nb	s	sb
0	-4601.62	0.153901	0.154836	0.00165181	-0.000429735	
1	-4601.52	0.153901	0.154836	-0.00502361	-0.000429735	
2	-4601.42	0.153901	0.154836	-0.00456324	-0.000429735	
3	-4601.12	0.153901	0.154836	-2.52634E-5	-0.000429735	
4	-4600.72	0.153901	0.154836	0.000862601	-0.000429735	
5	-4600.52	0.153901	0.154836	-0.000288334	-0.000429735	
6	-4600.42	0.153901	0.154836	0.000566646	-0.000429735	
7	-4600.22	0.153901	0.154836	0.00145451	-0.000429735	
8	-4599.82	0.153901	0.154836	0.000336459	-0.000429735	
9	-4599.82	0.153901	0.154836	-0.00147215	-0.000429735	
10	-4599.42	0.153901	0.154836	-0.00147215	-0.000429735	
11	-4599.22	0.153901	0.154836	-0.00314923	-0.000429735	
12	-4598.92	0.153901	0.154836	0.00184912	-0.000429735	
13	-4598.62	0.153901	0.154836	0.000204924	-0.000429735	
14	-4598.32	0.153901	0.154836	-0.000354102	-0.000429735	
15	-4597.92	0.153901	0.154836	-5.81473E-5	-0.000429735	
16	-4597.32	0.153901	0.154836	0.000961253	-0.000429735	
17	-4597.32	0.153901	0.154836	-0.000189683	-0.000429735	
18	-4595.52	0.153901	0.154836	0.00204642	-0.000429735	
19	-4595.52	0.153901	0.154836	0.00191489	-0.000429735	
20	-4595.22	0.153901	0.154836	0.00129009	-0.000429735	
21	-4595.22	0.153901	0.154836	-0.00351095	-0.000429735	
22	-4595.12	0.153901	0.154836	-0.000748709	-0.000429735	
23	-4594.22	0.153901	0.154836	0.00181623	-0.000429735	
24	-4594.52	0.153901	0.154836	0.00145451	-0.000429735	
25	-4594.32	0.153901	0.154836	0.000139156	-0.000429735	
26	-4593.92	0.153901	0.154836	0.00286852	-0.000429735	
27	-4593.62	0.153901	0.154836	0.00418387	-0.000429735	
28	-4593.32	0.153901	0.154836	0.00191489	-0.000429735	
29	-4592.92	0.153901	0.154836	0.00017204	-0.000429735	
30	-4592.52	0.153901	0.154836	0.00740649	-0.000429735	
31	-4592.22	0.153901	0.154836	0.00125721	-0.000429735	
32	-4592.12	0.153901	0.154836	0.00566365	-0.000429735	
33	-4591.62	0.153901	0.154836	0.0039208	-0.000429735	
34	-4591.22	0.153901	0.154836	0.00447983	-0.000429735	
35	-4591.02	0.153901	0.154836	-5.81473E-5	-0.000429735	
36	-4590.82	0.153901	0.154836	0.00283563	-0.000429735	
37	-4590.52	0.153901	0.154836	0.00641998	-0.000429735	
38	-4590.32	0.153901	0.154836	0.00273698	-0.000429735	
39	-4589.72	0.153901	0.154836	0.00444694	-0.000429735	
40	-4589.52	0.153901	0.154836	0.00316447	-0.000429735	
41	-4589.02	0.153901	0.154836	0.00500597	-0.000429735	
42	-4588.82	0.153901	0.154836	0.0030987	-0.000429735	
43	-4588.52	0.153901	0.154836	0.00339466	-0.000429735	
44	-4587.92	0.153901	0.154836	0.00408522	-0.000429735	
45	-4587.72	0.153901	0.154836	-0.00272174	-0.000429735	
46	-4587.52	0.153901	0.154836	0.000533762	-0.000429735	
47	-4586.92	0.153901	0.154836	0.00273698	-0.000429735	
48	-4586.62	0.153901	0.154836	0.00237526	-0.000429735	
49	-4586.22	0.153901	0.154836	0.00125721	-0.000429735	
50	-4586.32	0.153901	0.154836	-0.00328077	-0.000429735	
51	-4585.62	0.153901	0.154836	-0.00163657	-0.000429735	
52	-4585.12	0.153901	0.154836	0.00230949	-0.000429735	
53	-4584.82	0.153901	0.154836	0.00204642	-0.000429735	
54	-4584.32	0.153901	0.154836	0.000204924	-0.000429735	
55	-4584.22	0.153901	0.154836	-0.00245867	-0.000429735	
56	-4583.92	0.153901	0.154836	-0.00101178	-0.000429735	
57	-4583.52	0.153901	0.154836	0.00536769	-0.000429735	
58	-4583.22	0.153901	0.154836	0.00421676	-0.000429735	
59	-4582.82	0.153901	0.154836	0.00076395	-0.000429735	
60	-4582.72	0.153901	0.154836	0.000961253	-0.000429735	
61	-4582.22	0.153901	0.154836	-0.00265597	-0.000429735	
62	-4581.82	0.153901	0.154836	0.00227661	-0.000429735	
63	-4581.52	0.153901	0.154836	0.00546634	-0.000429735	
64	-4581.32	0.153901	0.154836	0.00224372	-0.000429735	
65	-4580.82	0.153901	0.154836	0.000665298	-0.000429735	
66	-4580.52	0.153901	0.154836	0.00424964	-0.000429735	
67	-4580.12	0.153901	0.154836	-0.00482631	-0.000429735	
68	-4579.92	0.153901	0.154836	0.00217796	-0.000429735	
69	-4579.72	0.153901	0.154836	-0.00173523	-0.000429735	
70	-4579.42	0.153901	0.154836	0.000303575	-0.000429735	
71	-4578.62	0.153901	0.154836	-0.00134062	-0.000429735	
72	-4578.42	0.153901	0.154836	0.000961253	-0.000429735	
73	-4578.12	0.153901	0.154836	0.00161893	-0.000429735	
74	-4577.72	0.153901	0.154836	0.00355908	-0.000429735	
75	-4577.42	0.153901	0.154836	-0.00245867	-0.000429735	
76	-4576.92	0.153901	0.154836	0.00237526	-0.000429735	
77	-4576.72	0.153901	0.154836	0.00224372	-0.000429735	
78	-4576.42	0.153901	0.154836	-0.00180099	-0.000429735	
79	-4576.12	0.153901	0.154836	0.00204642	-0.000429735	
80	-4575.52	0.153901	0.154836	0.0037235	-0.000429735	
81	-4575.32	0.153901	0.154836	0.0039208	-0.000429735	
82	-4574.62	0.153901	0.154836	-0.00130773	-0.000429735	
83	-4574.42	0.153901	0.154836	0.00138874	-0.000429735	
84	-4574.42	0.153901	0.154836	0.00329601	-0.000429735	
85	-4573.92	0.153901	0.154836	-0.00229425	-0.000429735	
86	-4573.52	0.153901	0.154836	0.00487443	-0.000429735	
87	-4573.32	0.153901	0.154836	0.000698182	-0.000429735	
88	-4572.92	0.153901	0.154836	0.00135586	-0.000429735	
89	-4572.42	0.153901	0.154836	0.00017204	-0.000429735	
90	-4572.32	0.153901	0.154836	0.00194777	-0.000429735	
91	-4571.72	0.153901	0.154836	0.0049402	-0.000429735	
92	-4571.42	0.153901	0.154836	-0.00268886	-0.000429735	
93	-4571.02	0.153901	0.154836	0.0039208	-0.000429735	
94	-4570.72	0.153901	0.154836	0.00415099	-0.000429735	
95	-4570.22	0.153901	0.154836	0.00257256	-0.000429735	
96	-4569.82	0.153901	0.154836	0.00296717	-0.000429735	
97	-4569.82	0.153901	0.154836	0.00227661	-0.000429735	
98	-4569.42	0.153901	0.154836	0.00388792	-0.000429735	
99	-4568.92	0.153901	0.154836	-0.00189964	-0.000429735	
100	-4568.62	0.153901	0.154836	0.00415099	-0.000429735	
101	-4568.32	0.153901	0.154836	0.00286852	-0.000429735	
102	-4568.12	0.153901	0.154836	0.00540058	-0.000429735	
103	-4567.72	0.153901	0.154836	-0.0021956	-0.000429735	
104	-4567.52	0.153901	0.154836	0.00342754	-0.000429735	
105	-4567.02	0.153901	0.154836	0.00201354	-0.000429735	
106	-4566.82	0.153901	0.154836	0.00464425	-0.000429735	
107	-4566.42	0.153901	0.154836	0.000204924	-0.000429735	
108	-4566.22	0.153901	0.154836	0.00346043	-0.000429735	
109	-4565.72	0.153901	0.154836	0.00395369	-0.000429735	
110	-4565.62	0.153901	0.154836	0.00247391	-0.000429735	
111	-4565.22	0.153901	0.154836	0.00152028	-0.000429735	
112	-4564.82	0.153901	0.154836	0.00336178	-0.000429735	
113	-4564.32	0.153901	0.154836	-0.0013735	-0.000429735	
114	-4564.12	0.153901	0.154836	-0.00130773	-0.000429735	
115	-4563.62	0.153901	0.154836	0.00109279	-0.000429735	
116	-4563.52	0.153901	0.154836	0.00257256	-0.000429735	
117	-4563.02	0.153901	0.154836	-0.000189683	-0.000429735	
118	-4562.62	0.153901	0.154836	0.00017204	-0.000429735	
119	-4562.22	0.153901	0.154836	0.00296717	-0.000429735	
120	-4561.92	0.153901	0.154836	-0.00212983	-0.000429735	
121	-4561.82	0.153901	0.154836	0.0016847	-0.000429735	
122	-4561.42	0.153901	0.154836	0.00355908	-0.000429735	
123	-4561.02	0.153901	0.154836	0.00257256	-0.000429735	
124	-4560.52	0.153901	0.154836	0.00109279	-0.000429735	
125	-4560.42	0.153901	0.154836	0.00267121	-0.000429735	
126	-4559.92	0.153901	0.154836	0.00401945	-0.000429735	
127	-4559.62	0.153901	0.154836	0.00204642	-0.000429735	
128	-4559.52	0.153901	0.154836	0.00217796	-0.000429735	
129	-4559.12	0.153901	0.154836	-0.000255451	-0.000429735	
130	-4558.92	0.153901	0.154836	0.00181623	-0.000429735	
131	-4558.42	0.153901	0.154836	-0.00163657	-0.000429735	
132	-4558.02	0.153901	0.154836	-0.00176811	-0.000429735	
133	-4557.62	0.153901	0.154836	-0.000255451	-0.000429735	
134	-4557.42	0.153901	0.154836	-0.000321218	-0.000429735	
135	-4556.92	0.153901	0.154836	0.00161893	-0.000429735	
136	-4556.62	0.153901	0.154836	0.00401945	-0.000429735	
137	-4556.42	0.153901	0.154836	0.00313159	-0.000429735	
138	-4556.22	0.153901	0.154836	0.000698182	-0.000429735	
139	-4556.02	0.153901	0.154836	0.00184912	-0.000429735	
140	-4555.52	0.153901	0.154836	0.000566646	-0.000429735	
141	-4555.32	0.153901	0.154836	0.000270691	-0.000429735	
142	-4554.72	0.153901	0.154836	0.000303575	-0.000429735	
143	-4554.72	0.153901	0.154836	0.00155316	-0.000429735	
144	-4554.22	0.153901	0.154836	0.00165181	-0.000429735	
145	-4553.82	0.153901	0.154836	-0.00416863	-0.000429735	
146	-4554.02	0.153901	0.154836	-0.00236002	-0.000429735	
147	-4553.52	0.153901	0.154836	0.000632414	-0.000429735	
148	-4553.12	0.153901	0.154836	0.00378927	-0.000429735	
149	-4552.92	0.153901	0.154836	0.00313159	-0.000429735	
150	-4552.52	0.153901	0.154836	0.000698182	-0.000429735	
151	-4552.22	0.153901	0.154836	-0.000321218	-0.000429735	
152	-4552.12	0.153901	0.154836	0.0029014	-0.000429735	
153	-4551.72	0.153901	0.154836	-0.000123915	-0.000429735	
154	-4551.22	0.153901	0.154836	-0.000222567	-0.000429735	
155	-4551.12	0.153901	0.154836	0.00260545	-0.000429735	
156	-4550.82	0.153901	0.154836	-0.000781593	-0.000429735	
157	-4550.12	0.153901	0.154836	-0.000288334	-0.000429735	
158	-4550.22	0.153901	0.154836	0.00109279	-0.000429735	
159	-4549.72	0.153901	0.154836	0.000632414	-0.000429735	
160	-4549.42	0.153901	0.154836	0.00280275	-0.000429735	
161	-4549.12	0.153901	0.154836	0.00109279	-0.000429735	
162	-4548.72	0.153901	0.154836	-0.00410286	-0.000429735	
163	-4548.42	0.153901	0.154836	0.00221084	-0.000429735	
164	-4548.12	0.153901	0.154836	-9.10312E-5	-0.000429735	
165	-4547.92	0.153901	0.154836	0.00217796	-0.000429735	
166	-4547.42	0.153901	0.154836	-0.00084736	-0.000429735	
167	-4546.92	0.153901	0.154836	0.00214507	-0.000429735	
168	-4546.62	0.153901	0.154836	0.000369343	-0.000429735	
169	-4546.12	0.153901	0.154836	0.00132298	-0.000429735	
170	-4545.82	0.153901	0.154836	0.00119144	-0.000429735	
171	-4545.72	0.153901	0.154836	0.00217796	-0.000429735	
172	-4545.22	0.153901	0.154836	-0.000748709	-0.000429735	
173	-4544.92	0.153901	0.154836	0.00237526	-0.000429735	
174	-4544.72	0.153901	0.154836	-0.00295193	-0.000429735	
175	-4544.02	0.153901	0.154836	0.00526904	-0.000429735	
176	-4543.72	0.153901	0.154836	0.00323024	-0.000429735	
177	-4543.32	0.153901	0.154836	-0.00291904	-0.000429735	
178	-4542.92	0.153901	0.154836	0.00444694	-0.000429735	
179	-4542.72	0.153901	0.154836	0.00132298	-0.000429735	
180	-4542.12	0.153901	0.154836	0.00622267	-0.000429735	
181	-4542.22	0.153901	0.154836	0.000139156	-0.000429735	
182	-4541.42	0.153901	0.154836	0.00967548	-0.000429735	
183	-4541.42	0.153901	0.154836	0.00540058	-0.000429735	
184	-4540.62	0.153901	0.154836	0.0119116	-0.000429735	
185	-4540.22	0.153901	0.154836	0.00724207	-0.000429735	
186	-4539.92	0.153901	0.154836	0.0157919	-0.000429735	
187	-4539.72	0.153901	0.154836	0.0102674	-0.000429735	
188	-4539.42	0.153901	0.154836	0.0152657	-0.000429735	
189	-4538.92	0.153901	0.154836	0.0189487	-0.000429735	
190	-4538.72	0.153901	0.154836	0.0305239	-0.000429735	
191	-4538.22	0.153901	0.154836	0.0335163	-0.000429735	
192	-4537.72	0.153901	0.154836	0.0389093	-0.000429735	
193	-4537.22	0.153901	0.154836	0.048314	-0.000429735	
194	-4536.92	0.153901	0.154836	0.0523259	-0.000429735	
195	-4536.52	0.153901	0.154836	0.064756	-0.000429735	
196	-4536.22	0.153901	0.154836	0.0591986	-0.000429735	
197	-4536.02	0.153901	0.154836	0.062191	-0.000429735	
198	-4535.72	0.153901	0.154836	0.0847823	-0.000429735	
199	-4535.42	0.153901	0.154836	0.108985	-0.000429735	
200	-4534.82	0.153901	0.154836	0.0946803	-0.000429735	
201	-4534.62	0.153901	0.154836	0.108294	-0.000429735	
202	-4534.12	0.153901	0.154836	0.117173	-0.000429735	
203	-4533.92	0.153901	0.154836	0.118488	-0.000429735	
204	-4533.42	0.153901	0.154836	0.139896	-0.000429735	
205	-4533.02	0.153901	0.154836	0.114378	-0.000429735	
206	-4532.72	0.153901	0.154836	0.144631	-0.000429735	
207	-4532.62	0.153901	0.154836	0.142526	-0.000429735	
208	-4531.82	0.153901	0.154836	0.167683	-0.000429735	
209	-4531.42	0.153901	0.154836	0.15785	-0.000429735	
210	-4531.12	0.153901	0.154836	0.166893	-0.000429735	
211	-4530.82	0.153901	0.154836	0.198002	-0.000429735	
212	-4530.42	0.153901	0.154836	0.186755	-0.000429735	
213	-4530.52	0.153901	0.154836	0.206091	-0.000429735	
214	-4529.82	0.153901	0.154836	0.180113	-0.000429735	
215	-4529.42	0.153901	0.154836	0.219968	-0.000429735	
216	-4529.02	0.153901	0.154836	0.206453	-0.000429735	
217	-4528.72	0.153901	0.154836	0.228452	-0.000429735	
218	-4528.32	0.153901	0.154836	0.226084	-0.000429735	
219	-4527.72	0.153901	0.154836	0.248972	-0.000429735	
220	-4527.52	0.153901	0.154836	0.25055	-0.000429735	
221	-4527.32	0.153901	0.154836	0.265677	-0.000429735	
222	-4526.72	0.153901	0.154836	0.314674	-0.000429735	
223	-4526.42	0.153901	0.154836	0.335226	-0.000429735	
224	-4526.02	0.153901	0.154836	0.374885	-0.000429735	
225	-4525.52	0.153901	0.154836	0.398528	-0.000429735	
226	-4525.12	0.153901	0.154836	0.418916	-0.000429735	
227	-4524.72	0.153901	0.154836	0.453215	-0.000429735	
228	-4524.42	0.153901	0.154836	0.471367	-0.000429735	
229	-4524.22	0.153901	0.154836	0.506947	-0.000429735	
230	-4523.82	0.153901	0.154836	0.528125	-0.000429735	
231	-4523.32	0.153901	0.154836	0.563837	-0.000429735	
232	-4522.72	0.153901	0.154836	0.602674	-0.000429735	
233	-4522.42	0.153901	0.154836	0.622898	-0.000429735	
234	-4522.02	0.153901	0.154836	0.605337	-0.000429735	
235	-4521.72	0.153901	0.154836	0.614117	-0.000429735	
236	-4521.52	0.153901	0.154836	0.613525	-0.000429735	
237	-4521.12	0.153901	0.154836	0.632204	-0.000429735	
238	-4520.82	0.153901	0.154836	0.630033	-0.000429735	
239	-4520.42	0.153901	0.154836	0.602115	-0.000429735	
240	-4519.92	0.153901	0.154836	0.647594	-0.000429735	
241	-4519.52	0.153901	0.154836	0.644799	-0.000429735	
242	-4519.32	0.153901	0.154836	0.649929	-0.000429735	
243	-4518.92	0.153901	0.154836	0.664332	-0.000429735	
244	-4518.72	0.153901	0.154836	0.665582	-0.000429735	
245	-4518.22	0.153901	0.154836	0.645654	-0.000429735	
246	-4518.22	0.153901	0.154836	0.663345	-0.000429735	
247	-4517.92	0.153901	0.154836	0.682287	-0.000429735	
248	-4517.32	0.153901	0.154836	0.667028	-0.000429735	
249	-4516.92	0.153901	0.154836	0.680971	-0.000429735	
250	-4516.52	0.153901	0.154836	0.67446	-0.000429735	
251	-4516.42	0.153901	0.154836	0.689982	-0.000429735	
252	-4515.72	0.153901	0.154836	0.675546	-0.000429735	
253	-4515.72	0.153901	0.154836	0.699453	-0.000429735	
254	-4515.22	0.153901	0.154836	0.680708	-0.000429735	
255	-4514.92	0.153901	0.154836	0.70797	-0.000429735	
256	-4514.42	0.153901	0.154836	0.696822	-0.000429735	
257	-4514.12	0.153901	0.154836	0.703136	-0.000429735	
258	-4513.92	0.153901	0.154836	0.70524	-0.000429735	
259	-4513.42	0.153901	0.154836	0.716421	-0.000429735	
260	-4513.02	0.153901	0.154836	0.715599	-0.000429735	
261	-4512.92	0.153901	0.154836	0.682977	-0.000429735	
262	-4512.42	0.153901	0.154836	0.785545	-0.000429735	
263	-4511.82	0.153901	0.154836	0.750621	-0.000429735	
264	-4511.52	0.153901	0.154836	0.80692	-0.000429735	
265	-4511.32	0.153901	0.154836	0.806788	-0.000429735	
266	-4510.82	0.153901	0.154836	0.824513	-0.000429735	
267	-4510.32	0.153901	0.154836	0.85138	-0.000429735	
268	-4509.92	0.153901	0.154836	0.876504	-0.000429735	
269	-4509.72	0.153901	0.154836	0.836483	-0.000429735	
270	-4509.32	0.153901	0.154836	0.87897	-0.000429735	
271	-4509.22	0.153901	0.154836	0.85799	-0.000429735	
272	-4508.32	0.153901	0.154836	0.878247	-0.000429735	
273	-4508.22	0.153901	0.154836	0.901299	-0.000429735	
274	-4507.72	0.153901	0.154836	0.859075	-0.000429735	
275	-4507.72	0.153901	0.154836	0.909751	-0.000429735	
276	-4507.32	0.153901	0.154836	0.901168	-0.000429735	
277	-4507.12	0.153901	0.154836	0.906331	-0.000429735	
278	-4506.62	0.153901	0.154836	0.891828	-0.000429735	
279	-4506.32	0.153901	0.154836	0.863449	-0.000429735	
280	-4506.02	0.153901	0.154836	0.83405	-0.000429735	
281	-4505.42	0.153901	0.154836	0.822014	-0.000429735	
282	-4504.92	0.153901	0.154836	0.875517	-0.000429735	
283	-4504.52	0.153901	0.154836	0.811819	-0.000429735	
284	-4504.12	0.153901	0.154836	0.806887	-0.000429735	
285	-4504.02	0.153901	0.154836	0.83155	-0.000429735	
286	-4503.52	0.153901	0.154836	0.747563	-0.000429735	
287	-4502.92	0.153901	0.154836	0.727536	-0.000429735	
288	-4502.92	0.153901	0.154836	0.703826	-0.000429735	
289	-4502.12	0.153901	0.154836	0.704451	-0.000429735	
290	-4501.72	0.153901	0.154836	0.633092	-0.000429735	
291	-4501.32	0.153901	0.154836	0.620365	-0.000429735	
292	-4501.02	0.153901	0.154836	0.602279	-0.000429735	
293	-4500.62	0.153901	0.154836	0.56535	-0.000429735	
294	-4500.32	0.153901	0.154836	0.495635	-0.000429735	
295	-4499.72	0.153901	0.154836	0.470314	-0.000429735	
296	-4499.32	0.153901	0.154836	0.436542	-0.000429735	
297	-4498.82	0.153901	0.154836	0.398068	-0.000429735	
298	-4498.62	0.153901	0.154836	0.31839	-0.000429735	
299	-4498.12	0.153901	0.154836	0.303197	-0.000429735	
300	-4497.72	0.153901	0.154836	0.263013	-0.000429735	
301	-4497.42	0.153901	0.154836	0.198002	-0.000429735	
302	-4497.22	0.153901	0.154836	0.179817	-0.000429735	
303	-4496.72	0.153901	0.154836	0.159988	-0.000429735	
304	-4496.42	0.153901	0.154836	0.140553	-0.000429735	
305	-4496.22	0.153901	0.154836	0.0999089	-0.000429735	
306	-4495.72	0.153901	0.154836	0.0953051	-0.000429735	
307	-4495.52	0.153901	0.154836	0.0733716	-0.000429735	
308	-4495.02	0.153901	0.154836	0.0640654	-0.000429735	
309	-4495.02	0.153901	0.154836	0.0474919	-0.000429735	
310	-4494.32	0.153901	0.154836	0.0456176	-0.000429735	
311	-4494.12	0.153901	0.154836	0.0464397	-0.000429735	
312	-4493.42	0.153901	0.154836	0.0344699	-0.000429735	
313	-4493.32	0.153901	0.154836	0.0306225	-0.000429735	
314	-4492.92	0.153901	0.154836	0.0264463	-0.000429735	
315	-4492.42	0.153901	0.154836	0.0171401	-0.000429735	
316	-4492.32	0.153901	0.154836	0.0148711	-0.000429735	
317	-4491.52	0.153901	0.154836	0.0192447	-0.000429735	
318	-4491.22	0.153901	0.154836	0.010103	-0.000429735	
319	-4490.82	0.153901	0.154836	0.0102345	-0.000429735	
320	-4490.52	0.153901	0.154836	0.00891915	-0.000429735	
321	-4490.02	0.153901	0.154836	0.0067817	-0.000429735	
322	-4489.72	0.153901	0.154836	0.00201354	-0.000429735	
323	-4489.32	0.153901	0.154836	0.00303294	-0.000429735	
324	-4489.12	0.153901	0.154836	0.0035262	-0.000429735	
325	-4488.62	0.153901	0.154836	0.0049402	-0.000429735	
326	-4488.32	0.153901	0.154836	0.00234238	-0.000429735	
327	-4488.12	0.153901	0.154836	0.00332889	-0.000429735	
328	-4487.72	0.153901	0.154836	0.000665298	-0.000429735	
329	-4487.22	0.153901	0.154836	0.00517039	-0.000429735	
330	-4487.02	0.153901	0.154836	0.000237808	-0.000429735	
331	-4486.82	0.153901	0.154836	-0.00107755	-0.000429735	
332	-4486.22	0.153901	0.154836	0.00184912	-0.000429735	
333	-4486.02	0.153901	0.154836	0.00276987	-0.000429735	
334	-4485.82	0.153901	0.154836	0.00263833	-0.000429735	
335	-4485.12	0.153901	0.154836	0.00138874	-0.000429735	
336	-4485.02	0.153901	0.154836	0.00214507	-0.000429735	
337	-4484.52	0.153901	0.154836	0.00743938	-0.000429735	
338	-4484.32	0.153901	0.154836	-0.0011762	-0.000429735	
339	-4483.92	0.153901	0.154836	7.62044E-6	-0.000429735	
340	-4483.42	0.153901	0.154836	0.000961253	-0.000429735	
341	-4483.22	0.153901	0.154836	0.00388792	-0.000429735	
342	-4483.02	0.153901	0.154836	0.00145451	-0.000429735	
343	-4483.02	0.153901	0.154836	-0.000485638	-0.000429735	
344	-4482.22	0.153901	0.154836	0.00253968	-0.000429735	
345	-4482.02	0.153901	0.154836	0.00543346	-0.000429735	
346	-4481.72	0.153901	0.154836	0.00175047	-0.000429735	
347	-4481.52	0.153901	0.154836	-0.00236002	-0.000429735	
348	-4481.22	0.153901	0.154836	0.00349331	-0.000429735	
349	-4481.02	0.153901	0.154836	0.000961253	-0.000429735	
350	-4480.62	0.153901	0.154836	0.00191489	-0.000429735	
351	-4480.62	0.153901	0.154836	0.00211219	-0.000429735	
352	-4480.22	0.153901	0.154836	0.00198065	-0.000429735	
353	-4479.92	0.153901	0.154836	0.00434829	-0.000429735	
354	-4479.62	0.153901	0.154836	0.0027041	-0.000429735	
355	-4479.12	0.153901	0.154836	-0.00206406	-0.000429735	
356	-4478.82	0.153901	0.154836	0.000566646	-0.000429735	
357	-4478.52	0.153901	0.154836	0.00152028	-0.000429735	
358	-4478.22	0.153901	0.154836	0.0020793	-0.000429735	
359	-4478.02	0.153901	0.154836	0.00214507	-0.000429735	
360	-4477.62	0.153901	0.154836	0.00273698	-0.000429735	
361	-4477.32	0.153901	0.154836	0.00165181	-0.000429735	
362	-4477.02	0.153901	0.154836	0.00681458	-0.000429735	
363	-4476.92	0.153901	0.154836	0.00253968	-0.000429735	
364	-4476.52	0.153901	0.154836	0.00273698	-0.000429735	
365	-4475.92	0.153901	0.154836	0.00395369	-0.000429735	
366	-4475.52	0.153901	0.154836	0.000731066	-0.000429735	
367	-4475.32	0.153901	0.154836	-0.00259021	-0.000429735	
368	-4475.02	0.153901	0.154836	-0.00337942	-0.000429735	
369	-4474.52	0.153901	0.154836	-0.00472766	-0.000429735	
370	-4474.22	0.153901	0.154836	-0.0030177	-0.000429735	
371	-4473.92	0.153901	0.154836	-0.00245867	-0.000429735	
372	-4473.82	0.153901	0.154836	-0.00183388	-0.000429735	
373	-4473.32	0.153901	0.154836	-0.00163657	-0.000429735	
374	-4472.72	0.153901	0.154836	-0.00209695	-0.000429735	
375	-4472.42	0.153901	0.154836	0.0030987	-0.000429735	
376	-4472.12	0.153901	0.154836	0.00161893	-0.000429735	
377	-4471.82	0.153901	0.154836	0.00181623	-0.000429735	
378	-4471.82	0.153901	0.154836	0.000204924	-0.000429735	
379	-4471.52	0.153901	0.154836	0.00102702	-0.000429735	
380	-4470.92	0.153901	0.154836	-0.000123915	-0.000429735	
381	-4470.62	0.153901	0.154836	0.00323024	-0.000429735	
382	-4470.22	0.153901	0.154836	-0.000946012	-0.000429735	
383	-4469.82	0.153901	0.154836	-0.0050565	-0.000429735	
384	-4469.52	0.153901	0.154836	0.00211219	-0.000429735	
385	-4469.12	0.153901	0.154836	-0.00130773	-0.000429735	
386	-4468.72	0.153901	0.154836	0.00306582	-0.000429735	
387	-4468.52	0.153901	0.154836	-0.000748709	-0.000429735	
388	-4468.12	0.153901	0.154836	-0.0052538	-0.000429735	
389	-4467.92	0.153901	0.154836	-0.000222567	-0.000429735	
390	-4467.52	0.153901	0.154836	0.00286852	-0.000429735	
391	-4466.92	0.153901	0.154836	0.00059953	-0.000429735	
392	-4466.72	0.153901	0.154836	0.00122432	-0.000429735	
393	-4466.32	0.153901	0.154836	-0.00367537	-0.000429735	
394	-4466.02	0.153901	0.154836	-5.81473E-5	-0.000429735	
395	-4465.72	0.153901	0.154836	-0.000189683	-0.000429735	
396	-4465.12	0.153901	0.154836	-0.00252444	-0.000429735	
397	-4464.82	0.153901	0.154836	-0.00272174	-0.000429735	
398	-4464.32	0.153901	0.154836	0.000862601	-0.000429735	
399	-4463.92	0.153901	0.154836	0.0037235	-0.000429735	
400	-4463.62	0.153901	0.154836	0.000566646	-0.000429735	
401	-4463.32	0.153901	0.154836	-0.000946012	-0.000429735	
402	-4462.92	0.153901	0.154836	-0.000978896	-0.000429735	
403	-4462.52	0.153901	0.154836	-0.0013735	-0.000429735	
404	-4462.32	0.153901	0.154836	-0.00166946	-0.000429735	
405	-4462.12	0.153901	0.154836	0.00260545	-0.000429735	
406	-4461.72	0.153901	0.154836	0.00276987	-0.000429735	
407	-4461.22	0.153901	0.154836	0.00375638	-0.000429735	
408	-4460.72	0.153901	0.154836	0.000500879	-0.000429735	
409	-4460.62	0.153901	0.154836	0.00316447	-0.000429735	
410	-4460.32	0.153901	0.154836	0.000467995	-0.000429735	
411	-4459.82	0.153901	0.154836	-0.000617173	-0.000429735	
412	-4459.22	0.153901	0.154836	0.00112567	-0.000429735	
413	-4459.22	0.153901	0.154836	0.00355908	-0.000429735	
414	-4458.62	0.153901	0.154836	-0.00150504	-0.000429735	
415	-4458.12	0.153901	0.154836	0.00421676	-0.000429735	
416	-4457.32	0.153901	0.154836	0.00247391	-0.000429735	
417	-4457.32	0.153901	0.154836	0.000665298	-0.000429735	
418	-4457.02	0.153901	0.154836	0.00296717	-0.000429735	
419	-4456.72	0.153901	0.154836	-0.000452754	-0.000429735	
420	-4456.22	0.153901	0.154836	0.00526904	-0.000429735	
421	-4456.02	0.153901	0.154836	0.00471002	-0.000429735	
422	-4455.52	0.153901	0.154836	0.00165181	-0.000429735	
423	-4455.22	0.153901	0.154836	0.00178335	-0.000429735	
424	-4454.62	0.153901	0.154836	0.00115856	-0.000429735	
425	-4454.32	0.153901	0.154836	0.00280275	-0.000429735	
426	-4454.02	0.153901	0.154836	0.00286852	-0.000429735	
427	-4453.52	0.153901	0.154836	0.00471002	-0.000429735	
428	-4453.32	0.153901	0.154836	0.00129009	-0.000429735	
429	-4452.72	0.153901	0.154836	0.00138874	-0.000429735	
430	-4452.52	0.153901	0.154836	0.000698182	-0.000429735	
431	-4452.12	0.153901	0.154836	-0.00180099	-0.000429735	
432	-4451.62	0.153901	0.154836	0.000369343	-0.000429735	
433	-4451.22	0.153901	0.154836	0.000862601	-0.000429735	
434	-4450.82	0.153901	0.154836	0.0039208	-0.000429735	
435	-4450.52	0.153901	0.154836	0.00230949	-0.000429735	
436	-4450.02	0.153901	0.154836	0.00253968	-0.000429735	
437	-4449.52	0.153901	0.154836	-0.00216272	-0.000429735	
438	-4449.32	0.153901	0.154836	0.00076395	-0.000429735	
439	-4448.92	0.153901	0.154836	0.00129009	-0.000429735	
440	-4448.42	0.153901	0.154836	-0.000880244	-0.000429735	
441	-4448.02	0.153901	0.154836	0.000566646	-0.000429735	
442	-4447.72	0.153901	0.154836	0.00175047	-0.000429735	
443	-4447.42	0.153901	0.154836	0.00247391	-0.000429735	
444	-4447.02	0.153901	0.154836	0.00198065	-0.000429735	
445	-4446.92	0.153901	0.154836	0.0037235	-0.000429735	
446	-4446.42	0.153901	0.154836	0.00201354	-0.000429735	
447	-4446.02	0.153901	0.154836	0.00129009	-0.000429735	
448	-4445.72	0.153901	0.154836	0.000566646	-0.000429735	
449	-4445.32	0.153901	0.154836	0.000139156	-0.000429735	
450	-4444.92	0.153901	0.154836	0.000698182	-0.000429735	
451	-4444.62	0.153901	0.154836	0.00158605	-0.000429735	
452	-4443.92	0.153901	0.154836	-0.00278751	-0.000429735	
453	-4444.02	0.153901	0.154836	-0.00347807	-0.000429735	
454	-4443.72	0.153901	0.154836	7.62044E-6	-0.000429735	
455	-4443.22	0.153901	0.154836	-0.00232713	-0.000429735	
456	-4443.12	0.153901	0.154836	0.00076395	-0.000429735	
457	-4442.62	0.153901	0.154836	0.000204924	-0.000429735	
458	-4442.32	0.153901	0.154836	-0.00041987	-0.000429735	
459	-4442.12	0.153901	0.154836	-0.00130773	-0.000429735	
460	-4441.62	0.153901	0.154836	0.000336459	-0.000429735	
461	-4440.92	0.153901	0.154836	0.00286852	-0.000429735	
462	-4440.72	0.153901	0.154836	0.0027041	-0.000429735	
463	-4440.32	0.153901	0.154836	-0.00324788	-0.000429735	
464	-4440.12	0.153901	0.154836	0.00385503	-0.000429735	
465	-4439.72	0.153901	0.154836	0.0035262	-0.000429735	
466	-4439.32	0.153901	0.154836	0.00178335	-0.000429735	
467	-4438.82	0.153901	0.154836	-0.000946012	-0.000429735	
468	-4438.42	0.153901	0.154836	0.00148739	-0.000429735	
469	-4437.92	0.153901	0.154836	0.00444694	-0.000429735	
470	-4437.92	0.153901	0.154836	-0.000913128	-0.000429735	
471	-4437.12	0.153901	0.154836	-0.00203118	-0.000429735	
472	-4436.82	0.153901	0.154836	-0.000715825	-0.000429735	
473	-4436.52	0.153901	0.154836	0.000435111	-0.000429735	
474	-4436.22	0.153901	0.154836	0.000402227	-0.000429735	
475	-4435.82	0.153901	0.154836	0.000994137	-0.000429735	
476	-4435.32	0.153901	0.154836	0.00490732	-0.000429735	
477	-4434.72	0.153901	0.154836	-0.00212983	-0.000429735	
478	-4434.72	0.153901	0.154836	0.00017204	-0.000429735	
479	-4434.32	0.153901	0.154836	-0.00163657	-0.000429735	
480	-4433.82	0.153901	0.154836	0.00165181	-0.000429735	
481	-4433.52	0.153901	0.154836	0.00401945	-0.000429735	
482	-4433.12	0.153901	0.154836	0.00161893	-0.000429735	
483	-4432.72	0.153901	0.154836	-0.00255732	-0.000429735	
484	-4432.12	0.153901	0.154836	0.0030987	-0.000429735	
485	-4431.72	0.153901	0.154836	-0.000222567	-0.000429735	
486	-4431.42	0.153901	0.154836	-0.000551405	-0.000429735	
487	-4431.02	0.153901	0.154836	0.00152028	-0.000429735	
488	-4430.52	0.153901	0.154836	0.00217796	-0.000429735	
489	-4430.32	0.153901	0.154836	-0.00449747	-0.000429735	
490	-4429.92	0.153901	0.154836	0.000961253	-0.000429735	
491	-4429.52	0.153901	0.154836	0.0037235	-0.000429735	
492	-4429.32	0.153901	0.154836	-0.00111043	-0.000429735	
493	-4428.82	0.153901	0.154836	0.000402227	-0.000429735	
494	-4428.42	0.153901	0.154836	-0.00176811	-0.000429735	
495	-4428.12	0.153901	0.154836	0.00115856	-0.000429735	
496	-4427.82	0.153901	0.154836	-0.000518522	-0.000429735	
497	-4427.32	0.153901	0.154836	-0.00183388	-0.000429735	
498	-4427.12	0.153901	0.154836	-0.0052538	-0.000429735	
499	-4426.42	0.153901	0.154836	-0.00354384	-0.000429735	
500	-4426.12	0.153901	0.154836	-0.00041987	-0.000429735	
501	-4425.82	0.153901	0.154836	0.00102702	-0.000429735	
502	-4425.32	0.153901	0.154836	0.00283563	-0.000429735	
503	-4425.22	0.153901	0.154836	0.00109279	-0.000429735	
504	-4424.92	0.153901	0.154836	-0.000551405	-0.000429735	
505	-4424.62	0.153901	0.154836	0.00260545	-0.000429735	
506	-4424.22	0.153901	0.154836	-0.000255451	-0.000429735	
507	-4423.72	0.153901	0.154836	0.00132298	-0.000429735	
508	-4423.32	0.153901	0.154836	0.000895485	-0.000429735	
509	-4422.92	0.153901	0.154836	0.000731066	-0.000429735	
510	-4422.72	0.153901	0.154836	0.000632414	-0.000429735	
511	-4422.42	0.153901	0.154836	-0.000452754	-0.000429735	
512	-4421.92	0.153901	0.154836	-0.00245867	-0.000429735	
513	-4421.62	0.153901	0.154836	-0.00170234	-0.000429735	
514	-4421.22	0.153901	0.154836	0.00191489	-0.000429735	
515	-4421.02	0.153901	0.154836	0.0025068	-0.000429735	
516	-4420.42	0.153901	0.154836	0.00234238	-0.000429735	
517	-4420.02	0.153901	0.154836	0.00293429	-0.000429735	
518	-4419.62	0.153901	0.154836	-0.000189683	-0.000429735	
519	-4419.42	0.153901	0.154836	-0.000321218	-0.000429735	
520	-4419.12	0.153901	0.154836	-0.00245867	-0.000429735	
521	-4418.72	0.153901	0.154836	0.000566646	-0.000429735	
522	-4418.42	0.153901	0.154836	0.00408522	-0.000429735	
523	-4418.12	0.153901	0.154836	0.0039208	-0.000429735	
524	-4417.92	0.153901	0.154836	-0.000189683	-0.000429735	
525	-4417.42	0.153901	0.154836	0.00342754	-0.000429735	
526	-4416.92	0.153901	0.154836	0.00296717	-0.000429735	
527	-4416.52	0.153901	0.154836	0.00217796	-0.000429735	
528	-4416.22	0.153901	0.154836	0.00227661	-0.000429735	
529	-4415.92	0.153901	0.154836	-0.00157081	-0.000429735	
530	-4415.52	0.153901	0.154836	0.000632414	-0.000429735	
531	-4415.32	0.153901	0.154836	0.000829717	-0.000429735	
532	-4414.92	0.153901	0.154836	0.00313159	-0.000429735	
533	-4414.52	0.153901	0.154836	-0.000748709	-0.000429735	
534	-4414.22	0.153901	0.154836	-0.000354102	-0.000429735	
535	-4413.72	0.153901	0.154836	0.00211219	-0.000429735	
536	-4413.42	0.153901	0.154836	-0.00120908	-0.000429735	
537	-4413.22	0.153901	0.154836	7.33882E-5	-0.000429735	
538	-4412.72	0.153901	0.154836	4.05043E-5	-0.000429735	
539	-4412.52	0.153901	0.154836	0.00076395	-0.000429735	
540	-4412.22	0.153901	0.154836	-0.00084736	-0.000429735	
541	-4411.92	0.153901	0.154836	-0.00383979	-0.000429735	
542	-4411.32	0.153901	0.154836	-0.0023929	-0.000429735	
543	-4411.12	0.153901	0.154836	0.00059953	-0.000429735	
544	-4410.82	0.153901	0.154836	-0.00324788	-0.000429735	
545	-4410.52	0.153901	0.154836	-0.00120908	-0.000429735	
546	-4410.12	0.153901	0.154836	-0.000485638	-0.000429735	
547	-4409.92	0.153901	0.154836	0.00017204	-0.000429735	
548	-4409.82	0.153901	0.154836	0.000731066	-0.000429735	
549	-4409.52	0.153901	0.154836	-0.00268886	-0.000429735	
550	-4409.42	0.153901	0.154836	-0.00587859	-0.000429735	
551	-4408.82	0.153901	0.154836	-0.00377403	-0.000429735	
552	-4408.42	0.153901	0.154836	7.62044E-6	-0.000429735	
553	-4408.12	0.153901	0.154836	-0.000222567	-0.000429735	
554	-4407.92	0.153901	0.154836	7.33882E-5	-0.000429735	
555	-4408.02	0.153901	0.154836	0.000336459	-0.000429735	
556	-4407.32	0.153901	0.154836	0.000106272	-0.000429735	
557	-4407.02	0.153901	0.154836	-0.00278751	-0.000429735	
558	-4406.82	0.153901	0.154836	-0.00111043	-0.000429735	
559	-4406.62	0.153901	0.154836	0.0025068	-0.000429735	
560	-4406.12	0.153901	0.154836	0.00221084	-0.000429735	
561	-4406.02	0.153901	0.154836	0.00115856	-0.000429735	
562	-4405.62	0.153901	0.154836	-9.10312E-5	-0.000429735	
563	-4405.42	0.153901	0.154836	-0.000913128	-0.000429735	
564	-4405.02	0.153901	0.154836	-0.00351095	-0.000429735	
565	-4404.62	0.153901	0.154836	-0.00147215	-0.000429735	
566	-4404.22	0.153901	0.154836	-0.00318212	-0.000429735	
567	-4403.92	0.153901	0.154836	0.00129009	-0.000429735	
568	-4403.62	0.153901	0.154836	-0.00180099	-0.000429735	
569	-4403.42	0.153901	0.154836	-0.00568129	-0.000429735	
570	-4402.92	0.153901	0.154836	-0.00265597	-0.000429735	
571	-4402.72	0.153901	0.154836	0.000369343	-0.000429735	
572	-4402.12	0.153901	0.154836	-0.000452754	-0.000429735	
573	-4401.92	0.153901	0.154836	0.000994137	-0.000429735	
574	-4401.42	0.153901	0.154836	-0.00104466	-0.000429735	
575	-4401.32	0.153901	0.154836	-0.000682941	-0.000429735	
576	-4401.02	0.153901	0.154836	0.000632414	-0.000429735	
577	-4400.62	0.153901	0.154836	-0.000255451	-0.000429735	
578	-4400.52	0.153901	0.154836	-0.00308346	-0.000429735	
579	-4400.22	0.153901	0.154836	-0.00104466	-0.000429735	
580	-4399.62	0.153901	0.154836	0.00115856	-0.000429735	
581	-4399.32	0.153901	0.154836	0.00125721	-0.000429735	
582	-4398.82	0.153901	0.154836	0.00171758	-0.000429735	
583	-4398.62	0.153901	0.154836	0.00184912	-0.000429735	
584	-4398.22	0.153901	0.154836	-0.00446459	-0.000429735	
585	-4398.02	0.153901	0.154836	-0.000222567	-0.000429735	
586	-4397.72	0.153901	0.154836	0.000961253	-0.000429735	
587	-4397.42	0.153901	0.154836	0.00221084	-0.000429735	
588	-4396.92	0.153901	0.154836	0.000994137	-0.000429735	
589	-4396.72	0.153901	0.154836	-0.00157081	-0.000429735	
590	-4396.32	0.153901	0.154836	-0.000551405	-0.000429735	
591	-4395.82	0.153901	0.154836	-0.00084736	-0.000429735	
592	-4395.52	0.153901	0.154836	-0.00318212	-0.000429735	
593	-4395.42	0.153901	0.154836	-0.000485638	-0.000429735	
594	-4395.22	0.153901	0.154836	-0.0011762	-0.000429735	
595	-4394.62	0.153901	0.154836	-0.00430017	-0.000429735	
596	-4394.52	0.153901	0.154836	-0.00176811	-0.000429735	
597	-4393.92	0.153901	0.154836	-0.00160369	-0.000429735	
598	-4393.72	0.153901	0.154836	-0.000781593	-0.000429735	
599	-4393.22	0.153901	0.154836	-0.00143927	-0.000429735	
600	-4393.02	0.153901	0.154836	-0.00334654	-0.000429735	
601	-4392.62	0.153901	0.154836	-0.000518522	-0.000429735	
602	-4392.32	0.153901	0.154836	-0.00650339	-0.000429735	
603	-4392.12	0.153901	0.154836	-0.000518522	-0.000429735	
604	-4391.72	0.153901	0.154836	-0.000913128	-0.000429735	
