# Title: Diode Laser Delay Scan, 21 dB MW, Long Scan.
# Note: Diode Laser Delay Scan, 21 dB on Var Attn, 36.5 dB PM, 40 V Top to Bot, 27f. Long scan to look striking.
# Type:	Delay
# Hittite Freq:	18509.7 MHz
# Hittite: Power	14 dBm
# Laser Freq:	361351.5 GHz
# Target:	n=27, l=f, blue f-s of 2nd lowest stark state after 27d
# Laser Mod:	0.90 (0.65 = J_0(0.90)^2) or 0.88 (0.16 = J_1(0.88))
# Laser Mod Attn:	36.5 dB
# MW Attn:	21 dB
# Delay:	1000 ns
# MW Off:	IR + 100 ns
# Top w/o Static:	-0.0022 V
# Static:	+40 V
# Static Off:	NaN
i	d	n	nb	s	sb
0.000	46805.000	0.261	-0.000	0.213	-0.000
1.000	48413.000	0.261	-0.000	0.214	-0.000
2.000	50021.000	0.261	-0.000	0.226	-0.000
3.000	51629.000	0.261	-0.000	0.233	-0.000
4.000	53237.000	0.261	-0.000	0.270	-0.000
5.000	54845.000	0.261	-0.000	0.250	-0.000
6.000	56453.000	0.261	-0.000	0.264	-0.000
7.000	58061.000	0.261	-0.000	0.246	-0.000
8.000	59668.000	0.261	-0.000	0.251	-0.000
9.000	61276.000	0.261	-0.000	0.220	-0.000
10.000	62884.000	0.261	-0.000	0.214	-0.000
11.000	64492.000	0.261	-0.000	0.209	-0.000
12.000	66100.000	0.261	-0.000	0.231	-0.000
13.000	67708.000	0.261	-0.000	0.235	-0.000
14.000	69316.000	0.261	-0.000	0.261	-0.000
15.000	70924.000	0.261	-0.000	0.265	-0.000
16.000	72532.000	0.261	-0.000	0.237	-0.000
17.000	74140.000	0.261	-0.000	0.243	-0.000
18.000	75747.000	0.261	-0.000	0.235	-0.000
19.000	77355.000	0.261	-0.000	0.216	-0.000
20.000	78963.000	0.261	-0.000	0.233	-0.000
21.000	80571.000	0.261	-0.000	0.226	-0.000
22.000	82179.000	0.261	-0.000	0.220	-0.000
23.000	83787.000	0.261	-0.000	0.237	-0.000
24.000	85395.000	0.261	-0.000	0.262	-0.000
25.000	87003.000	0.261	-0.000	0.287	-0.000
26.000	88611.000	0.261	-0.000	0.274	-0.000
27.000	90219.000	0.261	-0.000	0.246	-0.000
28.000	91826.000	0.261	-0.000	0.247	-0.000
29.000	93434.000	0.261	-0.000	0.230	-0.000
30.000	95042.000	0.261	-0.000	0.231	-0.000
31.000	96650.000	0.261	-0.000	0.236	-0.000
32.000	98258.000	0.261	-0.000	0.242	-0.000
33.000	99866.000	0.261	-0.000	0.253	-0.000
34.000	101474.000	0.261	-0.000	0.276	-0.000
35.000	103082.000	0.261	-0.000	0.266	-0.000
36.000	104690.000	0.261	-0.000	0.273	-0.000
37.000	106298.000	0.261	-0.000	0.254	-0.000
38.000	107906.000	0.261	-0.000	0.255	-0.000
39.000	109513.000	0.261	-0.000	0.251	-0.000
40.000	111121.000	0.261	-0.000	0.227	-0.000
41.000	112729.000	0.261	-0.000	0.236	-0.000
42.000	114337.000	0.261	-0.000	0.255	-0.000
43.000	115945.000	0.261	-0.000	0.262	-0.000
44.000	117553.000	0.261	-0.000	0.264	-0.000
45.000	119161.000	0.261	-0.000	0.261	-0.000
46.000	120769.000	0.261	-0.000	0.268	-0.000
47.000	122377.000	0.261	-0.000	0.263	-0.000
48.000	123985.000	0.261	-0.000	0.235	-0.000
49.000	125592.000	0.261	-0.000	0.242	-0.000
50.000	127200.000	0.261	-0.000	0.238	-0.000
51.000	128808.000	0.261	-0.000	0.222	-0.000
52.000	130416.000	0.261	-0.000	0.237	-0.000
53.000	132024.000	0.261	-0.000	0.246	-0.000
54.000	133632.000	0.261	-0.000	0.270	-0.000
55.000	135240.000	0.261	-0.000	0.268	-0.000
56.000	136848.000	0.261	-0.000	0.274	-0.000
57.000	138456.000	0.261	-0.000	0.252	-0.000
58.000	140064.000	0.261	-0.000	0.239	-0.000
59.000	141671.000	0.261	-0.000	0.222	-0.000
60.000	143279.000	0.261	-0.000	0.219	-0.000
61.000	144887.000	0.261	-0.000	0.251	-0.000
62.000	146495.000	0.261	-0.000	0.249	-0.000
63.000	148103.000	0.261	-0.000	0.255	-0.000
64.000	149711.000	0.261	-0.000	0.252	-0.000
65.000	151319.000	0.261	-0.000	0.254	-0.000
66.000	152927.000	0.261	-0.000	0.276	-0.000
67.000	153195.000	0.261	-0.000	0.260	-0.000
68.000	151587.000	0.261	-0.000	0.262	-0.000
69.000	149979.000	0.261	-0.000	0.264	-0.000
70.000	148371.000	0.261	-0.000	0.274	-0.000
71.000	146763.000	0.261	-0.000	0.219	-0.000
72.000	145155.000	0.261	-0.000	0.237	-0.000
73.000	143547.000	0.261	-0.000	0.225	-0.000
74.000	141939.000	0.261	-0.000	0.217	-0.000
75.000	140332.000	0.261	-0.000	0.240	-0.000
76.000	138724.000	0.261	-0.000	0.253	-0.000
77.000	137116.000	0.261	-0.000	0.253	-0.000
78.000	135508.000	0.261	-0.000	0.261	-0.000
79.000	133900.000	0.261	-0.000	0.255	-0.000
80.000	132292.000	0.261	-0.000	0.242	-0.000
81.000	130684.000	0.261	-0.000	0.240	-0.000
82.000	129076.000	0.261	-0.000	0.210	-0.000
83.000	127468.000	0.261	-0.000	0.214	-0.000
84.000	125860.000	0.261	-0.000	0.210	-0.000
85.000	124253.000	0.261	-0.000	0.228	-0.000
86.000	122645.000	0.261	-0.000	0.262	-0.000
87.000	121037.000	0.261	-0.000	0.262	-0.000
88.000	119429.000	0.261	-0.000	0.261	-0.000
89.000	117821.000	0.261	-0.000	0.257	-0.000
90.000	116213.000	0.261	-0.000	0.248	-0.000
91.000	114605.000	0.261	-0.000	0.232	-0.000
92.000	112997.000	0.261	-0.000	0.218	-0.000
93.000	111389.000	0.261	-0.000	0.223	-0.000
94.000	109781.000	0.261	-0.000	0.220	-0.000
95.000	108174.000	0.261	-0.000	0.226	-0.000
96.000	106566.000	0.261	-0.000	0.263	-0.000
97.000	104958.000	0.261	-0.000	0.262	-0.000
98.000	103350.000	0.261	-0.000	0.274	-0.000
99.000	101742.000	0.261	-0.000	0.274	-0.000
100.000	100134.000	0.261	-0.000	0.256	-0.000
101.000	98526.000	0.261	-0.000	0.244	-0.000
102.000	96918.000	0.261	-0.000	0.219	-0.000
103.000	95310.000	0.261	-0.000	0.212	-0.000
104.000	93702.000	0.261	-0.000	0.221	-0.000
105.000	92094.000	0.261	-0.000	0.231	-0.000
106.000	90487.000	0.261	-0.000	0.244	-0.000
107.000	88879.000	0.261	-0.000	0.245	-0.000
108.000	87271.000	0.261	-0.000	0.250	-0.000
109.000	85663.000	0.261	-0.000	0.258	-0.000
110.000	84055.000	0.261	-0.000	0.256	-0.000
111.000	82447.000	0.261	-0.000	0.243	-0.000
112.000	80839.000	0.261	-0.000	0.199	-0.000
113.000	79231.000	0.261	-0.000	0.207	-0.000
114.000	77623.000	0.261	-0.000	0.217	-0.000
115.000	76015.000	0.261	-0.000	0.241	-0.000
116.000	74408.000	0.261	-0.000	0.265	-0.000
117.000	72800.000	0.261	-0.000	0.253	-0.000
118.000	71192.000	0.261	-0.000	0.277	-0.000
119.000	69584.000	0.261	-0.000	0.259	-0.000
120.000	67976.000	0.261	-0.000	0.246	-0.000
121.000	66368.000	0.261	-0.000	0.233	-0.000
122.000	64760.000	0.261	-0.000	0.230	-0.000
123.000	63152.000	0.261	-0.000	0.219	-0.000
124.000	61544.000	0.261	-0.000	0.228	-0.000
125.000	59936.000	0.261	-0.000	0.250	-0.000
126.000	58329.000	0.261	-0.000	0.252	-0.000
127.000	56721.000	0.261	-0.000	0.259	-0.000
128.000	55113.000	0.261	-0.000	0.271	-0.000
129.000	53505.000	0.261	-0.000	0.263	-0.000
130.000	51897.000	0.261	-0.000	0.228	-0.000
131.000	50289.000	0.261	-0.000	0.217	-0.000
132.000	48681.000	0.261	-0.000	0.196	-0.000
133.000	47073.000	0.261	-0.000	0.214	-0.000
134.000	47341.000	0.261	-0.000	0.200	-0.000
135.000	48949.000	0.261	-0.000	0.217	-0.000
136.000	50557.000	0.261	-0.000	0.229	-0.000
137.000	52165.000	0.261	-0.000	0.249	-0.000
138.000	53773.000	0.261	-0.000	0.247	-0.000
139.000	55381.000	0.261	-0.000	0.253	-0.000
140.000	56989.000	0.261	-0.000	0.239	-0.000
141.000	58596.000	0.261	-0.000	0.237	-0.000
142.000	60204.000	0.261	-0.000	0.221	-0.000
143.000	61812.000	0.261	-0.000	0.215	-0.000
144.000	63420.000	0.261	-0.000	0.193	-0.000
145.000	65028.000	0.261	-0.000	0.215	-0.000
146.000	66636.000	0.261	-0.000	0.217	-0.000
147.000	68244.000	0.261	-0.000	0.223	-0.000
148.000	69852.000	0.261	-0.000	0.250	-0.000
149.000	71460.000	0.261	-0.000	0.248	-0.000
150.000	73068.000	0.261	-0.000	0.227	-0.000
151.000	74676.000	0.261	-0.000	0.223	-0.000
152.000	76283.000	0.261	-0.000	0.224	-0.000
153.000	77891.000	0.261	-0.000	0.218	-0.000
154.000	79499.000	0.261	-0.000	0.205	-0.000
155.000	81107.000	0.261	-0.000	0.204	-0.000
156.000	82715.000	0.261	-0.000	0.221	-0.000
157.000	84323.000	0.261	-0.000	0.259	-0.000
158.000	85931.000	0.261	-0.000	0.244	-0.000
159.000	87539.000	0.261	-0.000	0.272	-0.000
160.000	89147.000	0.261	-0.000	0.255	-0.000
161.000	90755.000	0.261	-0.000	0.241	-0.000
162.000	92362.000	0.261	-0.000	0.211	-0.000
163.000	93970.000	0.261	-0.000	0.210	-0.000
164.000	95578.000	0.261	-0.000	0.201	-0.000
165.000	97186.000	0.261	-0.000	0.214	-0.000
166.000	98794.000	0.261	-0.000	0.223	-0.000
167.000	100402.000	0.261	-0.000	0.247	-0.000
168.000	102010.000	0.261	-0.000	0.237	-0.000
169.000	103618.000	0.261	-0.000	0.240	-0.000
170.000	105226.000	0.261	-0.000	0.240	-0.000
171.000	106834.000	0.261	-0.000	0.229	-0.000
172.000	108441.000	0.261	-0.000	0.238	-0.000
173.000	110049.000	0.261	-0.000	0.213	-0.000
174.000	111657.000	0.261	-0.000	0.215	-0.000
175.000	113265.000	0.261	-0.000	0.209	-0.000
176.000	114873.000	0.261	-0.000	0.239	-0.000
177.000	116481.000	0.261	-0.000	0.243	-0.000
178.000	118089.000	0.261	-0.000	0.235	-0.000
179.000	119697.000	0.261	-0.000	0.248	-0.000
180.000	121305.000	0.261	-0.000	0.237	-0.000
181.000	122913.000	0.261	-0.000	0.220	-0.000
182.000	124521.000	0.261	-0.000	0.208	-0.000
183.000	126128.000	0.261	-0.000	0.211	-0.000
184.000	127736.000	0.261	-0.000	0.213	-0.000
185.000	129344.000	0.261	-0.000	0.210	-0.000
186.000	130952.000	0.261	-0.000	0.211	-0.000
187.000	132560.000	0.261	-0.000	0.239	-0.000
188.000	134168.000	0.261	-0.000	0.247	-0.000
189.000	135776.000	0.261	-0.000	0.261	-0.000
190.000	137384.000	0.261	-0.000	0.244	-0.000
191.000	138992.000	0.261	-0.000	0.249	-0.000
192.000	140600.000	0.261	-0.000	0.211	-0.000
193.000	142207.000	0.261	-0.000	0.207	-0.000
194.000	143815.000	0.261	-0.000	0.204	-0.000
195.000	145423.000	0.261	-0.000	0.217	-0.000
196.000	147031.000	0.261	-0.000	0.248	-0.000
197.000	148639.000	0.261	-0.000	0.252	-0.000
198.000	150247.000	0.261	-0.000	0.246	-0.000
199.000	151855.000	0.261	-0.000	0.256	-0.000
200.000	152123.000	0.261	-0.000	0.238	-0.000
201.000	150515.000	0.261	-0.000	0.260	-0.000
202.000	148907.000	0.261	-0.000	0.250	-0.000
203.000	147299.000	0.261	-0.000	0.242	-0.000
204.000	145691.000	0.261	-0.000	0.223	-0.000
205.000	144083.000	0.261	-0.000	0.200	-0.000
206.000	142475.000	0.261	-0.000	0.205	-0.000
207.000	140868.000	0.261	-0.000	0.204	-0.000
208.000	139260.000	0.261	-0.000	0.236	-0.000
209.000	137652.000	0.261	-0.000	0.237	-0.000
210.000	136044.000	0.261	-0.000	0.252	-0.000
211.000	134436.000	0.261	-0.000	0.243	-0.000
212.000	132828.000	0.261	-0.000	0.239	-0.000
213.000	131220.000	0.261	-0.000	0.238	-0.000
214.000	129612.000	0.261	-0.000	0.223	-0.000
215.000	128004.000	0.261	-0.000	0.198	-0.000
216.000	126396.000	0.261	-0.000	0.203	-0.000
217.000	124789.000	0.261	-0.000	0.208	-0.000
218.000	123181.000	0.261	-0.000	0.232	-0.000
219.000	121573.000	0.261	-0.000	0.242	-0.000
220.000	119965.000	0.261	-0.000	0.255	-0.000
221.000	118357.000	0.261	-0.000	0.240	-0.000
222.000	116749.000	0.261	-0.000	0.242	-0.000
223.000	115141.000	0.261	-0.000	0.239	-0.000
224.000	113533.000	0.261	-0.000	0.223	-0.000
225.000	111925.000	0.261	-0.000	0.215	-0.000
226.000	110317.000	0.261	-0.000	0.205	-0.000
227.000	108709.000	0.261	-0.000	0.229	-0.000
228.000	107102.000	0.261	-0.000	0.252	-0.000
229.000	105494.000	0.261	-0.000	0.234	-0.000
230.000	103886.000	0.261	-0.000	0.243	-0.000
231.000	102278.000	0.261	-0.000	0.265	-0.000
232.000	100670.000	0.261	-0.000	0.241	-0.000
233.000	99062.000	0.261	-0.000	0.231	-0.000
234.000	97454.000	0.261	-0.000	0.214	-0.000
235.000	95846.000	0.261	-0.000	0.219	-0.000
236.000	94238.000	0.261	-0.000	0.204	-0.000
237.000	92630.000	0.261	-0.000	0.220	-0.000
238.000	91023.000	0.261	-0.000	0.244	-0.000
239.000	89415.000	0.261	-0.000	0.250	-0.000
240.000	87807.000	0.261	-0.000	0.268	-0.000
241.000	86199.000	0.261	-0.000	0.235	-0.000
242.000	84591.000	0.261	-0.000	0.232	-0.000
243.000	82983.000	0.261	-0.000	0.221	-0.000
244.000	81375.000	0.261	-0.000	0.210	-0.000
245.000	79767.000	0.261	-0.000	0.225	-0.000
246.000	78159.000	0.261	-0.000	0.199	-0.000
247.000	76551.000	0.261	-0.000	0.221	-0.000
248.000	74944.000	0.261	-0.000	0.216	-0.000
249.000	73336.000	0.261	-0.000	0.246	-0.000
250.000	71728.000	0.261	-0.000	0.268	-0.000
251.000	70120.000	0.261	-0.000	0.247	-0.000
252.000	68512.000	0.261	-0.000	0.239	-0.000
253.000	66904.000	0.261	-0.000	0.218	-0.000
254.000	65296.000	0.261	-0.000	0.200	-0.000
255.000	63688.000	0.261	-0.000	0.204	-0.000
256.000	62080.000	0.261	-0.000	0.204	-0.000
257.000	60472.000	0.261	-0.000	0.212	-0.000
258.000	58864.000	0.261	-0.000	0.240	-0.000
259.000	57257.000	0.261	-0.000	0.246	-0.000
260.000	55649.000	0.261	-0.000	0.248	-0.000
261.000	54041.000	0.261	-0.000	0.263	-0.000
262.000	52433.000	0.261	-0.000	0.249	-0.000
263.000	50825.000	0.261	-0.000	0.253	-0.000
264.000	49217.000	0.261	-0.000	0.202	-0.000
265.000	47609.000	0.261	-0.000	0.193	-0.000
266.000	47877.000	0.261	-0.000	0.220	-0.000
267.000	49485.000	0.261	-0.000	0.205	-0.000
268.000	51093.000	0.261	-0.000	0.236	-0.000
269.000	52701.000	0.261	-0.000	0.251	-0.000
270.000	54309.000	0.261	-0.000	0.236	-0.000
271.000	55917.000	0.261	-0.000	0.249	-0.000
272.000	57525.000	0.261	-0.000	0.254	-0.000
273.000	59132.000	0.261	-0.000	0.240	-0.000
274.000	60740.000	0.261	-0.000	0.219	-0.000
275.000	62348.000	0.261	-0.000	0.214	-0.000
276.000	63956.000	0.261	-0.000	0.197	-0.000
277.000	65564.000	0.261	-0.000	0.228	-0.000
278.000	67172.000	0.261	-0.000	0.224	-0.000
279.000	68780.000	0.261	-0.000	0.243	-0.000
280.000	70388.000	0.261	-0.000	0.259	-0.000
281.000	71996.000	0.261	-0.000	0.246	-0.000
282.000	73604.000	0.261	-0.000	0.260	-0.000
283.000	75211.000	0.261	-0.000	0.240	-0.000
284.000	76819.000	0.261	-0.000	0.196	-0.000
285.000	78427.000	0.261	-0.000	0.197	-0.000
286.000	80035.000	0.261	-0.000	0.202	-0.000
287.000	81643.000	0.261	-0.000	0.218	-0.000
288.000	83251.000	0.261	-0.000	0.229	-0.000
289.000	84859.000	0.261	-0.000	0.235	-0.000
290.000	86467.000	0.261	-0.000	0.255	-0.000
291.000	88075.000	0.261	-0.000	0.248	-0.000
292.000	89683.000	0.261	-0.000	0.241	-0.000
293.000	91291.000	0.261	-0.000	0.232	-0.000
294.000	92898.000	0.261	-0.000	0.233	-0.000
295.000	94506.000	0.261	-0.000	0.214	-0.000
296.000	96114.000	0.261	-0.000	0.225	-0.000
297.000	97722.000	0.261	-0.000	0.227	-0.000
298.000	99330.000	0.261	-0.000	0.241	-0.000
299.000	100938.000	0.261	-0.000	0.232	-0.000
300.000	102546.000	0.261	-0.000	0.252	-0.000
301.000	104154.000	0.261	-0.000	0.246	-0.000
302.000	105762.000	0.261	-0.000	0.250	-0.000
303.000	107370.000	0.261	-0.000	0.238	-0.000
304.000	108977.000	0.261	-0.000	0.215	-0.000
305.000	110585.000	0.261	-0.000	0.222	-0.000
306.000	112193.000	0.261	-0.000	0.224	-0.000
307.000	113801.000	0.261	-0.000	0.208	-0.000
308.000	115409.000	0.261	-0.000	0.230	-0.000
309.000	117017.000	0.261	-0.000	0.255	-0.000
310.000	118625.000	0.261	-0.000	0.250	-0.000
311.000	120233.000	0.261	-0.000	0.255	-0.000
312.000	121841.000	0.261	-0.000	0.263	-0.000
313.000	123449.000	0.261	-0.000	0.212	-0.000
314.000	125056.000	0.261	-0.000	0.222	-0.000
315.000	126664.000	0.261	-0.000	0.213	-0.000
316.000	128272.000	0.261	-0.000	0.221	-0.000
317.000	129880.000	0.261	-0.000	0.210	-0.000
318.000	131488.000	0.261	-0.000	0.229	-0.000
319.000	133096.000	0.261	-0.000	0.235	-0.000
320.000	134704.000	0.261	-0.000	0.252	-0.000
321.000	136312.000	0.261	-0.000	0.255	-0.000
322.000	137920.000	0.261	-0.000	0.258	-0.000
323.000	139528.000	0.261	-0.000	0.227	-0.000
324.000	141136.000	0.261	-0.000	0.229	-0.000
325.000	142743.000	0.261	-0.000	0.210	-0.000
326.000	144351.000	0.261	-0.000	0.207	-0.000
327.000	145959.000	0.261	-0.000	0.233	-0.000
328.000	147567.000	0.261	-0.000	0.235	-0.000
329.000	149175.000	0.261	-0.000	0.239	-0.000
330.000	150783.000	0.261	-0.000	0.270	-0.000
331.000	152391.000	0.261	-0.000	0.272	-0.000
332.000	152659.000	0.261	-0.000	0.258	-0.000
333.000	151051.000	0.261	-0.000	0.269	-0.000
334.000	149443.000	0.261	-0.000	0.255	-0.000
335.000	147835.000	0.261	-0.000	0.262	-0.000
336.000	146227.000	0.261	-0.000	0.231	-0.000
337.000	144619.000	0.261	-0.000	0.213	-0.000
338.000	143011.000	0.261	-0.000	0.200	-0.000
339.000	141404.000	0.261	-0.000	0.215	-0.000
340.000	139796.000	0.261	-0.000	0.221	-0.000
341.000	138188.000	0.261	-0.000	0.227	-0.000
342.000	136580.000	0.261	-0.000	0.256	-0.000
343.000	134972.000	0.261	-0.000	0.257	-0.000
344.000	133364.000	0.261	-0.000	0.247	-0.000
345.000	131756.000	0.261	-0.000	0.225	-0.000
346.000	130148.000	0.261	-0.000	0.211	-0.000
347.000	128540.000	0.261	-0.000	0.189	-0.000
348.000	126932.000	0.261	-0.000	0.220	-0.000
349.000	125324.000	0.261	-0.000	0.207	-0.000
350.000	123717.000	0.261	-0.000	0.218	-0.000
351.000	122109.000	0.261	-0.000	0.228	-0.000
352.000	120501.000	0.261	-0.000	0.248	-0.000
353.000	118893.000	0.261	-0.000	0.250	-0.000
354.000	117285.000	0.261	-0.000	0.233	-0.000
355.000	115677.000	0.261	-0.000	0.212	-0.000
356.000	114069.000	0.261	-0.000	0.227	-0.000
357.000	112461.000	0.261	-0.000	0.197	-0.000
358.000	110853.000	0.261	-0.000	0.188	-0.000
359.000	109245.000	0.261	-0.000	0.209	-0.000
360.000	107638.000	0.261	-0.000	0.220	-0.000
361.000	106030.000	0.261	-0.000	0.241	-0.000
362.000	104422.000	0.261	-0.000	0.234	-0.000
363.000	102814.000	0.261	-0.000	0.253	-0.000
364.000	101206.000	0.261	-0.000	0.234	-0.000
365.000	99598.000	0.261	-0.000	0.220	-0.000
366.000	97990.000	0.261	-0.000	0.212	-0.000
367.000	96382.000	0.261	-0.000	0.200	-0.000
368.000	94774.000	0.261	-0.000	0.204	-0.000
369.000	93166.000	0.261	-0.000	0.185	-0.000
370.000	91559.000	0.261	-0.000	0.221	-0.000
371.000	89951.000	0.261	-0.000	0.239	-0.000
372.000	88343.000	0.261	-0.000	0.268	-0.000
373.000	86735.000	0.261	-0.000	0.247	-0.000
374.000	85127.000	0.261	-0.000	0.246	-0.000
375.000	83519.000	0.261	-0.000	0.226	-0.000
376.000	81911.000	0.261	-0.000	0.211	-0.000
377.000	80303.000	0.261	-0.000	0.209	-0.000
378.000	78695.000	0.261	-0.000	0.189	-0.000
379.000	77087.000	0.261	-0.000	0.219	-0.000
380.000	75479.000	0.261	-0.000	0.223	-0.000
381.000	73872.000	0.261	-0.000	0.217	-0.000
382.000	72264.000	0.261	-0.000	0.230	-0.000
383.000	70656.000	0.261	-0.000	0.262	-0.000
384.000	69048.000	0.261	-0.000	0.235	-0.000
385.000	67440.000	0.261	-0.000	0.218	-0.000
386.000	65832.000	0.261	-0.000	0.219	-0.000
387.000	64224.000	0.261	-0.000	0.190	-0.000
388.000	62616.000	0.261	-0.000	0.196	-0.000
389.000	61008.000	0.261	-0.000	0.199	-0.000
390.000	59400.000	0.261	-0.000	0.223	-0.000
391.000	57793.000	0.261	-0.000	0.247	-0.000
392.000	56185.000	0.261	-0.000	0.244	-0.000
393.000	54577.000	0.261	-0.000	0.236	-0.000
394.000	52969.000	0.261	-0.000	0.237	-0.000
395.000	51361.000	0.261	-0.000	0.222	-0.000
396.000	49753.000	0.261	-0.000	0.213	-0.000
397.000	48145.000	0.261	-0.000	0.206	-0.000
