# Title: Dye Laser Frequency Scan, Depressed Limit
# Note:	Dye laser frequency scan to find the depressed ionization limit. HP 214B. Short (250 ns) integration gate.
# Type:	Frequency
# Hittite Freq:	18513.1 MHz
# Hittite: Power	14 dBm
# Laser Freq:	NaN
# Laser Mod:	NaN
# Laser Mod Attn:	NaN
# MW Attn:	MAX
# Delay:	1000 ns
# MW Off:	20 ns
# Top w/o Static:	NaN
# Static:	NaN
# Static Off:	NaN
i	f	n	nb	s	sb
0	70.48	0.0172618	0.00148411	0.00513751	-0.00550207	
1	70.08	0.0172618	0.00148411	0.00480867	-0.00550207	
2	69.78	0.0172618	0.00148411	0.00349331	-0.00550207	
3	69.58	0.0172618	0.00148411	0.00342754	-0.00550207	
4	69.38	0.0172618	0.00148411	0.00293429	-0.00550207	
5	69.18	0.0172618	0.00148411	0.00132298	-0.00550207	
6	69.08	0.0172618	0.00148411	-0.000189683	-0.00550207	
7	68.78	0.0172618	0.00148411	-0.00176811	-0.00550207	
8	68.58	0.0172618	0.00148411	0.00211219	-0.00550207	
9	68.18	0.0172618	0.00148411	0.00349331	-0.00550207	
10	67.98	0.0172618	0.00148411	0.00283563	-0.00550207	
11	67.68	0.0172618	0.00148411	0.0030987	-0.00550207	
12	67.08	0.0172618	0.00148411	-0.000485638	-0.00550207	
13	66.78	0.0172618	0.00148411	-0.000551405	-0.00550207	
14	66.28	0.0172618	0.00148411	0.00533481	-0.00550207	
15	65.88	0.0172618	0.00148411	0.00323024	-0.00550207	
16	65.58	0.0172618	0.00148411	0.00326312	-0.00550207	
17	65.08	0.0172618	0.00148411	0.00293429	-0.00550207	
18	64.48	0.0172618	0.00148411	0.0020793	-0.00550207	
19	63.78	0.0172618	0.00148411	0.00336178	-0.00550207	
20	63.28	0.0172618	0.00148411	0.00484155	-0.00550207	
21	62.98	0.0172618	0.00148411	0.00740649	-0.00550207	
22	62.38	0.0172618	0.00148411	0.00480867	-0.00550207	
23	61.78	0.0172618	0.00148411	0.00520327	-0.00550207	
24	61.08	0.0172618	0.00148411	0.0116814	-0.00550207	
25	60.48	0.0172618	0.00148411	0.00859031	-0.00550207	
26	59.78	0.0172618	0.00148411	0.00711054	-0.00550207	
27	59.08	0.0172618	0.00148411	0.0100043	-0.00550207	
28	58.48	0.0172618	0.00148411	0.0107278	-0.00550207	
29	57.88	0.0172618	0.00148411	0.00622267	-0.00550207	
30	57.08	0.0172618	0.00148411	0.01178	-0.00550207	
31	56.18	0.0172618	0.00148411	0.00773533	-0.00550207	
32	55.48	0.0172618	0.00148411	0.0117143	-0.00550207	
33	54.88	0.0172618	0.00148411	0.00714342	-0.00550207	
34	54.08	0.0172618	0.00148411	0.00789975	-0.00550207	
35	53.28	0.0172618	0.00148411	0.0138846	-0.00550207	
36	52.58	0.0172618	0.00148411	0.00960971	-0.00550207	
37	51.58	0.0172618	0.00148411	0.00859031	-0.00550207	
38	50.68	0.0172618	0.00148411	0.0045456	-0.00550207	
39	50.18	0.0172618	0.00148411	0.00872185	-0.00550207	
40	49.48	0.0172618	0.00148411	0.0100701	-0.00550207	
41	48.38	0.0172618	0.00148411	0.00993855	-0.00550207	
42	47.68	0.0172618	0.00148411	0.00842589	-0.00550207	
43	46.98	0.0172618	0.00148411	0.00148739	-0.00550207	
44	46.18	0.0172618	0.00148411	0.00451271	-0.00550207	
45	45.08	0.0172618	0.00148411	0.00628844	-0.00550207	
46	44.28	0.0172618	0.00148411	0.00385503	-0.00550207	
47	43.78	0.0172618	0.00148411	0.00319736	-0.00550207	
48	42.58	0.0172618	0.00148411	0.00563076	-0.00550207	
49	41.68	0.0172618	0.00148411	0.00602537	-0.00550207	
50	40.88	0.0172618	0.00148411	0.00507174	-0.00550207	
51	39.98	0.0172618	0.00148411	0.00444694	-0.00550207	
52	39.08	0.0172618	0.00148411	0.00395369	-0.00550207	
53	38.08	0.0172618	0.00148411	0.00497309	-0.00550207	
54	37.48	0.0172618	0.00148411	0.00204642	-0.00550207	
55	36.38	0.0172618	0.00148411	0.00405234	-0.00550207	
56	35.48	0.0172618	0.00148411	0.00648574	-0.00550207	
57	34.78	0.0172618	0.00148411	0.00704477	-0.00550207	
58	33.98	0.0172618	0.00148411	0.00701189	-0.00550207	
59	32.98	0.0172618	0.00148411	0.00609114	-0.00550207	
60	32.28	0.0172618	0.00148411	0.00609114	-0.00550207	
61	31.48	0.0172618	0.00148411	0.00737361	-0.00550207	
62	30.38	0.0172618	0.00148411	0.0067817	-0.00550207	
63	29.48	0.0172618	0.00148411	0.00645286	-0.00550207	
64	28.98	0.0172618	0.00148411	0.005565	-0.00550207	
65	28.18	0.0172618	0.00148411	0.00688035	-0.00550207	
66	27.38	0.0172618	0.00148411	0.00559788	-0.00550207	
67	26.18	0.0172618	0.00148411	0.0101359	-0.00550207	
68	25.68	0.0172618	0.00148411	0.00737361	-0.00550207	
69	24.58	0.0172618	0.00148411	0.00885338	-0.00550207	
70	24.18	0.0172618	0.00148411	0.0119445	-0.00550207	
71	23.38	0.0172618	0.00148411	0.00717631	-0.00550207	
72	22.88	0.0172618	0.00148411	0.00740649	-0.00550207	
73	21.88	0.0172618	0.00148411	0.00717631	-0.00550207	
74	21.08	0.0172618	0.00148411	0.0103003	-0.00550207	
75	20.18	0.0172618	0.00148411	0.0112539	-0.00550207	
76	19.58	0.0172618	0.00148411	0.0107935	-0.00550207	
77	18.68	0.0172618	0.00148411	0.0079984	-0.00550207	
78	17.88	0.0172618	0.00148411	0.00872185	-0.00550207	
79	17.38	0.0172618	0.00148411	0.00776822	-0.00550207	
80	16.58	0.0172618	0.00148411	0.00625556	-0.00550207	
81	15.78	0.0172618	0.00148411	0.00641998	-0.00550207	
82	15.18	0.0172618	0.00148411	0.00546634	-0.00550207	
83	14.28	0.0172618	0.00148411	0.00763668	-0.00550207	
84	13.68	0.0172618	0.00148411	0.00405234	-0.00550207	
85	13.08	0.0172618	0.00148411	0.00842589	-0.00550207	
86	12.18	0.0172618	0.00148411	0.00684747	-0.00550207	
87	11.38	0.0172618	0.00148411	0.00319736	-0.00550207	
88	10.58	0.0172618	0.00148411	0.00497309	-0.00550207	
89	10.18	0.0172618	0.00148411	0.00408522	-0.00550207	
90	9.18	0.0172618	0.00148411	0.00418387	-0.00550207	
91	8.08	0.0172618	0.00148411	0.00198065	-0.00550207	
92	7.48	0.0172618	0.00148411	0.00191489	-0.00550207	
93	6.88	0.0172618	0.00148411	0.00313159	-0.00550207	
94	5.68	0.0172618	0.00148411	0.00471002	-0.00550207	
95	4.78	0.0172618	0.00148411	0.00546634	-0.00550207	
96	4.18	0.0172618	0.00148411	0.00724207	-0.00550207	
97	3.38	0.0172618	0.00148411	0.00816282	-0.00550207	
98	2.38	0.0172618	0.00148411	0.00766956	-0.00550207	
99	1.58	0.0172618	0.00148411	0.0078011	-0.00550207	
100	0.98	0.0172618	0.00148411	0.0146081	-0.00550207	
101	0.18	0.0172618	0.00148411	0.0153644	-0.00550207	
102	-0.92	0.0172618	0.00148411	0.0179622	-0.00550207	
103	-1.72	0.0172618	0.00148411	0.0167455	-0.00550207	
104	-2.52	0.0172618	0.00148411	0.0257228	-0.00550207	
105	-3.12	0.0172618	0.00148411	0.0315104	-0.00550207	
106	-4.22	0.0172618	0.00148411	0.0317406	-0.00550207	
107	-4.92	0.0172618	0.00148411	0.0451572	-0.00550207	
108	-5.82	0.0172618	0.00148411	0.0442036	-0.00550207	
109	-6.72	0.0172618	0.00148411	0.0504844	-0.00550207	
110	-7.72	0.0172618	0.00148411	0.0513394	-0.00550207	
111	-8.32	0.0172618	0.00148411	0.0511092	-0.00550207	
112	-9.42	0.0172618	0.00148411	0.0526547	-0.00550207	
113	-10.32	0.0172618	0.00148411	0.0565679	-0.00550207	
114	-11.12	0.0172618	0.00148411	0.0701489	-0.00550207	
115	-12.02	0.0172618	0.00148411	0.0674525	-0.00550207	
116	-12.82	0.0172618	0.00148411	0.0854071	-0.00550207	
117	-13.42	0.0172618	0.00148411	0.0789289	-0.00550207	
118	-14.32	0.0172618	0.00148411	0.0828421	-0.00550207	
119	-14.92	0.0172618	0.00148411	0.0808033	-0.00550207	
120	-16.22	0.0172618	0.00148411	0.0938253	-0.00550207	
121	-16.92	0.0172618	0.00148411	0.0946146	-0.00550207	
122	-17.52	0.0172618	0.00148411	0.088531	-0.00550207	
123	-18.22	0.0172618	0.00148411	0.0860319	-0.00550207	
124	-18.82	0.0172618	0.00148411	0.0894189	-0.00550207	
125	-19.72	0.0172618	0.00148411	0.0985935	-0.00550207	
126	-20.32	0.0172618	0.00148411	0.111583	-0.00550207	
127	-21.32	0.0172618	0.00148411	0.0940884	-0.00550207	
128	-22.02	0.0172618	0.00148411	0.118751	-0.00550207	
129	-22.62	0.0172618	0.00148411	0.10836	-0.00550207	
130	-23.72	0.0172618	0.00148411	0.122467	-0.00550207	
131	-24.02	0.0172618	0.00148411	0.114444	-0.00550207	
132	-25.62	0.0172618	0.00148411	0.128123	-0.00550207	
133	-26.42	0.0172618	0.00148411	0.128682	-0.00550207	
134	-27.62	0.0172618	0.00148411	0.146209	-0.00550207	
135	-28.42	0.0172618	0.00148411	0.146242	-0.00550207	
136	-29.42	0.0172618	0.00148411	0.158541	-0.00550207	
137	-30.52	0.0172618	0.00148411	0.183697	-0.00550207	
138	-31.62	0.0172618	0.00148411	0.164131	-0.00550207	
139	-32.52	0.0172618	0.00148411	0.172517	-0.00550207	
140	-33.62	0.0172618	0.00148411	0.180146	-0.00550207	
141	-34.42	0.0172618	0.00148411	0.174457	-0.00550207	
142	-35.42	0.0172618	0.00148411	0.184749	-0.00550207	
143	-36.42	0.0172618	0.00148411	0.196851	-0.00550207	
144	-37.22	0.0172618	0.00148411	0.196752	-0.00550207	
145	-37.92	0.0172618	0.00148411	0.201093	-0.00550207	
146	-38.52	0.0172618	0.00148411	0.208393	-0.00550207	
147	-39.92	0.0172618	0.00148411	0.215759	-0.00550207	
148	-40.72	0.0172618	0.00148411	0.235489	-0.00550207	
149	-41.42	0.0172618	0.00148411	0.227235	-0.00550207	
150	-42.32	0.0172618	0.00148411	0.229669	-0.00550207	
151	-43.32	0.0172618	0.00148411	0.24108	-0.00550207	
152	-44.02	0.0172618	0.00148411	0.26081	-0.00550207	
153	-44.62	0.0172618	0.00148411	0.253839	-0.00550207	
154	-45.62	0.0172618	0.00148411	0.254694	-0.00550207	
155	-46.42	0.0172618	0.00148411	0.237101	-0.00550207	
156	-47.22	0.0172618	0.00148411	0.247097	-0.00550207	
157	-47.92	0.0172618	0.00148411	0.250682	-0.00550207	
158	-48.82	0.0172618	0.00148411	0.249136	-0.00550207	
159	-49.72	0.0172618	0.00148411	0.246012	-0.00550207	
160	-50.32	0.0172618	0.00148411	0.243743	-0.00550207	
161	-50.92	0.0172618	0.00148411	0.261369	-0.00550207	
162	-52.02	0.0172618	0.00148411	0.249564	-0.00550207	
163	-52.82	0.0172618	0.00148411	0.247097	-0.00550207	
164	-53.32	0.0172618	0.00148411	0.251602	-0.00550207	
165	-53.92	0.0172618	0.00148411	0.248774	-0.00550207	
166	-55.12	0.0172618	0.00148411	0.247656	-0.00550207	
167	-55.82	0.0172618	0.00148411	0.254726	-0.00550207	
168	-56.52	0.0172618	0.00148411	0.244335	-0.00550207	
169	-57.12	0.0172618	0.00148411	0.249728	-0.00550207	
170	-58.22	0.0172618	0.00148411	0.243381	-0.00550207	
171	-59.12	0.0172618	0.00148411	0.249695	-0.00550207	
172	-59.82	0.0172618	0.00148411	0.233023	-0.00550207	
173	-60.62	0.0172618	0.00148411	0.228715	-0.00550207	
174	-61.62	0.0172618	0.00148411	0.242296	-0.00550207	
175	-62.32	0.0172618	0.00148411	0.246308	-0.00550207	
176	-63.22	0.0172618	0.00148411	0.25545	-0.00550207	
177	-64.22	0.0172618	0.00148411	0.269952	-0.00550207	
178	-65.02	0.0172618	0.00148411	0.25157	-0.00550207	
179	-65.62	0.0172618	0.00148411	0.248676	-0.00550207	
180	-66.42	0.0172618	0.00148411	0.271103	-0.00550207	
181	-67.52	0.0172618	0.00148411	0.251372	-0.00550207	
182	-68.32	0.0172618	0.00148411	0.250517	-0.00550207	
183	-69.12	0.0172618	0.00148411	0.245289	-0.00550207	
184	-69.72	0.0172618	0.00148411	0.247426	-0.00550207	
185	-70.62	0.0172618	0.00148411	0.25249	-0.00550207	
186	-71.42	0.0172618	0.00148411	0.262619	-0.00550207	
187	-72.22	0.0172618	0.00148411	0.247064	-0.00550207	
188	-73.22	0.0172618	0.00148411	0.258278	-0.00550207	
189	-74.02	0.0172618	0.00148411	0.265578	-0.00550207	
190	-74.92	0.0172618	0.00148411	0.242198	-0.00550207	
191	-75.62	0.0172618	0.00148411	0.244302	-0.00550207	
192	-76.92	0.0172618	0.00148411	0.249958	-0.00550207	
193	-77.32	0.0172618	0.00148411	0.235226	-0.00550207	
194	-78.32	0.0172618	0.00148411	0.250057	-0.00550207	
195	-79.02	0.0172618	0.00148411	0.263605	-0.00550207	
196	-80.02	0.0172618	0.00148411	0.256272	-0.00550207	
197	-80.92	0.0172618	0.00148411	0.257653	-0.00550207	
198	-81.52	0.0172618	0.00148411	0.246012	-0.00550207	
199	-82.42	0.0172618	0.00148411	0.252096	-0.00550207	
200	-83.12	0.0172618	0.00148411	0.264394	-0.00550207	
201	-83.82	0.0172618	0.00148411	0.262849	-0.00550207	
202	-84.42	0.0172618	0.00148411	0.255483	-0.00550207	
203	-85.42	0.0172618	0.00148411	0.246801	-0.00550207	
204	-86.32	0.0172618	0.00148411	0.247755	-0.00550207	
205	-86.82	0.0172618	0.00148411	0.239731	-0.00550207	
206	-87.52	0.0172618	0.00148411	0.239501	-0.00550207	
207	-88.22	0.0172618	0.00148411	0.257489	-0.00550207	
208	-89.32	0.0172618	0.00148411	0.25351	-0.00550207	
209	-89.92	0.0172618	0.00148411	0.245716	-0.00550207	
210	-90.42	0.0172618	0.00148411	0.251635	-0.00550207	
211	-91.32	0.0172618	0.00148411	0.238449	-0.00550207	
212	-92.22	0.0172618	0.00148411	0.246078	-0.00550207	
213	-93.22	0.0172618	0.00148411	0.253444	-0.00550207	
214	-93.72	0.0172618	0.00148411	0.250024	-0.00550207	
215	-94.72	0.0172618	0.00148411	0.266959	-0.00550207	
216	-95.42	0.0172618	0.00148411	0.256371	-0.00550207	
217	-96.12	0.0172618	0.00148411	0.245913	-0.00550207	
218	-96.82	0.0172618	0.00148411	0.253444	-0.00550207	
219	-98.02	0.0172618	0.00148411	0.247887	-0.00550207	
220	-98.72	0.0172618	0.00148411	0.24279	-0.00550207	
221	-99.62	0.0172618	0.00148411	0.263868	-0.00550207	
222	-100.42	0.0172618	0.00148411	0.231379	-0.00550207	
223	-101.62	0.0172618	0.00148411	0.247722	-0.00550207	
224	-102.22	0.0172618	0.00148411	0.243053	-0.00550207	
225	-103.32	0.0172618	0.00148411	0.246111	-0.00550207	
226	-104.72	0.0172618	0.00148411	0.241408	-0.00550207	
227	-105.32	0.0172618	0.00148411	0.247064	-0.00550207	
228	-106.42	0.0172618	0.00148411	0.246341	-0.00550207	
229	-107.72	0.0172618	0.00148411	0.246801	-0.00550207	
230	-108.32	0.0172618	0.00148411	0.249794	-0.00550207	
231	-109.62	0.0172618	0.00148411	0.227203	-0.00550207	
232	-110.52	0.0172618	0.00148411	0.236936	-0.00550207	
233	-111.52	0.0172618	0.00148411	0.222697	-0.00550207	
234	-112.62	0.0172618	0.00148411	0.235456	-0.00550207	
235	-113.32	0.0172618	0.00148411	0.253444	-0.00550207	
236	-114.02	0.0172618	0.00148411	0.23345	-0.00550207	
237	-114.92	0.0172618	0.00148411	0.224901	-0.00550207	
238	-115.82	0.0172618	0.00148411	0.235818	-0.00550207	
239	-116.72	0.0172618	0.00148411	0.24279	-0.00550207	
240	-117.32	0.0172618	0.00148411	0.245157	-0.00550207	
241	-118.22	0.0172618	0.00148411	0.243283	-0.00550207	
242	-119.02	0.0172618	0.00148411	0.246242	-0.00550207	
243	-119.82	0.0172618	0.00148411	0.241014	-0.00550207	
244	-120.42	0.0172618	0.00148411	0.249892	-0.00550207	
245	-121.32	0.0172618	0.00148411	0.242724	-0.00550207	
246	-122.32	0.0172618	0.00148411	0.229504	-0.00550207	
247	-122.92	0.0172618	0.00148411	0.240619	-0.00550207	
248	-123.52	0.0172618	0.00148411	0.237331	-0.00550207	
249	-124.42	0.0172618	0.00148411	0.237364	-0.00550207	
250	-125.22	0.0172618	0.00148411	0.23766	-0.00550207	
251	-126.02	0.0172618	0.00148411	0.231247	-0.00550207	
252	-126.92	0.0172618	0.00148411	0.241606	-0.00550207	
253	-127.72	0.0172618	0.00148411	0.2274	-0.00550207	
254	-128.82	0.0172618	0.00148411	0.221152	-0.00550207	
255	-129.32	0.0172618	0.00148411	0.246604	-0.00550207	
256	-129.52	0.0172618	0.00148411	0.223191	-0.00550207	
257	-131.22	0.0172618	0.00148411	0.242329	-0.00550207	
258	-132.22	0.0172618	0.00148411	0.229735	-0.00550207	
259	-132.72	0.0172618	0.00148411	0.222106	-0.00550207	
260	-133.92	0.0172618	0.00148411	0.222632	-0.00550207	
261	-134.82	0.0172618	0.00148411	0.223191	-0.00550207	
262	-135.42	0.0172618	0.00148411	0.218028	-0.00550207	
263	-136.42	0.0172618	0.00148411	0.224638	-0.00550207	
264	-137.22	0.0172618	0.00148411	0.233911	-0.00550207	
265	-137.82	0.0172618	0.00148411	0.235029	-0.00550207	
266	-138.72	0.0172618	0.00148411	0.226775	-0.00550207	
267	-139.32	0.0172618	0.00148411	0.256108	-0.00550207	
268	-140.42	0.0172618	0.00148411	0.224966	-0.00550207	
269	-141.12	0.0172618	0.00148411	0.236838	-0.00550207	
270	-142.02	0.0172618	0.00148411	0.2396	-0.00550207	
271	-143.02	0.0172618	0.00148411	0.233779	-0.00550207	
272	-143.82	0.0172618	0.00148411	0.229373	-0.00550207	
273	-144.62	0.0172618	0.00148411	0.239567	-0.00550207	
274	-145.42	0.0172618	0.00148411	0.22934	-0.00550207	
275	-146.42	0.0172618	0.00148411	0.230129	-0.00550207	
276	-147.12	0.0172618	0.00148411	0.231905	-0.00550207	
277	-147.62	0.0172618	0.00148411	0.234305	-0.00550207	
278	-148.62	0.0172618	0.00148411	0.22957	-0.00550207	
279	-149.62	0.0172618	0.00148411	0.233319	-0.00550207	
280	-150.22	0.0172618	0.00148411	0.241441	-0.00550207	
281	-150.82	0.0172618	0.00148411	0.235029	-0.00550207	
282	-151.72	0.0172618	0.00148411	0.231872	-0.00550207	
283	-152.82	0.0172618	0.00148411	0.226479	-0.00550207	
284	-153.32	0.0172618	0.00148411	0.245157	-0.00550207	
285	-154.02	0.0172618	0.00148411	0.239764	-0.00550207	
286	-154.92	0.0172618	0.00148411	0.250715	-0.00550207	
287	-155.82	0.0172618	0.00148411	0.230754	-0.00550207	
288	-156.52	0.0172618	0.00148411	0.246144	-0.00550207	
289	-157.12	0.0172618	0.00148411	0.246045	-0.00550207	
290	-158.12	0.0172618	0.00148411	0.246144	-0.00550207	
291	-158.82	0.0172618	0.00148411	0.248906	-0.00550207	
292	-159.72	0.0172618	0.00148411	0.236772	-0.00550207	
293	-160.42	0.0172618	0.00148411	0.256075	-0.00550207	
294	-161.82	0.0172618	0.00148411	0.221514	-0.00550207	
295	-162.42	0.0172618	0.00148411	0.248709	-0.00550207	
296	-163.42	0.0172618	0.00148411	0.247459	-0.00550207	
297	-164.42	0.0172618	0.00148411	0.260415	-0.00550207	
298	-165.12	0.0172618	0.00148411	0.231708	-0.00550207	
299	-165.82	0.0172618	0.00148411	0.256502	-0.00550207	
300	-166.72	0.0172618	0.00148411	0.257719	-0.00550207	
301	-167.82	0.0172618	0.00148411	0.238219	-0.00550207	
302	-168.62	0.0172618	0.00148411	0.263704	-0.00550207	
303	-169.22	0.0172618	0.00148411	0.248018	-0.00550207	
304	-170.52	0.0172618	0.00148411	0.239172	-0.00550207	
305	-171.32	0.0172618	0.00148411	0.236509	-0.00550207	
306	-172.22	0.0172618	0.00148411	0.246867	-0.00550207	
307	-173.12	0.0172618	0.00148411	0.233286	-0.00550207	
308	-174.82	0.0172618	0.00148411	0.251372	-0.00550207	
309	-175.22	0.0172618	0.00148411	0.240027	-0.00550207	
310	-176.42	0.0172618	0.00148411	0.247393	-0.00550207	
311	-177.22	0.0172618	0.00148411	0.221382	-0.00550207	
312	-178.52	0.0172618	0.00148411	0.234075	-0.00550207	
313	-179.62	0.0172618	0.00148411	0.239929	-0.00550207	
314	-180.52	0.0172618	0.00148411	0.243349	-0.00550207	
315	-181.42	0.0172618	0.00148411	0.212043	-0.00550207	
316	-182.62	0.0172618	0.00148411	0.24644	-0.00550207	
317	-183.52	0.0172618	0.00148411	0.22717	-0.00550207	
318	-184.22	0.0172618	0.00148411	0.239633	-0.00550207	
319	-185.22	0.0172618	0.00148411	0.259856	-0.00550207	
320	-186.22	0.0172618	0.00148411	0.251964	-0.00550207	
321	-187.02	0.0172618	0.00148411	0.223815	-0.00550207	
322	-187.42	0.0172618	0.00148411	0.22957	-0.00550207	
323	-189.02	0.0172618	0.00148411	0.25009	-0.00550207	
324	-189.92	0.0172618	0.00148411	0.243842	-0.00550207	
325	-190.62	0.0172618	0.00148411	0.226972	-0.00550207	
326	-191.82	0.0172618	0.00148411	0.224013	-0.00550207	
327	-192.52	0.0172618	0.00148411	0.234996	-0.00550207	
328	-193.22	0.0172618	0.00148411	0.232431	-0.00550207	
329	-194.42	0.0172618	0.00148411	0.247656	-0.00550207	
330	-195.22	0.0172618	0.00148411	0.236903	-0.00550207	
331	-195.82	0.0172618	0.00148411	0.227466	-0.00550207	
332	-196.92	0.0172618	0.00148411	0.231905	-0.00550207	
333	-198.22	0.0172618	0.00148411	0.227367	-0.00550207	
334	-198.92	0.0172618	0.00148411	0.22888	-0.00550207	
335	-199.72	0.0172618	0.00148411	0.24279	-0.00550207	
336	-200.52	0.0172618	0.00148411	0.236311	-0.00550207	
337	-201.72	0.0172618	0.00148411	0.232365	-0.00550207	
338	-202.32	0.0172618	0.00148411	0.221744	-0.00550207	
339	-202.42	0.0172618	0.00148411	0.215134	-0.00550207	
340	-204.12	0.0172618	0.00148411	0.224736	-0.00550207	
341	-205.02	0.0172618	0.00148411	0.236739	-0.00550207	
342	-205.62	0.0172618	0.00148411	0.241014	-0.00550207	
343	-206.52	0.0172618	0.00148411	0.226874	-0.00550207	
344	-207.62	0.0172618	0.00148411	0.221316	-0.00550207	
345	-208.52	0.0172618	0.00148411	0.229373	-0.00550207	
346	-209.32	0.0172618	0.00148411	0.24496	-0.00550207	
347	-210.22	0.0172618	0.00148411	0.241507	-0.00550207	
348	-211.22	0.0172618	0.00148411	0.220659	-0.00550207	
349	-212.12	0.0172618	0.00148411	0.243546	-0.00550207	
350	-213.02	0.0172618	0.00148411	0.226216	-0.00550207	
351	-213.92	0.0172618	0.00148411	0.227564	-0.00550207	
352	-214.62	0.0172618	0.00148411	0.239041	-0.00550207	
353	-215.62	0.0172618	0.00148411	0.211089	-0.00550207	
354	-216.52	0.0172618	0.00148411	0.217173	-0.00550207	
355	-217.42	0.0172618	0.00148411	0.20836	-0.00550207	
356	-218.22	0.0172618	0.00148411	0.200961	-0.00550207	
357	-219.32	0.0172618	0.00148411	0.204545	-0.00550207	
358	-219.82	0.0172618	0.00148411	0.195634	-0.00550207	
359	-220.62	0.0172618	0.00148411	0.213062	-0.00550207	
360	-221.52	0.0172618	0.00148411	0.234371	-0.00550207	
361	-222.42	0.0172618	0.00148411	0.220297	-0.00550207	
362	-223.12	0.0172618	0.00148411	0.215594	-0.00550207	
363	-223.72	0.0172618	0.00148411	0.219606	-0.00550207	
364	-224.72	0.0172618	0.00148411	0.211287	-0.00550207	
365	-225.52	0.0172618	0.00148411	0.205269	-0.00550207	
366	-226.32	0.0172618	0.00148411	0.203296	-0.00550207	
367	-227.12	0.0172618	0.00148411	0.215233	-0.00550207	
368	-227.82	0.0172618	0.00148411	0.22181	-0.00550207	
369	-228.72	0.0172618	0.00148411	0.211977	-0.00550207	
370	-229.42	0.0172618	0.00148411	0.205499	-0.00550207	
371	-230.12	0.0172618	0.00148411	0.198265	-0.00550207	
372	-230.92	0.0172618	0.00148411	0.220955	-0.00550207	
373	-231.92	0.0172618	0.00148411	0.235358	-0.00550207	
374	-232.62	0.0172618	0.00148411	0.231214	-0.00550207	
375	-233.52	0.0172618	0.00148411	0.212898	-0.00550207	
376	-234.22	0.0172618	0.00148411	0.229899	-0.00550207	
377	-235.52	0.0172618	0.00148411	0.207571	-0.00550207	
378	-236.12	0.0172618	0.00148411	0.21566	-0.00550207	
379	-237.02	0.0172618	0.00148411	0.214213	-0.00550207	
380	-237.92	0.0172618	0.00148411	0.218949	-0.00550207	
381	-238.52	0.0172618	0.00148411	0.219837	-0.00550207	
382	-239.32	0.0172618	0.00148411	0.226643	-0.00550207	
383	-240.42	0.0172618	0.00148411	0.208985	-0.00550207	
384	-240.92	0.0172618	0.00148411	0.219902	-0.00550207	
385	-241.82	0.0172618	0.00148411	0.225591	-0.00550207	
386	-243.02	0.0172618	0.00148411	0.217699	-0.00550207	
387	-243.62	0.0172618	0.00148411	0.22569	-0.00550207	
388	-244.52	0.0172618	0.00148411	0.219343	-0.00550207	
389	-245.52	0.0172618	0.00148411	0.211714	-0.00550207	
390	-246.22	0.0172618	0.00148411	0.207308	-0.00550207	
391	-247.22	0.0172618	0.00148411	0.209018	-0.00550207	
392	-248.22	0.0172618	0.00148411	0.207933	-0.00550207	
393	-249.12	0.0172618	0.00148411	0.223125	-0.00550207	
394	-250.12	0.0172618	0.00148411	0.190997	-0.00550207	
395	-250.82	0.0172618	0.00148411	0.212569	-0.00550207	
396	-252.12	0.0172618	0.00148411	0.219475	-0.00550207	
397	-252.82	0.0172618	0.00148411	0.21566	-0.00550207	
398	-253.72	0.0172618	0.00148411	0.209971	-0.00550207	
399	-254.72	0.0172618	0.00148411	0.225098	-0.00550207	
400	-255.72	0.0172618	0.00148411	0.222204	-0.00550207	
401	-256.82	0.0172618	0.00148411	0.223815	-0.00550207	
402	-257.82	0.0172618	0.00148411	0.249728	-0.00550207	
403	-258.82	0.0172618	0.00148411	0.223059	-0.00550207	
404	-259.82	0.0172618	0.00148411	0.237232	-0.00550207	
405	-260.62	0.0172618	0.00148411	0.246341	-0.00550207	
406	-261.62	0.0172618	0.00148411	0.232826	-0.00550207	
407	-262.42	0.0172618	0.00148411	0.246505	-0.00550207	
408	-263.42	0.0172618	0.00148411	0.220955	-0.00550207	
409	-264.62	0.0172618	0.00148411	0.240915	-0.00550207	
410	-265.22	0.0172618	0.00148411	0.219014	-0.00550207	
411	-265.92	0.0172618	0.00148411	0.214904	-0.00550207	
412	-267.22	0.0172618	0.00148411	0.222171	-0.00550207	
413	-268.02	0.0172618	0.00148411	0.222204	-0.00550207	
414	-268.82	0.0172618	0.00148411	0.246209	-0.00550207	
415	-269.72	0.0172618	0.00148411	0.234108	-0.00550207	
416	-270.72	0.0172618	0.00148411	0.221645	-0.00550207	
417	-271.92	0.0172618	0.00148411	0.208886	-0.00550207	
418	-272.62	0.0172618	0.00148411	0.218357	-0.00550207	
419	-273.52	0.0172618	0.00148411	0.226676	-0.00550207	
420	-274.42	0.0172618	0.00148411	0.223585	-0.00550207	
421	-275.52	0.0172618	0.00148411	0.23766	-0.00550207	
422	-276.22	0.0172618	0.00148411	0.219146	-0.00550207	
423	-277.02	0.0172618	0.00148411	0.210958	-0.00550207	
424	-278.02	0.0172618	0.00148411	0.2298	-0.00550207	
425	-278.92	0.0172618	0.00148411	0.209051	-0.00550207	
426	-279.72	0.0172618	0.00148411	0.229307	-0.00550207	
427	-280.42	0.0172618	0.00148411	0.236443	-0.00550207	
428	-280.52	0.0172618	0.00148411	0.22717	-0.00550207	
429	-282.22	0.0172618	0.00148411	0.225098	-0.00550207	
430	-283.02	0.0172618	0.00148411	0.231839	-0.00550207	
431	-283.72	0.0172618	0.00148411	0.242329	-0.00550207	
432	-284.72	0.0172618	0.00148411	0.222237	-0.00550207	
433	-285.82	0.0172618	0.00148411	0.216713	-0.00550207	
434	-286.52	0.0172618	0.00148411	0.21326	-0.00550207	
435	-287.62	0.0172618	0.00148411	0.226446	-0.00550207	
436	-288.42	0.0172618	0.00148411	0.237988	-0.00550207	
437	-289.22	0.0172618	0.00148411	0.229833	-0.00550207	
438	-290.12	0.0172618	0.00148411	0.224572	-0.00550207	
439	-291.02	0.0172618	0.00148411	0.240192	-0.00550207	
440	-291.52	0.0172618	0.00148411	0.215496	-0.00550207	
441	-292.32	0.0172618	0.00148411	0.211221	-0.00550207	
442	-293.12	0.0172618	0.00148411	0.213095	-0.00550207	
443	-294.02	0.0172618	0.00148411	0.240553	-0.00550207	
444	-294.52	0.0172618	0.00148411	0.252359	-0.00550207	
445	-295.52	0.0172618	0.00148411	0.225295	-0.00550207	
446	-296.42	0.0172618	0.00148411	0.241211	-0.00550207	
447	-297.22	0.0172618	0.00148411	0.215397	-0.00550207	
448	-297.92	0.0172618	0.00148411	0.208919	-0.00550207	
449	-298.52	0.0172618	0.00148411	0.209774	-0.00550207	
450	-299.42	0.0172618	0.00148411	0.228814	-0.00550207	
451	-300.22	0.0172618	0.00148411	0.204217	-0.00550207	
452	-301.12	0.0172618	0.00148411	0.198988	-0.00550207	
453	-301.82	0.0172618	0.00148411	0.210662	-0.00550207	
454	-302.72	0.0172618	0.00148411	0.208524	-0.00550207	
455	-303.42	0.0172618	0.00148411	0.197607	-0.00550207	
456	-304.42	0.0172618	0.00148411	0.221514	-0.00550207	
457	-305.12	0.0172618	0.00148411	0.209577	-0.00550207	
458	-306.12	0.0172618	0.00148411	0.235489	-0.00550207	
459	-306.92	0.0172618	0.00148411	0.204348	-0.00550207	
460	-307.72	0.0172618	0.00148411	0.224309	-0.00550207	
461	-308.62	0.0172618	0.00148411	0.205565	-0.00550207	
462	-309.62	0.0172618	0.00148411	0.207768	-0.00550207	
463	-310.22	0.0172618	0.00148411	0.196489	-0.00550207	
464	-311.02	0.0172618	0.00148411	0.232661	-0.00550207	
465	-312.12	0.0172618	0.00148411	0.237725	-0.00550207	
466	-312.82	0.0172618	0.00148411	0.235424	-0.00550207	
467	-313.62	0.0172618	0.00148411	0.20277	-0.00550207	
468	-314.52	0.0172618	0.00148411	0.199284	-0.00550207	
469	-315.52	0.0172618	0.00148411	0.190504	-0.00550207	
470	-316.22	0.0172618	0.00148411	0.200698	-0.00550207	
471	-317.12	0.0172618	0.00148411	0.213293	-0.00550207	
472	-318.22	0.0172618	0.00148411	0.215529	-0.00550207	
473	-319.02	0.0172618	0.00148411	0.196719	-0.00550207	
474	-319.82	0.0172618	0.00148411	0.200008	-0.00550207	
475	-320.92	0.0172618	0.00148411	0.183105	-0.00550207	
476	-321.62	0.0172618	0.00148411	0.171333	-0.00550207	
477	-322.62	0.0172618	0.00148411	0.171563	-0.00550207	
478	-323.42	0.0172618	0.00148411	0.187577	-0.00550207	
479	-324.32	0.0172618	0.00148411	0.196456	-0.00550207	
480	-325.12	0.0172618	0.00148411	0.205072	-0.00550207	
481	-326.22	0.0172618	0.00148411	0.191359	-0.00550207	
482	-327.12	0.0172618	0.00148411	0.183566	-0.00550207	
483	-328.02	0.0172618	0.00148411	0.179587	-0.00550207	
484	-328.72	0.0172618	0.00148411	0.16742	-0.00550207	
485	-329.82	0.0172618	0.00148411	0.179948	-0.00550207	
486	-330.92	0.0172618	0.00148411	0.190833	-0.00550207	
487	-331.82	0.0172618	0.00148411	0.193365	-0.00550207	
488	-333.12	0.0172618	0.00148411	0.184815	-0.00550207	
489	-333.72	0.0172618	0.00148411	0.202967	-0.00550207	
490	-334.92	0.0172618	0.00148411	0.170576	-0.00550207	
491	-336.42	0.0172618	0.00148411	0.170346	-0.00550207	
492	-337.52	0.0172618	0.00148411	0.180474	-0.00550207	
493	-338.42	0.0172618	0.00148411	0.197475	-0.00550207	
494	-339.82	0.0172618	0.00148411	0.184684	-0.00550207	
495	-340.42	0.0172618	0.00148411	0.198429	-0.00550207	
496	-341.72	0.0172618	0.00148411	0.180507	-0.00550207	
497	-342.42	0.0172618	0.00148411	0.18327	-0.00550207	
498	-343.52	0.0172618	0.00148411	0.151668	-0.00550207	
499	-344.22	0.0172618	0.00148411	0.149432	-0.00550207	
500	-345.32	0.0172618	0.00148411	0.163671	-0.00550207	
501	-346.02	0.0172618	0.00148411	0.150024	-0.00550207	
502	-347.62	0.0172618	0.00148411	0.170576	-0.00550207	
503	-348.32	0.0172618	0.00148411	0.16571	-0.00550207	
504	-349.02	0.0172618	0.00148411	0.151504	-0.00550207	
505	-349.82	0.0172618	0.00148411	0.132332	-0.00550207	
506	-350.62	0.0172618	0.00148411	0.132563	-0.00550207	
507	-351.42	0.0172618	0.00148411	0.120297	-0.00550207	
508	-352.32	0.0172618	0.00148411	0.132957	-0.00550207	
509	-353.02	0.0172618	0.00148411	0.149037	-0.00550207	
510	-353.92	0.0172618	0.00148411	0.142921	-0.00550207	
511	-354.82	0.0172618	0.00148411	0.146374	-0.00550207	
512	-355.62	0.0172618	0.00148411	0.128255	-0.00550207	
513	-356.72	0.0172618	0.00148411	0.134996	-0.00550207	
514	-357.62	0.0172618	0.00148411	0.122336	-0.00550207	
515	-358.32	0.0172618	0.00148411	0.109281	-0.00550207	
516	-359.12	0.0172618	0.00148411	0.117403	-0.00550207	
517	-360.32	0.0172618	0.00148411	0.123092	-0.00550207	
518	-360.92	0.0172618	0.00148411	0.133056	-0.00550207	
519	-361.62	0.0172618	0.00148411	0.135555	-0.00550207	
520	-362.52	0.0172618	0.00148411	0.13424	-0.00550207	
521	-363.32	0.0172618	0.00148411	0.112799	-0.00550207	
522	-364.12	0.0172618	0.00148411	0.108886	-0.00550207	
523	-364.92	0.0172618	0.00148411	0.105072	-0.00550207	
524	-365.62	0.0172618	0.00148411	0.104414	-0.00550207	
525	-366.42	0.0172618	0.00148411	0.091655	-0.00550207	
526	-367.32	0.0172618	0.00148411	0.0866895	-0.00550207	
527	-368.02	0.0172618	0.00148411	0.100665	-0.00550207	
528	-369.12	0.0172618	0.00148411	0.108097	-0.00550207	
529	-370.02	0.0172618	0.00148411	0.104578	-0.00550207	
530	-370.82	0.0172618	0.00148411	0.103131	-0.00550207	
531	-371.72	0.0172618	0.00148411	0.0867882	-0.00550207	
532	-372.62	0.0172618	0.00148411	0.0804745	-0.00550207	
533	-373.22	0.0172618	0.00148411	0.0739635	-0.00550207	
534	-374.52	0.0172618	0.00148411	0.0749171	-0.00550207	
535	-375.32	0.0172618	0.00148411	0.0741937	-0.00550207	
536	-376.12	0.0172618	0.00148411	0.0826777	-0.00550207	
537	-376.82	0.0172618	0.00148411	0.0821516	-0.00550207	
538	-377.92	0.0172618	0.00148411	0.0916221	-0.00550207	
539	-378.72	0.0172618	0.00148411	0.0819543	-0.00550207	
540	-379.42	0.0172618	0.00148411	0.0773834	-0.00550207	
541	-380.12	0.0172618	0.00148411	0.0777451	-0.00550207	
542	-381.12	0.0172618	0.00148411	0.065315	-0.00550207	
543	-381.82	0.0172618	0.00148411	0.0645587	-0.00550207	
544	-382.62	0.0172618	0.00148411	0.0484785	-0.00550207	
545	-383.32	0.0172618	0.00148411	0.0590342	-0.00550207	
546	-384.32	0.0172618	0.00148411	0.065611	-0.00550207	
547	-385.32	0.0172618	0.00148411	0.0640654	-0.00550207	
548	-386.32	0.0172618	0.00148411	0.0664659	-0.00550207	
549	-387.02	0.0172618	0.00148411	0.0598563	-0.00550207	
550	-387.92	0.0172618	0.00148411	0.0449599	-0.00550207	
551	-388.52	0.0172618	0.00148411	0.0409152	-0.00550207	
552	-389.42	0.0172618	0.00148411	0.0390408	-0.00550207	
553	-390.72	0.0172618	0.00148411	0.0328257	-0.00550207	
554	-391.32	0.0172618	0.00148411	0.0291427	-0.00550207	
555	-391.82	0.0172618	0.00148411	0.0346015	-0.00550207	
556	-393.02	0.0172618	0.00148411	0.0328586	-0.00550207	
557	-393.72	0.0172618	0.00148411	0.0324311	-0.00550207	
558	-394.52	0.0172618	0.00148411	0.0371335	-0.00550207	
559	-395.12	0.0172618	0.00148411	0.0278274	-0.00550207	
560	-396.12	0.0172618	0.00148411	0.023125	-0.00550207	
561	-397.22	0.0172618	0.00148411	0.0178965	-0.00550207	
562	-397.62	0.0172618	0.00148411	0.0160878	-0.00550207	
563	-398.72	0.0172618	0.00148411	0.0134242	-0.00550207	
564	-399.52	0.0172618	0.00148411	0.00928087	-0.00550207	
565	-399.82	0.0172618	0.00148411	0.0141477	-0.00550207	
566	-401.32	0.0172618	0.00148411	0.010662	-0.00550207	
567	-402.32	0.0172618	0.00148411	0.0206258	-0.00550207	
568	-403.72	0.0172618	0.00148411	0.0145752	-0.00550207	
569	-404.72	0.0172618	0.00148411	0.0184555	-0.00550207	
570	-405.72	0.0172618	0.00148411	0.00809705	-0.00550207	
571	-406.52	0.0172618	0.00148411	0.00586095	-0.00550207	
572	-407.82	0.0172618	0.00148411	-0.00186676	-0.00550207	
573	-408.72	0.0172618	0.00148411	0.00405234	-0.00550207	
574	-409.82	0.0172618	0.00148411	-0.000814477	-0.00550207	
575	-410.82	0.0172618	0.00148411	-0.00387268	-0.00550207	
576	-411.82	0.0172618	0.00148411	-0.00272174	-0.00550207	
577	-412.72	0.0172618	0.00148411	-0.0023929	-0.00550207	
578	-413.72	0.0172618	0.00148411	-0.00347807	-0.00550207	
579	-414.52	0.0172618	0.00148411	-0.00531957	-0.00550207	
580	-415.52	0.0172618	0.00148411	-0.0101206	-0.00550207	
581	-416.72	0.0172618	0.00148411	-0.0107783	-0.00550207	
582	-417.52	0.0172618	0.00148411	-0.0133432	-0.00550207	
583	-418.32	0.0172618	0.00148411	-0.0123238	-0.00550207	
584	-419.02	0.0172618	0.00148411	-0.0143298	-0.00550207	
585	-419.82	0.0172618	0.00148411	-0.0146257	-0.00550207	
586	-421.42	0.0172618	0.00148411	-0.0111071	-0.00550207	
587	-422.02	0.0172618	0.00148411	-0.0121265	-0.00550207	
588	-422.82	0.0172618	0.00148411	-0.0128829	-0.00550207	
589	-423.62	0.0172618	0.00148411	-0.00597725	-0.00550207	
590	-424.82	0.0172618	0.00148411	-0.00880526	-0.00550207	
591	-425.92	0.0172618	0.00148411	-0.0177497	-0.00550207	
592	-426.62	0.0172618	0.00148411	-0.00966024	-0.00550207	
593	-427.52	0.0172618	0.00148411	-0.00601013	-0.00550207	
594	-428.12	0.0172618	0.00148411	-0.0175524	-0.00550207	
595	-429.22	0.0172618	0.00148411	-0.0151518	-0.00550207	
596	-429.92	0.0172618	0.00148411	-0.0191637	-0.00550207	
597	-430.72	0.0172618	0.00148411	-0.00456324	-0.00550207	
598	-432.02	0.0172618	0.00148411	-0.0101206	-0.00550207	
599	-432.92	0.0172618	0.00148411	-0.010285	-0.00550207	
600	-433.52	0.0172618	0.00148411	-0.00821335	-0.00550207	
601	-434.22	0.0172618	0.00148411	-0.00969312	-0.00550207	
602	-435.12	0.0172618	0.00148411	-0.0119292	-0.00550207	
603	-435.82	0.0172618	0.00148411	-0.0113044	-0.00550207	
604	-436.62	0.0172618	0.00148411	-0.0103837	-0.00550207	
605	-437.22	0.0172618	0.00148411	-0.0123238	-0.00550207	
606	-438.22	0.0172618	0.00148411	-0.013113	-0.00550207	
607	-438.72	0.0172618	0.00148411	-0.00946294	-0.00550207	
608	-439.82	0.0172618	0.00148411	-0.0102193	-0.00550207	
609	-440.52	0.0172618	0.00148411	-0.015678	-0.00550207	
610	-441.42	0.0172618	0.00148411	-0.011436	-0.00550207	
611	-442.32	0.0172618	0.00148411	-0.010285	-0.00550207	
612	-443.22	0.0172618	0.00148411	-0.0134748	-0.00550207	
613	-444.02	0.0172618	0.00148411	-0.0120936	-0.00550207	
614	-444.92	0.0172618	0.00148411	-0.00919987	-0.00550207	
615	-445.72	0.0172618	0.00148411	-0.0132117	-0.00550207	
616	-446.62	0.0172618	0.00148411	-0.0124554	-0.00550207	
617	-447.42	0.0172618	0.00148411	-0.0134748	-0.00550207	
618	-448.72	0.0172618	0.00148411	-0.0113702	-0.00550207	
619	-449.62	0.0172618	0.00148411	-0.0128829	-0.00550207	
620	-450.52	0.0172618	0.00148411	-0.00367537	-0.00550207	
621	-451.22	0.0172618	0.00148411	-0.0052538	-0.00550207	
622	-452.32	0.0172618	0.00148411	-0.000123915	-0.00550207	
623	-453.02	0.0172618	0.00148411	-0.00324788	-0.00550207	
624	-453.82	0.0172618	0.00148411	-0.00344519	-0.00550207	
625	-454.42	0.0172618	0.00148411	-0.00466189	-0.00550207	
626	-455.32	0.0172618	0.00148411	-0.00693088	-0.00550207	
627	-456.42	0.0172618	0.00148411	-0.00650339	-0.00550207	
628	-457.02	0.0172618	0.00148411	-0.00262309	-0.00550207	
629	-457.72	0.0172618	0.00148411	-0.0034123	-0.00550207	
630	-458.92	0.0172618	0.00148411	-0.00275463	-0.00550207	
631	-459.62	0.0172618	0.00148411	-0.00176811	-0.00550207	
632	-460.32	0.0172618	0.00148411	-0.00406998	-0.00550207	
633	-461.02	0.0172618	0.00148411	-0.0021956	-0.00550207	
634	-462.02	0.0172618	0.00148411	0.00191489	-0.00550207	
635	-462.82	0.0172618	0.00148411	0.00125721	-0.00550207	
636	-463.62	0.0172618	0.00148411	-0.00203118	-0.00550207	
637	-464.52	0.0172618	0.00148411	0.00362485	-0.00550207	
638	-465.32	0.0172618	0.00148411	0.00102702	-0.00550207	
639	-466.12	0.0172618	0.00148411	0.00500597	-0.00550207	
640	-466.82	0.0172618	0.00148411	0.00152028	-0.00550207	
641	-467.72	0.0172618	0.00148411	0.001882	-0.00550207	
642	-468.52	0.0172618	0.00148411	-0.000781593	-0.00550207	
643	-469.42	0.0172618	0.00148411	-0.00285328	-0.00550207	
644	-470.12	0.0172618	0.00148411	0.00102702	-0.00550207	
645	-471.22	0.0172618	0.00148411	0.000369343	-0.00550207	
646	-472.12	0.0172618	0.00148411	0.00543346	-0.00550207	
647	-473.32	0.0172618	0.00148411	0.00592672	-0.00550207	
648	-474.42	0.0172618	0.00148411	0.00398657	-0.00550207	
649	-475.22	0.0172618	0.00148411	0.00822859	-0.00550207	
650	-475.92	0.0172618	0.00148411	0.0047429	-0.00550207	
651	-477.12	0.0172618	0.00148411	0.00566365	-0.00550207	
652	-477.52	0.0172618	0.00148411	0.00204642	-0.00550207	
653	-479.22	0.0172618	0.00148411	0.00549923	-0.00550207	
654	-480.42	0.0172618	0.00148411	0.00648574	-0.00550207	
655	-481.32	0.0172618	0.00148411	0.00263833	-0.00550207	
656	-482.52	0.0172618	0.00148411	0.0076038	-0.00550207	
657	-483.52	0.0172618	0.00148411	0.00694612	-0.00550207	
658	-484.62	0.0172618	0.00148411	0.0096426	-0.00550207	
659	-485.52	0.0172618	0.00148411	0.00954395	-0.00550207	
660	-486.62	0.0172618	0.00148411	0.00951106	-0.00550207	
661	-487.32	0.0172618	0.00148411	0.00937953	-0.00550207	
662	-488.62	0.0172618	0.00148411	0.0153973	-0.00550207	
663	-489.42	0.0172618	0.00148411	0.0117472	-0.00550207	
664	-490.32	0.0172618	0.00148411	0.0106949	-0.00550207	
665	-491.22	0.0172618	0.00148411	0.00546634	-0.00550207	
666	-492.22	0.0172618	0.00148411	0.0076038	-0.00550207	
667	-492.62	0.0172618	0.00148411	0.00701189	-0.00550207	
668	-493.92	0.0172618	0.00148411	0.00928087	-0.00550207	
669	-495.12	0.0172618	0.00148411	0.00770245	-0.00550207	
670	-495.92	0.0172618	0.00148411	0.00849166	-0.00550207	
671	-496.92	0.0172618	0.00148411	0.00688035	-0.00550207	
672	-497.82	0.0172618	0.00148411	0.00928087	-0.00550207	
673	-498.92	0.0172618	0.00148411	0.0154302	-0.00550207	
674	-499.52	0.0172618	0.00148411	0.0144108	-0.00550207	
675	-500.62	0.0172618	0.00148411	0.0123062	-0.00550207	
676	-501.42	0.0172618	0.00148411	0.00960971	-0.00550207	
677	-502.22	0.0172618	0.00148411	0.0100701	-0.00550207	
678	-502.52	0.0172618	0.00148411	0.013786	-0.00550207	
679	-504.02	0.0172618	0.00148411	0.0107935	-0.00550207	
680	-504.72	0.0172618	0.00148411	0.00743938	-0.00550207	
681	-505.72	0.0172618	0.00148411	0.0136544	-0.00550207	
682	-506.52	0.0172618	0.00148411	0.00855743	-0.00550207	
683	-507.42	0.0172618	0.00148411	0.0076038	-0.00550207	
684	-507.92	0.0172618	0.00148411	0.0103332	-0.00550207	
685	-509.02	0.0172618	0.00148411	0.0078011	-0.00550207	
686	-509.72	0.0172618	0.00148411	0.014904	-0.00550207	
687	-510.62	0.0172618	0.00148411	0.0151342	-0.00550207	
688	-511.52	0.0172618	0.00148411	0.0142463	-0.00550207	
689	-512.52	0.0172618	0.00148411	0.0147396	-0.00550207	
690	-513.12	0.0172618	0.00148411	0.0129968	-0.00550207	
691	-514.22	0.0172618	0.00148411	0.0146409	-0.00550207	
692	-514.82	0.0172618	0.00148411	0.0124377	-0.00550207	
693	-516.02	0.0172618	0.00148411	0.014049	-0.00550207	
694	-516.72	0.0172618	0.00148411	0.0090178	-0.00550207	
695	-517.72	0.0172618	0.00148411	0.0131941	-0.00550207	
696	-518.72	0.0172618	0.00148411	0.0115827	-0.00550207	
697	-519.42	0.0172618	0.00148411	0.0141148	-0.00550207	
698	-520.42	0.0172618	0.00148411	0.0079984	-0.00550207	
699	-521.32	0.0172618	0.00148411	0.0152329	-0.00550207	
700	-522.22	0.0172618	0.00148411	0.0155617	-0.00550207	
701	-522.82	0.0172618	0.00148411	0.0181924	-0.00550207	
702	-524.12	0.0172618	0.00148411	0.0177649	-0.00550207	
703	-524.72	0.0172618	0.00148411	0.0133585	-0.00550207	
704	-525.62	0.0172618	0.00148411	0.0166797	-0.00550207	
705	-526.42	0.0172618	0.00148411	0.0143779	-0.00550207	
706	-527.32	0.0172618	0.00148411	0.0170415	-0.00550207	
707	-528.12	0.0172618	0.00148411	0.0137531	-0.00550207	
708	-529.12	0.0172618	0.00148411	0.0181595	-0.00550207	
709	-530.02	0.0172618	0.00148411	0.0132269	-0.00550207	
710	-530.92	0.0172618	0.00148411	0.0121747	-0.00550207	
711	-531.52	0.0172618	0.00148411	0.0146409	-0.00550207	
712	-532.42	0.0172618	0.00148411	0.0104318	-0.00550207	
713	-533.72	0.0172618	0.00148411	0.0162194	-0.00550207	
714	-534.42	0.0172618	0.00148411	0.0153644	-0.00550207	
715	-535.12	0.0172618	0.00148411	0.0152	-0.00550207	
716	-536.32	0.0172618	0.00148411	0.0215466	-0.00550207	
717	-537.12	0.0172618	0.00148411	0.01178	-0.00550207	
718	-537.72	0.0172618	0.00148411	0.0169757	-0.00550207	
719	-538.72	0.0172618	0.00148411	0.0191132	-0.00550207	
720	-539.52	0.0172618	0.00148411	0.0141477	-0.00550207	
721	-540.42	0.0172618	0.00148411	0.0189487	-0.00550207	
722	-541.02	0.0172618	0.00148411	0.0156275	-0.00550207	
723	-542.02	0.0172618	0.00148411	0.0155946	-0.00550207	
724	-542.42	0.0172618	0.00148411	0.0124706	-0.00550207	
725	-543.62	0.0172618	0.00148411	0.00914934	-0.00550207	
726	-544.32	0.0172618	0.00148411	0.0127337	-0.00550207	
727	-545.42	0.0172618	0.00148411	0.00921511	-0.00550207	
728	-546.02	0.0172618	0.00148411	0.00711054	-0.00550207	
729	-546.92	0.0172618	0.00148411	0.00967548	-0.00550207	
730	-547.92	0.0172618	0.00148411	0.0121418	-0.00550207	
731	-548.82	0.0172618	0.00148411	0.0147067	-0.00550207	
732	-549.62	0.0172618	0.00148411	0.0127337	-0.00550207	
733	-550.92	0.0172618	0.00148411	0.0101687	-0.00550207	
734	-551.82	0.0172618	0.00148411	0.0152	-0.00550207	
735	-552.72	0.0172618	0.00148411	0.0113526	-0.00550207	
736	-553.82	0.0172618	0.00148411	0.012635	-0.00550207	
737	-554.82	0.0172618	0.00148411	0.0101359	-0.00550207	
738	-555.72	0.0172618	0.00148411	0.00543346	-0.00550207	
739	-556.92	0.0172618	0.00148411	0.00553211	-0.00550207	
740	-558.02	0.0172618	0.00148411	0.0104318	-0.00550207	
741	-558.82	0.0172618	0.00148411	0.00395369	-0.00550207	
742	-559.72	0.0172618	0.00148411	0.00865608	-0.00550207	
743	-560.92	0.0172618	0.00148411	0.00822859	-0.00550207	
744	-562.12	0.0172618	0.00148411	0.00175047	-0.00550207	
745	-562.82	0.0172618	0.00148411	0.00211219	-0.00550207	
746	-563.72	0.0172618	0.00148411	0.000961253	-0.00550207	
747	-564.72	0.0172618	0.00148411	0.0020793	-0.00550207	
748	-565.92	0.0172618	0.00148411	0.00674882	-0.00550207	
749	-566.82	0.0172618	0.00148411	0.0049402	-0.00550207	
750	-567.72	0.0172618	0.00148411	-0.00222848	-0.00550207	
751	-569.22	0.0172618	0.00148411	-0.00041987	-0.00550207	
752	-570.22	0.0172618	0.00148411	0.000402227	-0.00550207	
753	-571.02	0.0172618	0.00148411	-0.00699665	-0.00550207	
754	-571.92	0.0172618	0.00148411	-0.00334654	-0.00550207	
755	-572.72	0.0172618	0.00148411	-0.00459612	-0.00550207	
756	-573.62	0.0172618	0.00148411	-0.0064705	-0.00550207	
757	-574.72	0.0172618	0.00148411	-0.0107125	-0.00550207	
758	-575.42	0.0172618	0.00148411	-0.0128829	-0.00550207	
759	-576.12	0.0172618	0.00148411	-0.0135077	-0.00550207	
760	-576.92	0.0172618	0.00148411	-0.0157766	-0.00550207	
761	-577.82	0.0172618	0.00148411	-0.0149217	-0.00550207	
762	-578.72	0.0172618	0.00148411	-0.0151518	-0.00550207	
763	-579.42	0.0172618	0.00148411	-0.00788451	-0.00550207	
764	-580.72	0.0172618	0.00148411	-0.015382	-0.00550207	
765	-581.42	0.0172618	0.00148411	-0.0109427	-0.00550207	
766	-582.12	0.0172618	0.00148411	-0.0070953	-0.00550207	
767	-583.02	0.0172618	0.00148411	-0.0106796	-0.00550207	
768	-583.82	0.0172618	0.00148411	-0.0112715	-0.00550207	
769	-584.42	0.0172618	0.00148411	-0.0070953	-0.00550207	
770	-585.22	0.0172618	0.00148411	-0.01114	-0.00550207	
771	-585.82	0.0172618	0.00148411	-0.00798316	-0.00550207	
772	-587.12	0.0172618	0.00148411	-0.00666781	-0.00550207	
773	-587.92	0.0172618	0.00148411	-0.0118635	-0.00550207	
774	-588.82	0.0172618	0.00148411	-0.013113	-0.00550207	
775	-589.82	0.0172618	0.00148411	-0.00900256	-0.00550207	
776	-591.02	0.0172618	0.00148411	-0.0115017	-0.00550207	
777	-591.82	0.0172618	0.00148411	-0.0091341	-0.00550207	
778	-592.72	0.0172618	0.00148411	-0.00860796	-0.00550207	
779	-593.52	0.0172618	0.00148411	-0.00923275	-0.00550207	
780	-594.22	0.0172618	0.00148411	-0.00508938	-0.00550207	
781	-595.22	0.0172618	0.00148411	-0.00969312	-0.00550207	
782	-596.22	0.0172618	0.00148411	-0.00883814	-0.00550207	
783	-597.02	0.0172618	0.00148411	-0.00328077	-0.00550207	
784	-597.52	0.0172618	0.00148411	-0.0081147	-0.00550207	
785	-598.32	0.0172618	0.00148411	-0.00305058	-0.00550207	
786	-599.02	0.0172618	0.00148411	-0.0131459	-0.00550207	
787	-600.22	0.0172618	0.00148411	-0.008312	-0.00550207	
788	-601.12	0.0172618	0.00148411	-0.0121923	-0.00550207	
789	-602.12	0.0172618	0.00148411	-0.0132775	-0.00550207	
790	-602.92	0.0172618	0.00148411	-0.014264	-0.00550207	
791	-603.72	0.0172618	0.00148411	-0.0127184	-0.00550207	
792	-604.52	0.0172618	0.00148411	-0.0111729	-0.00550207	
793	-605.52	0.0172618	0.00148411	-0.0112715	-0.00550207	
794	-606.12	0.0172618	0.00148411	-0.0112058	-0.00550207	
795	-606.42	0.0172618	0.00148411	-0.011436	-0.00550207	
796	-614.32	0.0172618	0.00148411	-0.0154149	-0.00550207	
797	-614.32	0.0172618	0.00148411	-0.0126527	-0.00550207	
798	-614.62	0.0172618	0.00148411	-0.0160068	-0.00550207	
799	-615.12	0.0172618	0.00148411	-0.0173551	-0.00550207	
800	-615.42	0.0172618	0.00148411	-0.0149874	-0.00550207	
801	-615.92	0.0172618	0.00148411	-0.0175524	-0.00550207	
802	-616.22	0.0172618	0.00148411	-0.0187362	-0.00550207	
803	-616.72	0.0172618	0.00148411	-0.0194268	-0.00550207	
804	-617.12	0.0172618	0.00148411	-0.0165659	-0.00550207	
805	-617.42	0.0172618	0.00148411	-0.0167303	-0.00550207	
806	-618.12	0.0172618	0.00148411	-0.0143298	-0.00550207	
807	-618.62	0.0172618	0.00148411	-0.0131788	-0.00550207	
808	-619.32	0.0172618	0.00148411	-0.015119	-0.00550207	
809	-619.52	0.0172618	0.00148411	-0.0183416	-0.00550207	
810	-620.42	0.0172618	0.00148411	-0.0222876	-0.00550207	
811	-621.22	0.0172618	0.00148411	-0.017092	-0.00550207	
812	-622.32	0.0172618	0.00148411	-0.0191308	-0.00550207	
813	-622.92	0.0172618	0.00148411	-0.0229124	-0.00550207	
814	-623.52	0.0172618	0.00148411	-0.0205119	-0.00550207	
815	-624.82	0.0172618	0.00148411	-0.0200844	-0.00550207	
816	-625.72	0.0172618	0.00148411	-0.021334	-0.00550207	
817	-626.52	0.0172618	0.00148411	-0.0166974	-0.00550207	
818	-627.82	0.0172618	0.00148411	-0.013705	-0.00550207	
819	-628.82	0.0172618	0.00148411	-0.0125211	-0.00550207	
820	-629.72	0.0172618	0.00148411	-0.0141653	-0.00550207	
821	-630.42	0.0172618	0.00148411	-0.014823	-0.00550207	
822	-631.72	0.0172618	0.00148411	-0.0175195	-0.00550207	
823	-632.82	0.0172618	0.00148411	-0.0125869	-0.00550207	
824	-633.72	0.0172618	0.00148411	-0.0163028	-0.00550207	
825	-634.52	0.0172618	0.00148411	-0.0133761	-0.00550207	
826	-635.42	0.0172618	0.00148411	-0.0172235	-0.00550207	
827	-636.42	0.0172618	0.00148411	-0.0155465	-0.00550207	
828	-637.32	0.0172618	0.00148411	-0.0194268	-0.00550207	
829	-638.22	0.0172618	0.00148411	-0.0220575	-0.00550207	
830	-639.12	0.0172618	0.00148411	-0.021334	-0.00550207	
831	-640.22	0.0172618	0.00148411	-0.021334	-0.00550207	
832	-641.02	0.0172618	0.00148411	-0.0209065	-0.00550207	
833	-641.72	0.0172618	0.00148411	-0.0230769	-0.00550207	
834	-642.72	0.0172618	0.00148411	-0.0203804	-0.00550207	
835	-643.62	0.0172618	0.00148411	-0.0195912	-0.00550207	
836	-644.72	0.0172618	0.00148411	-0.0219588	-0.00550207	
837	-645.22	0.0172618	0.00148411	-0.0177497	-0.00550207	
838	-646.42	0.0172618	0.00148411	-0.0192952	-0.00550207	
839	-647.02	0.0172618	0.00148411	-0.0173222	-0.00550207	
840	-647.32	0.0172618	0.00148411	-0.0174866	-0.00550207	
841	-648.62	0.0172618	0.00148411	-0.0124554	-0.00550207	
842	-649.52	0.0172618	0.00148411	-0.0138036	-0.00550207	
843	-650.22	0.0172618	0.00148411	-0.0145928	-0.00550207	
844	-651.12	0.0172618	0.00148411	-0.0149217	-0.00550207	
845	-651.82	0.0172618	0.00148411	-0.00959447	-0.00550207	
846	-652.82	0.0172618	0.00148411	-0.0140009	-0.00550207	
847	-653.82	0.0172618	0.00148411	-0.0132775	-0.00550207	
848	-654.42	0.0172618	0.00148411	-0.00936428	-0.00550207	
849	-655.32	0.0172618	0.00148411	-0.0113373	-0.00550207	
850	-656.02	0.0172618	0.00148411	-0.0135734	-0.00550207	
851	-657.02	0.0172618	0.00148411	-0.0166316	-0.00550207	
852	-657.92	0.0172618	0.00148411	-0.011436	-0.00550207	
853	-658.62	0.0172618	0.00148411	-0.0173222	-0.00550207	
854	-659.42	0.0172618	0.00148411	-0.0152834	-0.00550207	
855	-660.52	0.0172618	0.00148411	-0.00959447	-0.00550207	
856	-661.32	0.0172618	0.00148411	-0.0126198	-0.00550207	
857	-662.02	0.0172618	0.00148411	-0.0136721	-0.00550207	
858	-663.02	0.0172618	0.00148411	-0.00923275	-0.00550207	
859	-664.02	0.0172618	0.00148411	-0.0132446	-0.00550207	
860	-664.62	0.0172618	0.00148411	-0.00883814	-0.00550207	
861	-665.42	0.0172618	0.00148411	-0.0107783	-0.00550207	
862	-666.52	0.0172618	0.00148411	-0.00502361	-0.00550207	
863	-667.32	0.0172618	0.00148411	-0.00328077	-0.00550207	
864	-668.12	0.0172618	0.00148411	-0.00581283	-0.00550207	
865	-668.82	0.0172618	0.00148411	-0.00745702	-0.00550207	
866	-669.92	0.0172618	0.00148411	-0.00594436	-0.00550207	
867	-670.62	0.0172618	0.00148411	-0.00528668	-0.00550207	
868	-671.52	0.0172618	0.00148411	-0.00150504	-0.00550207	
869	-672.32	0.0172618	0.00148411	-0.00344519	-0.00550207	
870	-673.32	0.0172618	0.00148411	-0.00568129	-0.00550207	
871	-674.12	0.0172618	0.00148411	-0.00492496	-0.00550207	
872	-675.02	0.0172618	0.00148411	-0.00716106	-0.00550207	
873	-675.92	0.0172618	0.00148411	-0.0044317	-0.00550207	
874	-676.62	0.0172618	0.00148411	-0.0050565	-0.00550207	
875	-677.52	0.0172618	0.00148411	-0.00163657	-0.00550207	
876	-678.32	0.0172618	0.00148411	-0.00311635	-0.00550207	
877	-679.12	0.0172618	0.00148411	-0.00268886	-0.00550207	
878	-679.82	0.0172618	0.00148411	0.000435111	-0.00550207	
879	-680.82	0.0172618	0.00148411	-0.0013735	-0.00550207	
880	-681.62	0.0172618	0.00148411	-0.00209695	-0.00550207	
881	-682.32	0.0172618	0.00148411	-0.00252444	-0.00550207	
882	-683.22	0.0172618	0.00148411	-0.0050565	-0.00550207	
883	-684.12	0.0172618	0.00148411	-0.00295193	-0.00550207	
884	-684.62	0.0172618	0.00148411	-0.000288334	-0.00550207	
885	-685.42	0.0172618	0.00148411	0.00204642	-0.00550207	
886	-686.12	0.0172618	0.00148411	0.00102702	-0.00550207	
887	-687.32	0.0172618	0.00148411	0.00398657	-0.00550207	
888	-688.02	0.0172618	0.00148411	0.00171758	-0.00550207	
889	-688.72	0.0172618	0.00148411	-0.00229425	-0.00550207	
890	-689.62	0.0172618	0.00148411	0.0010599	-0.00550207	
891	-690.62	0.0172618	0.00148411	0.00724207	-0.00550207	
892	-691.72	0.0172618	0.00148411	-0.000386986	-0.00550207	
893	-692.52	0.0172618	0.00148411	0.000862601	-0.00550207	
894	-693.22	0.0172618	0.00148411	0.00484155	-0.00550207	
895	-694.32	0.0172618	0.00148411	0.00385503	-0.00550207	
896	-695.02	0.0172618	0.00148411	-0.000650057	-0.00550207	
897	-696.32	0.0172618	0.00148411	0.000862601	-0.00550207	
898	-697.22	0.0172618	0.00148411	0.00132298	-0.00550207	
899	-698.22	0.0172618	0.00148411	-0.00305058	-0.00550207	
900	-699.22	0.0172618	0.00148411	-0.00120908	-0.00550207	
901	-700.12	0.0172618	0.00148411	-0.00347807	-0.00550207	
902	-701.22	0.0172618	0.00148411	-0.00104466	-0.00550207	
903	-702.42	0.0172618	0.00148411	-0.00528668	-0.00550207	
904	-703.42	0.0172618	0.00148411	-0.00186676	-0.00550207	
905	-704.42	0.0172618	0.00148411	-0.00282039	-0.00550207	
906	-705.82	0.0172618	0.00148411	-0.00679934	-0.00550207	
907	-707.22	0.0172618	0.00148411	-0.00127485	-0.00550207	
908	-708.22	0.0172618	0.00148411	-0.00331365	-0.00550207	
909	-709.12	0.0172618	0.00148411	-0.00173523	-0.00550207	
910	-710.32	0.0172618	0.00148411	-0.00768721	-0.00550207	
911	-711.62	0.0172618	0.00148411	-0.0107783	-0.00550207	
912	-712.52	0.0172618	0.00148411	-0.011699	-0.00550207	
913	-713.42	0.0172618	0.00148411	-0.0110085	-0.00550207	
914	-715.12	0.0172618	0.00148411	-0.0101535	-0.00550207	
915	-715.92	0.0172618	0.00148411	-0.0114031	-0.00550207	
916	-717.02	0.0172618	0.00148411	-0.011436	-0.00550207	
917	-717.72	0.0172618	0.00148411	-0.0145271	-0.00550207	
918	-718.42	0.0172618	0.00148411	-0.0130473	-0.00550207	
919	-719.52	0.0172618	0.00148411	-0.0171578	-0.00550207	
920	-720.32	0.0172618	0.00148411	-0.0172893	-0.00550207	
