# Scanning the DG535 C output from 1.5 to 3.5 us to characterize where the MW pulse is relative to the Laser Pulses.
# Laser is tuned to 27f in 40 V (6.6 V/cm), slightly blue detuned. MW power shift will push the line red and kill signal.
# Use 18.5105 GHz to the Hittite for Signal, 18.4000 GHz for Reference. Actual Frequencies Doubled by Active Doubler.
# MW Pulsed by mixer, seeing DG 535 pulse from 0-3V, CD on DG535, where D = C + 300 ns.
i	d	b	s	r
0	1.5	0.00967877	0.157226	0.136311	
1	1.51	0.00967877	0.150747	0.167025	
2	1.52	0.00967877	0.149333	0.157982	
3	1.53	0.00967877	0.161928	0.16423	
4	1.54	0.00967877	0.151701	0.162849	
5	1.55	0.00967877	0.140323	0.150024	
6	1.56	0.00967877	0.149169	0.163671	
7	1.57	0.00967877	0.154167	0.149103	
8	1.58	0.00967877	0.150451	0.157357	
9	1.59	0.00967877	0.148709	0.15226	
10	1.6	0.00967877	0.140784	0.166203	
11	1.61	0.00967877	0.154463	0.171464	
12	1.62	0.00967877	0.155055	0.153707	
13	1.63	0.00967877	0.165808	0.169754	
14	1.64	0.00967877	0.154693	0.14565	
15	1.65	0.00967877	0.159363	0.151865	
16	1.66	0.00967877	0.155022	0.153148	
17	1.67	0.00967877	0.146111	0.160481	
18	1.68	0.00967877	0.15808	0.167025	
19	1.69	0.00967877	0.166729	0.144401	
20	1.7	0.00967877	0.155318	0.16298	
21	1.71	0.00967877	0.145256	0.151339	
22	1.72	0.00967877	0.145354	0.155976	
23	1.73	0.00967877	0.16127	0.170248	
24	1.74	0.00967877	0.153641	0.147558	
25	1.75	0.00967877	0.152194	0.143381	
26	1.76	0.00967877	0.165052	0.158705	
27	1.77	0.00967877	0.165742	0.177186	
28	1.78	0.00967877	0.150155	0.146111	
29	1.79	0.00967877	0.158541	0.157817	
30	1.8	0.00967877	0.162224	0.14667	
31	1.81	0.00967877	0.164098	0.159363	
32	1.82	0.00967877	0.16058	0.150616	
33	1.83	0.00967877	0.145552	0.146341	
34	1.84	0.00967877	0.169327	0.161665	
35	1.85	0.00967877	0.159297	0.175904	
36	1.86	0.00967877	0.158837	0.161632	
37	1.87	0.00967877	0.171596	0.159593	
38	1.88	0.00967877	0.16834	0.163177	
39	1.89	0.00967877	0.17324	0.165808	
40	1.9	0.00967877	0.176956	0.17107	
41	1.91	0.00967877	0.171037	0.154496	
42	1.92	0.00967877	0.151142	0.154332	
43	1.93	0.00967877	0.167124	0.158508	
44	1.94	0.00967877	0.154661	0.164065	
45	1.95	0.00967877	0.161961	0.171629	
46	1.96	0.00967877	0.158015	0.175904	
47	1.97	0.00967877	0.175509	0.159297	
48	1.98	0.00967877	0.185374	0.172747	
49	1.99	0.00967877	0.161632	0.175213	
50	2	0.00967877	0.164855	0.177252	
51	2.01	0.00967877	0.168373	0.165841	
52	2.02	0.00967877	0.171431	0.165644	
53	2.03	0.00967877	0.171135	0.164624	
54	2.04	0.00967877	0.176627	0.196851	
55	2.05	0.00967877	0.189452	0.176035	
56	2.06	0.00967877	0.17005	0.195272	
57	2.07	0.00967877	0.163638	0.165808	
58	2.08	0.00967877	0.169425	0.169524	
59	2.09	0.00967877	0.1713	0.174457	
60	2.1	0.00967877	0.170905	0.179652	
61	2.11	0.00967877	0.158574	0.181395	
62	2.12	0.00967877	0.174654	0.160777	
63	2.13	0.00967877	0.176594	0.183763	
64	2.14	0.00967877	0.164592	0.157226	
65	2.15	0.00967877	0.168275	0.164098	
66	2.16	0.00967877	0.168965	0.165151	
67	2.17	0.00967877	0.17199	0.154759	
68	2.18	0.00967877	0.150583	0.165808	
69	2.19	0.00967877	0.1615	0.156995	
70	2.2	0.00967877	0.162914	0.145552	
71	2.21	0.00967877	0.163473	0.147722	
72	2.22	0.00967877	0.157094	0.149662	
73	2.23	0.00967877	0.161731	0.146571	
74	2.24	0.00967877	0.146242	0.160086	
75	2.25	0.00967877	0.158738	0.142592	
76	2.26	0.00967877	0.144861	0.146703	
77	2.27	0.00967877	0.111747	0.124901	
78	2.28	0.00967877	0.0726152	0.141145	
79	2.29	0.00967877	0.0490704	0.13174	
80	2.3	0.00967877	0.0276301	0.110497	
81	2.31	0.00967877	0.0352591	0.120659	
82	2.32	0.00967877	0.0164496	0.112339	
83	2.33	0.00967877	0.0253611	0.114444	
84	2.34	0.00967877	0.0129968	0.103395	
85	2.35	0.00967877	0.0182911	0.116088	
86	2.36	0.00967877	0.0232236	0.0958641	
87	2.37	0.00967877	0.0218754	0.0966534	
88	2.38	0.00967877	0.00165181	0.0881364	
89	2.39	0.00967877	0.00342754	0.0893531	
90	2.4	0.00967877	0.00411811	0.0953709	
91	2.41	0.00967877	-0.00679934	0.0846179	
92	2.42	0.00967877	-0.00328077	0.0906027	
93	2.43	0.00967877	-0.00226137	0.0962259	
94	2.44	0.00967877	-0.00512226	0.0878734	
95	2.45	0.00967877	-0.0178812	0.0766928	
96	2.46	0.00967877	-0.0210052	0.0716616	
97	2.47	0.00967877	-0.0186704	0.0760023	
98	2.48	0.00967877	-0.024162	0.0757063	
99	2.49	0.00967877	-0.0287329	0.0755419	
100	2.5	0.00967877	-0.0195912	0.0734373	
101	2.51	0.00967877	-0.032383	0.0556143	
102	2.52	0.00967877	-0.020216	0.0599221	
103	2.53	0.00967877	-0.0359673	0.053707	
104	2.54	0.00967877	-0.0361646	0.0624212	
105	2.55	0.00967877	-0.0311005	0.0645916	
106	2.56	0.00967877	-0.0226165	0.05568	
107	2.57	0.00967877	-0.0168947	0.0650519	
108	2.58	0.00967877	0.00444694	0.0556471	
109	2.59	0.00967877	0.0402246	0.0413755	
110	2.6	0.00967877	0.0537728	0.0413427	
111	2.61	0.00967877	0.0481167	0.0529507	
112	2.62	0.00967877	0.0654794	0.0662686	
113	2.63	0.00967877	0.0602838	0.0504515	
114	2.64	0.00967877	0.0485442	0.0429869	
115	2.65	0.00967877	0.0473933	0.0384489	
116	2.66	0.00967877	0.0459464	0.0420003	
117	2.67	0.00967877	0.063605	0.0392381	
118	2.68	0.00967877	0.0491033	0.0562391	
119	2.69	0.00967877	0.0493992	0.0455847	
120	2.7	0.00967877	0.0472946	0.049728	
121	2.71	0.00967877	0.053411	0.0460122	
122	2.72	0.00967877	0.0400273	0.0474919	
123	2.73	0.00967877	0.0622568	0.0467027	
124	2.74	0.00967877	0.0589684	0.0481496	
125	2.75	0.00967877	0.0447955	0.0464725	
126	2.76	0.00967877	0.0590013	0.0726481	
127	2.77	0.00967877	0.0559102	0.0591328	
128	2.78	0.00967877	0.051438	0.0491361	
129	2.79	0.00967877	0.0694255	0.0379227	
130	2.8	0.00967877	0.0512736	0.0533124	
131	2.81	0.00967877	0.0563377	0.0410467	
132	2.82	0.00967877	0.0533124	0.0545291	
133	2.83	0.00967877	0.0572585	0.0498596	
134	2.84	0.00967877	0.0603824	0.0470973	
135	2.85	0.00967877	0.0522272	0.0546935	
136	2.86	0.00967877	0.0614018	0.0530164	
137	2.87	0.00967877	0.0576531	0.0570283	
138	2.88	0.00967877	0.0510763	0.0609415	
139	2.89	0.00967877	0.0459135	0.0468671	
140	2.9	0.00967877	0.0606784	0.056535	
141	2.91	0.00967877	0.0677813	0.0526547	
142	2.92	0.00967877	0.0530164	0.0482483	
143	2.93	0.00967877	0.0512078	0.0395012	
144	2.94	0.00967877	0.062487	0.0522601	
145	2.95	0.00967877	0.0590013	0.0399944	
146	2.96	0.00967877	0.054562	0.0701161	
147	2.97	0.00967877	0.0613689	0.0442036	
148	2.98	0.00967877	0.0583765	0.0480181	
149	2.99	0.00967877	0.0620924	0.0686692	
150	3	0.00967877	0.0630789	0.060514	
151	3.01	0.00967877	0.0409481	0.0560418	
152	3.02	0.00967877	0.0682088	0.0553841	
153	3.03	0.00967877	0.0715629	0.0676826	
154	3.04	0.00967877	0.0531151	0.081757	
155	3.05	0.00967877	0.0662358	0.0844534	
156	3.06	0.00967877	0.0812308	0.0818556	
157	3.07	0.00967877	0.0788632	0.0760023	
158	3.08	0.00967877	0.0839931	0.0923456	
159	3.09	0.00967877	0.105137	0.0914906	
160	3.1	0.00967877	0.0961601	0.101586	
161	3.11	0.00967877	0.0974097	0.103888	
162	3.12	0.00967877	0.109083	0.110169	
163	3.13	0.00967877	0.10152	0.118784	
164	3.14	0.00967877	0.108064	0.125032	
165	3.15	0.00967877	0.114444	0.119935	
166	3.16	0.00967877	0.114674	0.131576	
167	3.17	0.00967877	0.122665	0.127597	
168	3.18	0.00967877	0.115693	0.125427	
169	3.19	0.00967877	0.141671	0.131477	
170	3.2	0.00967877	0.145387	0.137002	
171	3.21	0.00967877	0.141606	0.133746	
172	3.22	0.00967877	0.137758	0.132168	
173	3.23	0.00967877	0.148939	0.144203	
174	3.24	0.00967877	0.144203	0.143151	
175	3.25	0.00967877	0.14986	0.159166	
176	3.26	0.00967877	0.143283	0.15443	
177	3.27	0.00967877	0.139797	0.165183	
178	3.28	0.00967877	0.153082	0.152983	
179	3.29	0.00967877	0.15716	0.163309	
180	3.3	0.00967877	0.157719	0.157785	
181	3.31	0.00967877	0.156634	0.148544	
182	3.32	0.00967877	0.152096	0.157423	
183	3.33	0.00967877	0.160284	0.154562	
184	3.34	0.00967877	0.146571	0.17689	
185	3.35	0.00967877	0.153543	0.156403	
186	3.36	0.00967877	0.156272	0.173273	
187	3.37	0.00967877	0.162816	0.152063	
188	3.38	0.00967877	0.151241	0.156239	
189	3.39	0.00967877	0.142625	0.145157	
190	3.4	0.00967877	0.148314	0.150714	
191	3.41	0.00967877	0.126446	0.138646	
192	3.42	0.00967877	0.137331	0.134996	
193	3.43	0.00967877	0.127202	0.133878	
194	3.44	0.00967877	0.131181	0.129932	
195	3.45	0.00967877	0.115759	0.123256	
196	3.46	0.00967877	0.11178	0.107604	
197	3.47	0.00967877	0.102244	0.0978372	
198	3.48	0.00967877	0.0946803	0.121251	
199	3.49	0.00967877	0.10323	0.0937596	
200	3.5	0.00967877	0.103888	0.0898793	
