# Title: Dye Laser Frequency Scan, MW Off, +50 V Static, Sideband strength vs. MW Power
# Note:	Dye Frequency Scan at n=27 +/- 3 f_MW , +50 V static, MW Off. Looking for change in sideband strength with MW Power
# Type:	Frequency
# Hittite Freq:	18510.2 MHz
# Hittite: Power	14 dBm
# Laser Freq:	NaN
# Laser Mod:	NaN
# Laser Mod Attn:	MAX
# MW Attn:	MAX
# Delay:	1000 ns
# MW Off:	-200 to +100 ns
# Top w/o Static:	0
# Static:	50 V
# Static Off:	NaN
i	f	n	nb	s	sb
0.000	-4646.520	1.000	0.000	0.048	0.040
1.000	-4646.420	1.000	0.000	0.044	0.040
2.000	-4646.220	1.000	0.000	0.052	0.040
3.000	-4645.920	1.000	0.000	0.044	0.040
4.000	-4645.820	1.000	0.000	0.048	0.040
5.000	-4645.620	1.000	0.000	0.044	0.040
6.000	-4645.420	1.000	0.000	0.044	0.040
7.000	-4645.220	1.000	0.000	0.040	0.040
8.000	-4645.020	1.000	0.000	0.042	0.040
9.000	-4644.820	1.000	0.000	0.041	0.040
10.000	-4644.620	1.000	0.000	0.046	0.040
11.000	-4644.020	1.000	0.000	0.037	0.040
12.000	-4643.820	1.000	0.000	0.042	0.040
13.000	-4643.520	1.000	0.000	0.042	0.040
14.000	-4643.220	1.000	0.000	0.038	0.040
15.000	-4642.920	1.000	0.000	0.037	0.040
16.000	-4642.620	1.000	0.000	0.042	0.040
17.000	-4642.520	1.000	0.000	0.041	0.040
18.000	-4642.120	1.000	0.000	0.042	0.040
19.000	-4641.620	1.000	0.000	0.045	0.040
20.000	-4641.320	1.000	0.000	0.042	0.040
21.000	-4640.920	1.000	0.000	0.037	0.040
22.000	-4640.520	1.000	0.000	0.041	0.040
23.000	-4640.120	1.000	0.000	0.037	0.040
24.000	-4639.820	1.000	0.000	0.043	0.040
25.000	-4639.620	1.000	0.000	0.047	0.040
26.000	-4639.220	1.000	0.000	0.038	0.040
27.000	-4638.820	1.000	0.000	0.038	0.040
28.000	-4638.620	1.000	0.000	0.035	0.040
29.000	-4638.020	1.000	0.000	0.046	0.040
30.000	-4637.720	1.000	0.000	0.039	0.040
31.000	-4637.420	1.000	0.000	0.049	0.040
32.000	-4637.120	1.000	0.000	0.051	0.040
33.000	-4636.720	1.000	0.000	0.041	0.040
34.000	-4636.520	1.000	0.000	0.030	0.040
35.000	-4636.120	1.000	0.000	0.045	0.040
36.000	-4635.820	1.000	0.000	0.053	0.040
37.000	-4635.420	1.000	0.000	0.044	0.040
38.000	-4634.920	1.000	0.000	0.045	0.040
39.000	-4634.520	1.000	0.000	0.038	0.040
40.000	-4634.120	1.000	0.000	0.042	0.040
41.000	-4633.920	1.000	0.000	0.034	0.040
42.000	-4633.620	1.000	0.000	0.039	0.040
43.000	-4633.420	1.000	0.000	0.054	0.040
44.000	-4632.920	1.000	0.000	0.041	0.040
45.000	-4632.620	1.000	0.000	0.043	0.040
46.000	-4632.120	1.000	0.000	0.037	0.040
47.000	-4631.820	1.000	0.000	0.040	0.040
48.000	-4631.520	1.000	0.000	0.048	0.040
49.000	-4631.220	1.000	0.000	0.040	0.040
50.000	-4630.820	1.000	0.000	0.049	0.040
51.000	-4630.620	1.000	0.000	0.041	0.040
52.000	-4630.320	1.000	0.000	0.048	0.040
53.000	-4630.220	1.000	0.000	0.042	0.040
54.000	-4629.920	1.000	0.000	0.041	0.040
55.000	-4629.320	1.000	0.000	0.042	0.040
56.000	-4628.920	1.000	0.000	0.042	0.040
57.000	-4628.720	1.000	0.000	0.041	0.040
58.000	-4628.620	1.000	0.000	0.047	0.040
59.000	-4628.020	1.000	0.000	0.043	0.040
60.000	-4627.820	1.000	0.000	0.045	0.040
61.000	-4627.620	1.000	0.000	0.045	0.040
62.000	-4627.420	1.000	0.000	0.044	0.040
63.000	-4627.020	1.000	0.000	0.042	0.040
64.000	-4626.720	1.000	0.000	0.045	0.040
65.000	-4626.320	1.000	0.000	0.047	0.040
66.000	-4625.920	1.000	0.000	0.046	0.040
67.000	-4625.520	1.000	0.000	0.043	0.040
68.000	-4625.320	1.000	0.000	0.043	0.040
69.000	-4625.020	1.000	0.000	0.045	0.040
70.000	-4623.320	1.000	0.000	0.041	0.040
71.000	-4623.320	1.000	0.000	0.046	0.040
72.000	-4623.120	1.000	0.000	0.037	0.040
73.000	-4623.020	1.000	0.000	0.045	0.040
74.000	-4622.920	1.000	0.000	0.044	0.040
75.000	-4622.520	1.000	0.000	0.044	0.040
76.000	-4622.420	1.000	0.000	0.042	0.040
77.000	-4622.020	1.000	0.000	0.049	0.040
78.000	-4621.820	1.000	0.000	0.039	0.040
79.000	-4621.620	1.000	0.000	0.041	0.040
80.000	-4621.420	1.000	0.000	0.042	0.040
81.000	-4621.120	1.000	0.000	0.044	0.040
82.000	-4620.720	1.000	0.000	0.048	0.040
83.000	-4620.320	1.000	0.000	0.046	0.040
84.000	-4619.920	1.000	0.000	0.046	0.040
85.000	-4619.520	1.000	0.000	0.042	0.040
86.000	-4619.220	1.000	0.000	0.042	0.040
87.000	-4619.020	1.000	0.000	0.045	0.040
88.000	-4618.620	1.000	0.000	0.042	0.040
89.000	-4618.320	1.000	0.000	0.041	0.040
90.000	-4617.820	1.000	0.000	0.039	0.040
91.000	-4617.420	1.000	0.000	0.041	0.040
92.000	-4617.120	1.000	0.000	0.045	0.040
93.000	-4616.820	1.000	0.000	0.044	0.040
94.000	-4616.420	1.000	0.000	0.047	0.040
95.000	-4616.120	1.000	0.000	0.038	0.040
96.000	-4615.820	1.000	0.000	0.046	0.040
97.000	-4615.520	1.000	0.000	0.037	0.040
98.000	-4615.120	1.000	0.000	0.045	0.040
99.000	-4614.620	1.000	0.000	0.040	0.040
100.000	-4614.220	1.000	0.000	0.039	0.040
101.000	-4614.020	1.000	0.000	0.039	0.040
102.000	-4613.620	1.000	0.000	0.045	0.040
103.000	-4613.320	1.000	0.000	0.035	0.040
104.000	-4613.020	1.000	0.000	0.045	0.040
105.000	-4612.620	1.000	0.000	0.044	0.040
106.000	-4612.320	1.000	0.000	0.043	0.040
107.000	-4611.920	1.000	0.000	0.041	0.040
108.000	-4611.520	1.000	0.000	0.041	0.040
109.000	-4611.020	1.000	0.000	0.046	0.040
110.000	-4610.720	1.000	0.000	0.042	0.040
111.000	-4610.420	1.000	0.000	0.040	0.040
112.000	-4610.120	1.000	0.000	0.041	0.040
113.000	-4609.720	1.000	0.000	0.043	0.040
114.000	-4609.520	1.000	0.000	0.040	0.040
115.000	-4608.920	1.000	0.000	0.047	0.040
116.000	-4608.620	1.000	0.000	0.048	0.040
117.000	-4608.320	1.000	0.000	0.043	0.040
118.000	-4607.920	1.000	0.000	0.044	0.040
119.000	-4607.420	1.000	0.000	0.041	0.040
120.000	-4607.320	1.000	0.000	0.047	0.040
121.000	-4606.920	1.000	0.000	0.046	0.040
122.000	-4606.420	1.000	0.000	0.043	0.040
123.000	-4606.020	1.000	0.000	0.044	0.040
124.000	-4605.520	1.000	0.000	0.042	0.040
125.000	-4605.120	1.000	0.000	0.041	0.040
126.000	-4604.820	1.000	0.000	0.049	0.040
127.000	-4604.420	1.000	0.000	0.037	0.040
128.000	-4604.020	1.000	0.000	0.046	0.040
129.000	-4603.820	1.000	0.000	0.044	0.040
130.000	-4603.520	1.000	0.000	0.042	0.040
131.000	-4603.020	1.000	0.000	0.046	0.040
132.000	-4602.720	1.000	0.000	0.043	0.040
133.000	-4602.420	1.000	0.000	0.044	0.040
134.000	-4602.120	1.000	0.000	0.044	0.040
135.000	-4601.720	1.000	0.000	0.053	0.040
136.000	-4601.320	1.000	0.000	0.047	0.040
137.000	-4600.920	1.000	0.000	0.047	0.040
138.000	-4600.520	1.000	0.000	0.042	0.040
139.000	-4600.120	1.000	0.000	0.044	0.040
140.000	-4599.620	1.000	0.000	0.040	0.040
141.000	-4599.320	1.000	0.000	0.050	0.040
142.000	-4599.020	1.000	0.000	0.046	0.040
143.000	-4598.720	1.000	0.000	0.042	0.040
144.000	-4598.320	1.000	0.000	0.039	0.040
145.000	-4598.020	1.000	0.000	0.045	0.040
146.000	-4597.820	1.000	0.000	0.038	0.040
147.000	-4597.120	1.000	0.000	0.041	0.040
148.000	-4596.720	1.000	0.000	0.037	0.040
149.000	-4596.520	1.000	0.000	0.041	0.040
150.000	-4596.120	1.000	0.000	0.040	0.040
151.000	-4595.820	1.000	0.000	0.039	0.040
152.000	-4595.520	1.000	0.000	0.036	0.040
153.000	-4595.220	1.000	0.000	0.040	0.040
154.000	-4595.020	1.000	0.000	0.033	0.040
155.000	-4594.620	1.000	0.000	0.043	0.040
156.000	-4594.320	1.000	0.000	0.039	0.040
157.000	-4593.920	1.000	0.000	0.041	0.040
158.000	-4593.520	1.000	0.000	0.046	0.040
159.000	-4593.220	1.000	0.000	0.046	0.040
160.000	-4593.020	1.000	0.000	0.046	0.040
161.000	-4592.720	1.000	0.000	0.048	0.040
162.000	-4592.320	1.000	0.000	0.037	0.040
163.000	-4592.020	1.000	0.000	0.045	0.040
164.000	-4591.520	1.000	0.000	0.052	0.040
165.000	-4591.320	1.000	0.000	0.043	0.040
166.000	-4590.820	1.000	0.000	0.043	0.040
167.000	-4590.520	1.000	0.000	0.041	0.040
168.000	-4590.220	1.000	0.000	0.042	0.040
169.000	-4589.920	1.000	0.000	0.045	0.040
170.000	-4589.320	1.000	0.000	0.045	0.040
171.000	-4588.920	1.000	0.000	0.046	0.040
172.000	-4588.520	1.000	0.000	0.038	0.040
173.000	-4588.220	1.000	0.000	0.041	0.040
174.000	-4587.720	1.000	0.000	0.040	0.040
175.000	-4587.520	1.000	0.000	0.048	0.040
176.000	-4587.120	1.000	0.000	0.038	0.040
177.000	-4586.820	1.000	0.000	0.041	0.040
178.000	-4586.520	1.000	0.000	0.042	0.040
179.000	-4586.120	1.000	0.000	0.038	0.040
180.000	-4585.520	1.000	0.000	0.035	0.040
181.000	-4585.120	1.000	0.000	0.040	0.040
182.000	-4584.820	1.000	0.000	0.043	0.040
183.000	-4584.420	1.000	0.000	0.038	0.040
184.000	-4584.120	1.000	0.000	0.043	0.040
185.000	-4583.720	1.000	0.000	0.043	0.040
186.000	-4583.420	1.000	0.000	0.046	0.040
187.000	-4582.920	1.000	0.000	0.054	0.040
188.000	-4582.320	1.000	0.000	0.042	0.040
189.000	-4581.920	1.000	0.000	0.051	0.040
190.000	-4581.620	1.000	0.000	0.042	0.040
191.000	-4581.320	1.000	0.000	0.047	0.040
192.000	-4581.020	1.000	0.000	0.042	0.040
193.000	-4580.620	1.000	0.000	0.042	0.040
194.000	-4580.420	1.000	0.000	0.045	0.040
195.000	-4579.820	1.000	0.000	0.047	0.040
196.000	-4579.420	1.000	0.000	0.042	0.040
197.000	-4579.020	1.000	0.000	0.049	0.040
198.000	-4578.720	1.000	0.000	0.048	0.040
199.000	-4578.220	1.000	0.000	0.051	0.040
200.000	-4578.120	1.000	0.000	0.035	0.040
201.000	-4577.720	1.000	0.000	0.040	0.040
202.000	-4577.320	1.000	0.000	0.044	0.040
203.000	-4576.920	1.000	0.000	0.037	0.040
204.000	-4576.420	1.000	0.000	0.042	0.040
205.000	-4576.020	1.000	0.000	0.043	0.040
206.000	-4575.720	1.000	0.000	0.041	0.040
207.000	-4575.420	1.000	0.000	0.040	0.040
208.000	-4575.120	1.000	0.000	0.037	0.040
209.000	-4574.720	1.000	0.000	0.042	0.040
210.000	-4574.420	1.000	0.000	0.044	0.040
211.000	-4574.020	1.000	0.000	0.040	0.040
212.000	-4573.520	1.000	0.000	0.039	0.040
213.000	-4573.120	1.000	0.000	0.036	0.040
214.000	-4572.720	1.000	0.000	0.044	0.040
215.000	-4572.520	1.000	0.000	0.037	0.040
216.000	-4572.320	1.000	0.000	0.049	0.040
217.000	-4571.920	1.000	0.000	0.038	0.040
218.000	-4571.520	1.000	0.000	0.043	0.040
219.000	-4571.020	1.000	0.000	0.039	0.040
220.000	-4570.620	1.000	0.000	0.055	0.040
221.000	-4570.220	1.000	0.000	0.040	0.040
222.000	-4569.820	1.000	0.000	0.047	0.040
223.000	-4569.520	1.000	0.000	0.041	0.040
224.000	-4569.220	1.000	0.000	0.043	0.040
225.000	-4568.720	1.000	0.000	0.046	0.040
226.000	-4568.420	1.000	0.000	0.045	0.040
227.000	-4567.920	1.000	0.000	0.036	0.040
228.000	-4567.520	1.000	0.000	0.033	0.040
229.000	-4567.120	1.000	0.000	0.049	0.040
230.000	-4566.820	1.000	0.000	0.040	0.040
231.000	-4566.520	1.000	0.000	0.034	0.040
232.000	-4566.320	1.000	0.000	0.033	0.040
233.000	-4565.820	1.000	0.000	0.033	0.040
234.000	-4565.420	1.000	0.000	0.035	0.040
235.000	-4565.020	1.000	0.000	0.034	0.040
236.000	-4564.520	1.000	0.000	0.035	0.040
237.000	-4564.320	1.000	0.000	0.047	0.040
238.000	-4563.920	1.000	0.000	0.042	0.040
239.000	-4563.620	1.000	0.000	0.028	0.040
240.000	-4563.320	1.000	0.000	0.042	0.040
241.000	-4562.820	1.000	0.000	0.047	0.040
242.000	-4562.520	1.000	0.000	0.042	0.040
243.000	-4562.220	1.000	0.000	0.049	0.040
244.000	-4561.820	1.000	0.000	0.053	0.040
245.000	-4561.420	1.000	0.000	0.047	0.040
246.000	-4561.120	1.000	0.000	0.042	0.040
247.000	-4560.820	1.000	0.000	0.044	0.040
248.000	-4560.620	1.000	0.000	0.042	0.040
249.000	-4560.220	1.000	0.000	0.042	0.040
250.000	-4560.120	1.000	0.000	0.036	0.040
251.000	-4559.620	1.000	0.000	0.041	0.040
252.000	-4559.220	1.000	0.000	0.050	0.040
253.000	-4558.720	1.000	0.000	0.051	0.040
254.000	-4558.420	1.000	0.000	0.041	0.040
255.000	-4558.120	1.000	0.000	0.044	0.040
256.000	-4557.920	1.000	0.000	0.042	0.040
257.000	-4557.520	1.000	0.000	0.040	0.040
258.000	-4557.220	1.000	0.000	0.036	0.040
259.000	-4556.920	1.000	0.000	0.040	0.040
260.000	-4556.620	1.000	0.000	0.049	0.040
261.000	-4556.220	1.000	0.000	0.035	0.040
262.000	-4555.820	1.000	0.000	0.043	0.040
263.000	-4555.520	1.000	0.000	0.042	0.040
264.000	-4555.320	1.000	0.000	0.041	0.040
265.000	-4555.020	1.000	0.000	0.038	0.040
266.000	-4554.820	1.000	0.000	0.044	0.040
267.000	-4554.420	1.000	0.000	0.037	0.040
268.000	-4554.020	1.000	0.000	0.032	0.040
269.000	-4553.720	1.000	0.000	0.042	0.040
270.000	-4553.220	1.000	0.000	0.039	0.040
271.000	-4552.820	1.000	0.000	0.047	0.040
272.000	-4552.520	1.000	0.000	0.045	0.040
273.000	-4552.320	1.000	0.000	0.045	0.040
274.000	-4552.020	1.000	0.000	0.039	0.040
275.000	-4551.720	1.000	0.000	0.043	0.040
276.000	-4551.420	1.000	0.000	0.042	0.040
277.000	-4551.020	1.000	0.000	0.042	0.040
278.000	-4550.720	1.000	0.000	0.039	0.040
279.000	-4550.220	1.000	0.000	0.036	0.040
280.000	-4549.920	1.000	0.000	0.042	0.040
281.000	-4549.520	1.000	0.000	0.041	0.040
282.000	-4549.220	1.000	0.000	0.041	0.040
283.000	-4548.920	1.000	0.000	0.041	0.040
284.000	-4548.520	1.000	0.000	0.037	0.040
285.000	-4548.220	1.000	0.000	0.036	0.040
286.000	-4547.920	1.000	0.000	0.034	0.040
287.000	-4547.320	1.000	0.000	0.039	0.040
288.000	-4546.820	1.000	0.000	0.036	0.040
289.000	-4546.520	1.000	0.000	0.043	0.040
290.000	-4546.220	1.000	0.000	0.032	0.040
291.000	-4545.920	1.000	0.000	0.041	0.040
292.000	-4545.520	1.000	0.000	0.039	0.040
293.000	-4545.220	1.000	0.000	0.032	0.040
294.000	-4544.820	1.000	0.000	0.045	0.040
295.000	-4544.320	1.000	0.000	0.040	0.040
296.000	-4543.920	1.000	0.000	0.045	0.040
297.000	-4543.620	1.000	0.000	0.048	0.040
298.000	-4543.320	1.000	0.000	0.038	0.040
299.000	-4543.020	1.000	0.000	0.041	0.040
300.000	-4542.520	1.000	0.000	0.043	0.040
301.000	-4542.220	1.000	0.000	0.035	0.040
302.000	-4541.420	1.000	0.000	0.042	0.040
303.000	-4541.220	1.000	0.000	0.033	0.040
304.000	-4540.920	1.000	0.000	0.042	0.040
305.000	-4540.620	1.000	0.000	0.044	0.040
306.000	-4540.220	1.000	0.000	0.035	0.040
307.000	-4539.920	1.000	0.000	0.043	0.040
308.000	-4539.620	1.000	0.000	0.042	0.040
309.000	-4539.220	1.000	0.000	0.037	0.040
310.000	-4538.820	1.000	0.000	0.041	0.040
311.000	-4538.220	1.000	0.000	0.041	0.040
312.000	-4538.020	1.000	0.000	0.034	0.040
313.000	-4537.620	1.000	0.000	0.045	0.040
314.000	-4537.320	1.000	0.000	0.047	0.040
315.000	-4536.920	1.000	0.000	0.052	0.040
316.000	-4536.620	1.000	0.000	0.055	0.040
317.000	-4536.220	1.000	0.000	0.066	0.040
318.000	-4535.720	1.000	0.000	0.074	0.040
319.000	-4535.320	1.000	0.000	0.067	0.040
320.000	-4535.020	1.000	0.000	0.070	0.040
321.000	-4534.720	1.000	0.000	0.074	0.040
322.000	-4534.320	1.000	0.000	0.069	0.040
323.000	-4533.920	1.000	0.000	0.075	0.040
324.000	-4533.620	1.000	0.000	0.086	0.040
325.000	-4533.020	1.000	0.000	0.097	0.040
326.000	-4532.620	1.000	0.000	0.108	0.040
327.000	-4532.120	1.000	0.000	0.149	0.040
328.000	-4532.020	1.000	0.000	0.151	0.040
329.000	-4531.620	1.000	0.000	0.190	0.040
330.000	-4531.320	1.000	0.000	0.215	0.040
331.000	-4530.820	1.000	0.000	0.270	0.040
332.000	-4530.520	1.000	0.000	0.297	0.040
333.000	-4530.120	1.000	0.000	0.355	0.040
334.000	-4529.520	1.000	0.000	0.332	0.040
335.000	-4529.220	1.000	0.000	0.355	0.040
336.000	-4528.920	1.000	0.000	0.316	0.040
337.000	-4528.420	1.000	0.000	0.295	0.040
338.000	-4528.220	1.000	0.000	0.311	0.040
339.000	-4527.920	1.000	0.000	0.292	0.040
340.000	-4527.520	1.000	0.000	0.258	0.040
341.000	-4527.020	1.000	0.000	0.239	0.040
342.000	-4526.720	1.000	0.000	0.179	0.040
343.000	-4526.320	1.000	0.000	0.168	0.040
344.000	-4526.020	1.000	0.000	0.168	0.040
345.000	-4525.620	1.000	0.000	0.140	0.040
346.000	-4525.320	1.000	0.000	0.133	0.040
347.000	-4525.020	1.000	0.000	0.166	0.040
348.000	-4524.820	1.000	0.000	0.188	0.040
349.000	-4524.520	1.000	0.000	0.218	0.040
350.000	-4524.120	1.000	0.000	0.245	0.040
351.000	-4523.520	1.000	0.000	0.248	0.040
352.000	-4523.220	1.000	0.000	0.255	0.040
353.000	-4522.920	1.000	0.000	0.279	0.040
354.000	-4522.720	1.000	0.000	0.334	0.040
355.000	-4522.420	1.000	0.000	0.316	0.040
356.000	-4522.120	1.000	0.000	0.359	0.040
357.000	-4521.820	1.000	0.000	0.312	0.040
358.000	-4521.320	1.000	0.000	0.339	0.040
359.000	-4520.920	1.000	0.000	0.354	0.040
360.000	-4520.620	1.000	0.000	0.331	0.040
361.000	-4520.220	1.000	0.000	0.315	0.040
362.000	-4519.920	1.000	0.000	0.308	0.040
363.000	-4519.620	1.000	0.000	0.295	0.040
364.000	-4519.220	1.000	0.000	0.234	0.040
365.000	-4519.020	1.000	0.000	0.256	0.040
366.000	-4518.620	1.000	0.000	0.250	0.040
367.000	-4518.120	1.000	0.000	0.240	0.040
368.000	-4517.720	1.000	0.000	0.220	0.040
369.000	-4517.320	1.000	0.000	0.210	0.040
370.000	-4517.020	1.000	0.000	0.201	0.040
371.000	-4516.720	1.000	0.000	0.196	0.040
372.000	-4516.220	1.000	0.000	0.178	0.040
373.000	-4516.020	1.000	0.000	0.172	0.040
374.000	-4515.520	1.000	0.000	0.171	0.040
375.000	-4515.120	1.000	0.000	0.157	0.040
376.000	-4514.620	1.000	0.000	0.148	0.040
377.000	-4514.220	1.000	0.000	0.135	0.040
378.000	-4514.020	1.000	0.000	0.130	0.040
379.000	-4513.720	1.000	0.000	0.124	0.040
380.000	-4513.420	1.000	0.000	0.129	0.040
381.000	-4512.920	1.000	0.000	0.127	0.040
382.000	-4512.520	1.000	0.000	0.125	0.040
383.000	-4512.020	1.000	0.000	0.123	0.040
384.000	-4511.520	1.000	0.000	0.122	0.040
385.000	-4511.220	1.000	0.000	0.104	0.040
386.000	-4510.820	1.000	0.000	0.130	0.040
387.000	-4510.620	1.000	0.000	0.149	0.040
388.000	-4510.220	1.000	0.000	0.160	0.040
389.000	-4509.820	1.000	0.000	0.159	0.040
390.000	-4509.220	1.000	0.000	0.190	0.040
391.000	-4509.020	1.000	0.000	0.223	0.040
392.000	-4508.420	1.000	0.000	0.225	0.040
393.000	-4508.120	1.000	0.000	0.253	0.040
394.000	-4507.720	1.000	0.000	0.263	0.040
395.000	-4507.420	1.000	0.000	0.240	0.040
396.000	-4507.120	1.000	0.000	0.277	0.040
397.000	-4506.620	1.000	0.000	0.312	0.040
398.000	-4506.220	1.000	0.000	0.280	0.040
399.000	-4505.820	1.000	0.000	0.314	0.040
400.000	-4505.520	1.000	0.000	0.311	0.040
401.000	-4505.120	1.000	0.000	0.342	0.040
402.000	-4504.820	1.000	0.000	0.334	0.040
403.000	-4504.320	1.000	0.000	0.348	0.040
404.000	-4504.020	1.000	0.000	0.356	0.040
405.000	-4503.620	1.000	0.000	0.378	0.040
406.000	-4503.120	1.000	0.000	0.372	0.040
407.000	-4502.720	1.000	0.000	0.370	0.040
408.000	-4502.320	1.000	0.000	0.354	0.040
409.000	-4502.020	1.000	0.000	0.345	0.040
410.000	-4501.820	1.000	0.000	0.369	0.040
411.000	-4501.420	1.000	0.000	0.304	0.040
412.000	-4501.020	1.000	0.000	0.285	0.040
413.000	-4500.520	1.000	0.000	0.284	0.040
414.000	-4500.320	1.000	0.000	0.254	0.040
415.000	-4499.920	1.000	0.000	0.224	0.040
416.000	-4499.520	1.000	0.000	0.188	0.040
417.000	-4499.120	1.000	0.000	0.179	0.040
418.000	-4498.920	1.000	0.000	0.144	0.040
419.000	-4498.520	1.000	0.000	0.125	0.040
420.000	-4498.020	1.000	0.000	0.137	0.040
421.000	-4497.420	1.000	0.000	0.117	0.040
422.000	-4497.120	1.000	0.000	0.099	0.040
423.000	-4496.920	1.000	0.000	0.081	0.040
424.000	-4496.320	1.000	0.000	0.079	0.040
425.000	-4496.020	1.000	0.000	0.066	0.040
426.000	-4495.720	1.000	0.000	0.057	0.040
427.000	-4495.120	1.000	0.000	0.042	0.040
428.000	-4494.720	1.000	0.000	0.042	0.040
429.000	-4494.320	1.000	0.000	0.041	0.040
430.000	-4494.020	1.000	0.000	0.036	0.040
431.000	-4493.520	1.000	0.000	0.047	0.040
432.000	-4493.120	1.000	0.000	0.043	0.040
433.000	-4492.720	1.000	0.000	0.038	0.040
434.000	-4492.520	1.000	0.000	0.036	0.040
435.000	-4492.120	1.000	0.000	0.045	0.040
436.000	-4491.720	1.000	0.000	0.039	0.040
437.000	-4491.220	1.000	0.000	0.047	0.040
438.000	-4490.820	1.000	0.000	0.041	0.040
439.000	-4490.520	1.000	0.000	0.046	0.040
440.000	-4490.320	1.000	0.000	0.045	0.040
441.000	-4489.920	1.000	0.000	0.039	0.040
442.000	-4489.520	1.000	0.000	0.041	0.040
443.000	-4489.020	1.000	0.000	0.039	0.040
444.000	-4488.620	1.000	0.000	0.039	0.040
445.000	-4488.120	1.000	0.000	0.039	0.040
446.000	-4487.920	1.000	0.000	0.031	0.040
447.000	-4487.720	1.000	0.000	0.037	0.040
448.000	-4487.320	1.000	0.000	0.033	0.040
449.000	-4487.020	1.000	0.000	0.036	0.040
450.000	-4486.720	1.000	0.000	0.034	0.040
451.000	-4486.320	1.000	0.000	0.036	0.040
452.000	-4485.820	1.000	0.000	0.040	0.040
453.000	-4485.420	1.000	0.000	0.037	0.040
454.000	-4485.220	1.000	0.000	0.039	0.040
455.000	-4484.820	1.000	0.000	0.034	0.040
456.000	-4484.620	1.000	0.000	0.037	0.040
457.000	-4484.220	1.000	0.000	0.036	0.040
458.000	-4484.020	1.000	0.000	0.039	0.040
459.000	-4483.720	1.000	0.000	0.038	0.040
460.000	-4483.520	1.000	0.000	0.033	0.040
461.000	-4482.820	1.000	0.000	0.037	0.040
462.000	-4482.520	1.000	0.000	0.036	0.040
463.000	-4482.120	1.000	0.000	0.045	0.040
464.000	-4482.020	1.000	0.000	0.041	0.040
465.000	-4481.620	1.000	0.000	0.047	0.040
466.000	-4481.420	1.000	0.000	0.037	0.040
467.000	-4481.020	1.000	0.000	0.044	0.040
468.000	-4480.520	1.000	0.000	0.042	0.040
469.000	-4480.220	1.000	0.000	0.036	0.040
470.000	-4480.120	1.000	0.000	0.046	0.040
471.000	-4479.420	1.000	0.000	0.036	0.040
472.000	-4479.020	1.000	0.000	0.039	0.040
473.000	-4478.720	1.000	0.000	0.047	0.040
474.000	-4478.420	1.000	0.000	0.042	0.040
475.000	-4478.120	1.000	0.000	0.039	0.040
476.000	-4477.720	1.000	0.000	0.039	0.040
477.000	-4477.220	1.000	0.000	0.037	0.040
478.000	-4477.020	1.000	0.000	0.037	0.040
479.000	-4476.520	1.000	0.000	0.038	0.040
480.000	-4476.320	1.000	0.000	0.034	0.040
481.000	-4475.920	1.000	0.000	0.033	0.040
482.000	-4475.620	1.000	0.000	0.034	0.040
483.000	-4475.320	1.000	0.000	0.039	0.040
484.000	-4475.020	1.000	0.000	0.042	0.040
485.000	-4474.520	1.000	0.000	0.034	0.040
486.000	-4473.920	1.000	0.000	0.031	0.040
487.000	-4473.520	1.000	0.000	0.035	0.040
488.000	-4473.120	1.000	0.000	0.039	0.040
489.000	-4472.820	1.000	0.000	0.037	0.040
490.000	-4472.520	1.000	0.000	0.037	0.040
491.000	-4472.220	1.000	0.000	0.045	0.040
492.000	-4471.820	1.000	0.000	0.049	0.040
493.000	-4471.620	1.000	0.000	0.043	0.040
494.000	-4471.020	1.000	0.000	0.044	0.040
495.000	-4470.620	1.000	0.000	0.041	0.040
496.000	-4470.320	1.000	0.000	0.045	0.040
497.000	-4470.220	1.000	0.000	0.042	0.040
498.000	-4469.720	1.000	0.000	0.038	0.040
499.000	-4469.320	1.000	0.000	0.031	0.040
500.000	-4469.020	1.000	0.000	0.045	0.040
501.000	-4468.620	1.000	0.000	0.044	0.040
502.000	-4468.120	1.000	0.000	0.042	0.040
503.000	-4467.620	1.000	0.000	0.038	0.040
504.000	-4467.320	1.000	0.000	0.050	0.040
505.000	-4467.020	1.000	0.000	0.042	0.040
506.000	-4466.720	1.000	0.000	0.038	0.040
507.000	-4466.320	1.000	0.000	0.033	0.040
508.000	-4466.020	1.000	0.000	0.041	0.040
509.000	-4463.720	1.000	0.000	0.037	0.040
510.000	-4463.820	1.000	0.000	0.037	0.040
511.000	-4463.620	1.000	0.000	0.044	0.040
512.000	-4463.520	1.000	0.000	0.048	0.040
513.000	-4463.220	1.000	0.000	0.043	0.040
514.000	-4463.120	1.000	0.000	0.044	0.040
515.000	-4462.820	1.000	0.000	0.039	0.040
516.000	-4462.520	1.000	0.000	0.039	0.040
517.000	-4462.220	1.000	0.000	0.036	0.040
518.000	-4462.020	1.000	0.000	0.048	0.040
519.000	-4461.620	1.000	0.000	0.036	0.040
520.000	-4461.420	1.000	0.000	0.043	0.040
521.000	-4461.020	1.000	0.000	0.038	0.040
522.000	-4460.720	1.000	0.000	0.045	0.040
523.000	-4460.320	1.000	0.000	0.043	0.040
524.000	-4460.020	1.000	0.000	0.039	0.040
525.000	-4459.520	1.000	0.000	0.042	0.040
526.000	-4459.220	1.000	0.000	0.042	0.040
527.000	-4458.820	1.000	0.000	0.044	0.040
528.000	-4458.520	1.000	0.000	0.034	0.040
529.000	-4457.820	1.000	0.000	0.041	0.040
530.000	-4457.620	1.000	0.000	0.028	0.040
531.000	-4457.220	1.000	0.000	0.035	0.040
532.000	-4456.920	1.000	0.000	0.037	0.040
533.000	-4456.520	1.000	0.000	0.035	0.040
534.000	-4456.020	1.000	0.000	0.038	0.040
535.000	-4455.620	1.000	0.000	0.036	0.040
536.000	-4455.420	1.000	0.000	0.051	0.040
537.000	-4455.020	1.000	0.000	0.038	0.040
538.000	-4454.720	1.000	0.000	0.043	0.040
539.000	-4454.220	1.000	0.000	0.033	0.040
540.000	-4453.820	1.000	0.000	0.035	0.040
541.000	-4453.420	1.000	0.000	0.030	0.040
542.000	-4453.120	1.000	0.000	0.037	0.040
543.000	-4452.620	1.000	0.000	0.043	0.040
544.000	-4452.320	1.000	0.000	0.035	0.040
545.000	-4452.020	1.000	0.000	0.051	0.040
546.000	-4451.720	1.000	0.000	0.038	0.040
547.000	-4451.320	1.000	0.000	0.043	0.040
548.000	-4451.020	1.000	0.000	0.041	0.040
549.000	-4450.720	1.000	0.000	0.052	0.040
550.000	-4450.320	1.000	0.000	0.041	0.040
551.000	-4449.920	1.000	0.000	0.041	0.040
552.000	-4449.620	1.000	0.000	0.043	0.040
553.000	-4449.220	1.000	0.000	0.042	0.040
554.000	-4449.020	1.000	0.000	0.037	0.040
555.000	-4448.720	1.000	0.000	0.043	0.040
556.000	-4448.420	1.000	0.000	0.040	0.040
557.000	-4448.020	1.000	0.000	0.042	0.040
558.000	-4447.520	1.000	0.000	0.041	0.040
559.000	-4447.120	1.000	0.000	0.039	0.040
560.000	-4446.920	1.000	0.000	0.032	0.040
561.000	-4446.520	1.000	0.000	0.039	0.040
562.000	-4446.220	1.000	0.000	0.040	0.040
563.000	-4446.020	1.000	0.000	0.044	0.040
564.000	-4445.720	1.000	0.000	0.043	0.040
565.000	-4445.620	1.000	0.000	0.043	0.040
566.000	-4444.920	1.000	0.000	0.043	0.040
567.000	-4444.620	1.000	0.000	0.044	0.040
568.000	-4444.120	1.000	0.000	0.039	0.040
569.000	-4443.820	1.000	0.000	0.043	0.040
570.000	-4443.320	1.000	0.000	0.044	0.040
571.000	-4443.120	1.000	0.000	0.043	0.040
572.000	-4442.620	1.000	0.000	0.044	0.040
573.000	-4442.220	1.000	0.000	0.042	0.040
574.000	-4441.820	1.000	0.000	0.040	0.040
575.000	-4441.420	1.000	0.000	0.044	0.040
576.000	-4441.020	1.000	0.000	0.049	0.040
577.000	-4440.620	1.000	0.000	0.042	0.040
578.000	-4440.220	1.000	0.000	0.042	0.040
579.000	-4439.920	1.000	0.000	0.037	0.040
580.000	-4439.520	1.000	0.000	0.039	0.040
581.000	-4439.020	1.000	0.000	0.048	0.040
582.000	-4438.520	1.000	0.000	0.040	0.040
583.000	-4438.020	1.000	0.000	0.035	0.040
584.000	-4437.920	1.000	0.000	0.034	0.040
585.000	-4437.620	1.000	0.000	0.036	0.040
586.000	-4437.020	1.000	0.000	0.035	0.040
587.000	-4436.820	1.000	0.000	0.030	0.040
588.000	-4436.220	1.000	0.000	0.034	0.040
589.000	-4435.720	1.000	0.000	0.035	0.040
590.000	-4435.320	1.000	0.000	0.036	0.040
591.000	-4435.020	1.000	0.000	0.038	0.040
592.000	-4434.720	1.000	0.000	0.035	0.040
593.000	-4434.520	1.000	0.000	0.037	0.040
594.000	-4434.020	1.000	0.000	0.030	0.040
595.000	-4433.620	1.000	0.000	0.040	0.040
596.000	-4433.120	1.000	0.000	0.044	0.040
597.000	-4432.820	1.000	0.000	0.038	0.040
598.000	-4432.320	1.000	0.000	0.040	0.040
599.000	-4431.920	1.000	0.000	0.049	0.040
600.000	-4431.620	1.000	0.000	0.048	0.040
601.000	-4431.420	1.000	0.000	0.041	0.040
602.000	-4430.920	1.000	0.000	0.038	0.040
603.000	-4430.620	1.000	0.000	0.042	0.040
604.000	-4428.720	1.000	0.000	0.038	0.040
605.000	-4428.620	1.000	0.000	0.033	0.040
606.000	-4428.520	1.000	0.000	0.038	0.040
607.000	-4428.320	1.000	0.000	0.035	0.040
608.000	-4428.220	1.000	0.000	0.036	0.040
609.000	-4427.820	1.000	0.000	0.037	0.040
610.000	-4427.520	1.000	0.000	0.044	0.040
611.000	-4426.920	1.000	0.000	0.033	0.040
612.000	-4426.720	1.000	0.000	0.038	0.040
613.000	-4426.320	1.000	0.000	0.038	0.040
614.000	-4426.020	1.000	0.000	0.037	0.040
615.000	-4425.720	1.000	0.000	0.038	0.040
616.000	-4425.420	1.000	0.000	0.043	0.040
617.000	-4425.120	1.000	0.000	0.044	0.040
618.000	-4424.820	1.000	0.000	0.043	0.040
619.000	-4423.920	1.000	0.000	0.040	0.040
620.000	-4423.620	1.000	0.000	0.042	0.040
621.000	-4423.220	1.000	0.000	0.038	0.040
622.000	-4422.920	1.000	0.000	0.047	0.040
623.000	-4422.720	1.000	0.000	0.033	0.040
624.000	-4422.320	1.000	0.000	0.049	0.040
625.000	-4421.820	1.000	0.000	0.046	0.040
626.000	-4421.320	1.000	0.000	0.047	0.040
627.000	-4421.020	1.000	0.000	0.038	0.040
628.000	-4420.520	1.000	0.000	0.040	0.040
629.000	-4420.220	1.000	0.000	0.046	0.040
630.000	-4419.820	1.000	0.000	0.044	0.040
631.000	-4419.520	1.000	0.000	0.036	0.040
632.000	-4419.120	1.000	0.000	0.040	0.040
633.000	-4418.620	1.000	0.000	0.039	0.040
634.000	-4418.120	1.000	0.000	0.039	0.040
635.000	-4417.820	1.000	0.000	0.039	0.040
636.000	-4417.520	1.000	0.000	0.042	0.040
637.000	-4417.120	1.000	0.000	0.040	0.040
638.000	-4416.820	1.000	0.000	0.037	0.040
639.000	-4416.520	1.000	0.000	0.041	0.040
640.000	-4416.020	1.000	0.000	0.038	0.040
641.000	-4415.620	1.000	0.000	0.036	0.040
642.000	-4415.220	1.000	0.000	0.032	0.040
643.000	-4414.920	1.000	0.000	0.042	0.040
644.000	-4414.420	1.000	0.000	0.036	0.040
645.000	-4414.320	1.000	0.000	0.038	0.040
646.000	-4413.920	1.000	0.000	0.034	0.040
647.000	-4413.620	1.000	0.000	0.043	0.040
648.000	-4413.320	1.000	0.000	0.043	0.040
649.000	-4412.920	1.000	0.000	0.042	0.040
650.000	-4412.420	1.000	0.000	0.047	0.040
651.000	-4412.120	1.000	0.000	0.041	0.040
652.000	-4411.720	1.000	0.000	0.048	0.040
653.000	-4411.520	1.000	0.000	0.041	0.040
654.000	-4411.020	1.000	0.000	0.044	0.040
655.000	-4410.720	1.000	0.000	0.055	0.040
656.000	-4410.620	1.000	0.000	0.033	0.040
657.000	-4410.320	1.000	0.000	0.042	0.040
658.000	-4409.820	1.000	0.000	0.041	0.040
659.000	-4409.420	1.000	0.000	0.041	0.040
660.000	-4409.020	1.000	0.000	0.033	0.040
661.000	-4408.720	1.000	0.000	0.037	0.040
662.000	-4408.420	1.000	0.000	0.042	0.040
663.000	-4408.120	1.000	0.000	0.032	0.040
664.000	-4407.920	1.000	0.000	0.038	0.040
665.000	-4407.620	1.000	0.000	0.038	0.040
666.000	-4407.020	1.000	0.000	0.039	0.040
667.000	-4406.820	1.000	0.000	0.040	0.040
668.000	-4406.420	1.000	0.000	0.032	0.040
669.000	-4406.020	1.000	0.000	0.038	0.040
670.000	-4405.720	1.000	0.000	0.039	0.040
671.000	-4405.420	1.000	0.000	0.043	0.040
672.000	-4405.120	1.000	0.000	0.041	0.040
673.000	-4404.720	1.000	0.000	0.043	0.040
674.000	-4404.520	1.000	0.000	0.040	0.040
675.000	-4404.020	1.000	0.000	0.045	0.040
676.000	-4403.420	1.000	0.000	0.042	0.040
677.000	-4403.020	1.000	0.000	0.036	0.040
678.000	-4402.720	1.000	0.000	0.042	0.040
679.000	-4402.420	1.000	0.000	0.043	0.040
680.000	-4402.220	1.000	0.000	0.048	0.040
681.000	-4401.820	1.000	0.000	0.035	0.040
682.000	-4401.520	1.000	0.000	0.045	0.040
683.000	-4401.120	1.000	0.000	0.049	0.040
684.000	-4400.720	1.000	0.000	0.037	0.040
685.000	-4400.220	1.000	0.000	0.043	0.040
686.000	-4399.820	1.000	0.000	0.047	0.040
687.000	-4399.520	1.000	0.000	0.040	0.040
688.000	-4399.220	1.000	0.000	0.035	0.040
689.000	-4398.720	1.000	0.000	0.043	0.040
690.000	-4398.420	1.000	0.000	0.036	0.040
691.000	-4398.120	1.000	0.000	0.035	0.040
692.000	-4397.520	1.000	0.000	0.042	0.040
693.000	-4397.120	1.000	0.000	0.043	0.040
694.000	-4396.920	1.000	0.000	0.040	0.040
695.000	-4396.520	1.000	0.000	0.036	0.040
696.000	-4396.220	1.000	0.000	0.040	0.040
697.000	-4395.920	1.000	0.000	0.050	0.040
698.000	-4395.620	1.000	0.000	0.039	0.040
699.000	-4395.320	1.000	0.000	0.046	0.040
700.000	-4394.820	1.000	0.000	0.046	0.040
701.000	-4394.520	1.000	0.000	0.043	0.040
702.000	-4394.020	1.000	0.000	0.041	0.040
703.000	-4393.720	1.000	0.000	0.044	0.040
704.000	-4393.420	1.000	0.000	0.038	0.040
705.000	-4393.220	1.000	0.000	0.038	0.040
706.000	-4392.720	1.000	0.000	0.038	0.040
707.000	-4392.520	1.000	0.000	0.040	0.040
708.000	-4392.120	1.000	0.000	0.044	0.040
709.000	-4391.720	1.000	0.000	0.048	0.040
710.000	-4391.220	1.000	0.000	0.035	0.040
711.000	-4390.920	1.000	0.000	0.036	0.040
712.000	-4390.420	1.000	0.000	0.041	0.040
713.000	-4390.320	1.000	0.000	0.045	0.040
714.000	-4389.920	1.000	0.000	0.027	0.040
715.000	-4388.120	1.000	0.000	0.043	0.040
716.000	-4388.020	1.000	0.000	0.039	0.040
717.000	-4387.920	1.000	0.000	0.046	0.040
718.000	-4387.620	1.000	0.000	0.041	0.040
719.000	-4387.420	1.000	0.000	0.041	0.040
720.000	-4387.120	1.000	0.000	0.047	0.040
721.000	-4386.620	1.000	0.000	0.041	0.040
722.000	-4386.420	1.000	0.000	0.042	0.040
723.000	-4385.920	1.000	0.000	0.051	0.040
724.000	-4385.520	1.000	0.000	0.042	0.040
725.000	-4385.120	1.000	0.000	0.044	0.040
726.000	-4384.720	1.000	0.000	0.041	0.040
727.000	-4384.420	1.000	0.000	0.039	0.040
728.000	-4384.120	1.000	0.000	0.040	0.040
729.000	-4383.820	1.000	0.000	0.039	0.040
730.000	-4383.420	1.000	0.000	0.042	0.040
731.000	-4382.920	1.000	0.000	0.035	0.040
732.000	-4382.620	1.000	0.000	0.041	0.040
733.000	-4382.220	1.000	0.000	0.042	0.040
734.000	-4381.720	1.000	0.000	0.040	0.040
735.000	-4381.520	1.000	0.000	0.039	0.040
736.000	-4381.220	1.000	0.000	0.036	0.040
737.000	-4380.920	1.000	0.000	0.042	0.040
738.000	-4380.520	1.000	0.000	0.041	0.040
739.000	-4379.920	1.000	0.000	0.041	0.040
740.000	-4379.720	1.000	0.000	0.036	0.040
741.000	-4379.220	1.000	0.000	0.045	0.040
742.000	-4378.920	1.000	0.000	0.041	0.040
743.000	-4378.620	1.000	0.000	0.042	0.040
744.000	-4378.220	1.000	0.000	0.042	0.040
745.000	-4377.920	1.000	0.000	0.038	0.040
746.000	-4377.620	1.000	0.000	0.036	0.040
747.000	-4377.220	1.000	0.000	0.033	0.040
748.000	-4376.820	1.000	0.000	0.044	0.040
749.000	-4376.520	1.000	0.000	0.036	0.040
750.000	-4376.120	1.000	0.000	0.043	0.040
751.000	-4375.820	1.000	0.000	0.038	0.040
752.000	-4375.620	1.000	0.000	0.036	0.040
753.000	-4375.220	1.000	0.000	0.040	0.040
754.000	-4374.920	1.000	0.000	0.036	0.040
755.000	-4374.420	1.000	0.000	0.031	0.040
756.000	-4374.120	1.000	0.000	0.031	0.040
757.000	-4373.620	1.000	0.000	0.033	0.040
758.000	-4373.420	1.000	0.000	0.043	0.040
759.000	-4373.120	1.000	0.000	0.041	0.040
760.000	-4372.720	1.000	0.000	0.036	0.040
761.000	-4372.420	1.000	0.000	0.026	0.040
762.000	-4372.120	1.000	0.000	0.038	0.040
763.000	-4371.820	1.000	0.000	0.045	0.040
764.000	-4371.320	1.000	0.000	0.053	0.040
765.000	-4370.920	1.000	0.000	0.048	0.040
766.000	-4370.420	1.000	0.000	0.044	0.040
767.000	-4370.220	1.000	0.000	0.042	0.040
768.000	-4369.920	1.000	0.000	0.041	0.040
769.000	-4369.620	1.000	0.000	0.037	0.040
770.000	-4369.020	1.000	0.000	0.037	0.040
771.000	-4368.720	1.000	0.000	0.038	0.040
772.000	-4368.220	1.000	0.000	0.038	0.040
773.000	-4367.920	1.000	0.000	0.041	0.040
774.000	-4367.420	1.000	0.000	0.036	0.040
775.000	-4367.220	1.000	0.000	0.034	0.040
776.000	-4366.720	1.000	0.000	0.042	0.040
777.000	-4366.420	1.000	0.000	0.034	0.040
778.000	-4366.020	1.000	0.000	0.039	0.040
