# Title: Dye Laser Frequency Scan, MW -20 dB 0 V Static, Sideband strength vs. MW Power
# Note:	Dye Frequency Scan at n=27 +/- 3 f_MW , 0 V static, MW at -20 dB Attn. Looking for change in sideband strength with MW Power
# Type:	Frequency
# Hittite Freq:	18510.2 MHz
# Hittite: Power	14 dBm
# Laser Freq:	NaN
# Laser Mod:	NaN
# Laser Mod Attn:	MAX
# MW Attn:	20.0 dB
# Delay:	1000 ns
# MW Off:	-200 to +100 ns
# Top w/o Static:	0
# Static:	0 V
# Static Off:	NaN
i	f	n	nb	s	sb
0	-4650.42	1	0	0.000566646	-8.60986E-5	
1	-4650.32	1	0	-5.81473E-5	-8.60986E-5	
2	-4650.12	1	0	4.05043E-5	-8.60986E-5	
3	-4649.82	1	0	-0.00163657	-8.60986E-5	
4	-4649.72	1	0	-0.00203118	-8.60986E-5	
5	-4649.42	1	0	0.00234238	-8.60986E-5	
6	-4649.32	1	0	0.00158605	-8.60986E-5	
7	-4649.02	1	0	-0.00101178	-8.60986E-5	
8	-4648.62	1	0	0.000500879	-8.60986E-5	
9	-4648.42	1	0	-0.00357672	-8.60986E-5	
10	-4648.12	1	0	0.000204924	-8.60986E-5	
11	-4647.72	1	0	0.000500879	-8.60986E-5	
12	-4647.32	1	0	0.000829717	-8.60986E-5	
13	-4647.12	1	0	-0.000255451	-8.60986E-5	
14	-4646.92	1	0	0.000829717	-8.60986E-5	
15	-4646.42	1	0	0.0037235	-8.60986E-5	
16	-4646.32	1	0	0.00365773	-8.60986E-5	
17	-4645.82	1	0	0.00135586	-8.60986E-5	
18	-4645.62	1	0	-0.000288334	-8.60986E-5	
19	-4645.02	1	0	0.00434829	-8.60986E-5	
20	-4644.72	1	0	0.00152028	-8.60986E-5	
21	-4644.32	1	0	-0.00134062	-8.60986E-5	
22	-4644.12	1	0	-0.000386986	-8.60986E-5	
23	-4643.72	1	0	0.000698182	-8.60986E-5	
24	-4643.52	1	0	-0.000682941	-8.60986E-5	
25	-4643.12	1	0	-0.00252444	-8.60986E-5	
26	-4642.82	1	0	-0.000222567	-8.60986E-5	
27	-4642.42	1	0	0.00102702	-8.60986E-5	
28	-4642.02	1	0	0.00237526	-8.60986E-5	
29	-4641.52	1	0	0.00244103	-8.60986E-5	
30	-4641.32	1	0	0.00257256	-8.60986E-5	
31	-4641.02	1	0	0.00230949	-8.60986E-5	
32	-4640.62	1	0	0.00059953	-8.60986E-5	
33	-4640.42	1	0	0.000665298	-8.60986E-5	
34	-4640.02	1	0	0.00161893	-8.60986E-5	
35	-4639.72	1	0	-0.00150504	-8.60986E-5	
36	-4639.22	1	0	0.00132298	-8.60986E-5	
37	-4639.02	1	0	0.000139156	-8.60986E-5	
38	-4638.52	1	0	0.000139156	-8.60986E-5	
39	-4638.12	1	0	-0.003215	-8.60986E-5	
40	-4637.82	1	0	0.00059953	-8.60986E-5	
41	-4637.52	1	0	-0.00153792	-8.60986E-5	
42	-4637.22	1	0	0.00306582	-8.60986E-5	
43	-4636.92	1	0	-0.00453035	-8.60986E-5	
44	-4636.42	1	0	-0.000452754	-8.60986E-5	
45	-4635.92	1	0	-0.00311635	-8.60986E-5	
46	-4635.62	1	0	0.00257256	-8.60986E-5	
47	-4635.22	1	0	0.00211219	-8.60986E-5	
48	-4635.02	1	0	0.00230949	-8.60986E-5	
49	-4634.62	1	0	-0.00298481	-8.60986E-5	
50	-4634.32	1	0	0.000467995	-8.60986E-5	
51	-4633.92	1	0	-0.00344519	-8.60986E-5	
52	-4633.32	1	0	0.000632414	-8.60986E-5	
53	-4633.22	1	0	0.00178335	-8.60986E-5	
54	-4632.92	1	0	-0.000584289	-8.60986E-5	
55	-4632.42	1	0	0.00198065	-8.60986E-5	
56	-4632.22	1	0	-0.00538534	-8.60986E-5	
57	-4631.92	1	0	0.00161893	-8.60986E-5	
58	-4631.62	1	0	-0.00041987	-8.60986E-5	
59	-4631.22	1	0	0.000566646	-8.60986E-5	
60	-4630.62	1	0	-0.000650057	-8.60986E-5	
61	-4630.32	1	0	0.00398657	-8.60986E-5	
62	-4630.02	1	0	0.000731066	-8.60986E-5	
63	-4629.82	1	0	-0.00272174	-8.60986E-5	
64	-4629.42	1	0	0.00109279	-8.60986E-5	
65	-4629.12	1	0	0.000632414	-8.60986E-5	
66	-4628.92	1	0	7.33882E-5	-8.60986E-5	
67	-4628.62	1	0	-0.00189964	-8.60986E-5	
68	-4628.22	1	0	0.00119144	-8.60986E-5	
69	-4627.82	1	0	0.000369343	-8.60986E-5	
70	-4627.52	1	0	0.00332889	-8.60986E-5	
71	-4627.02	1	0	0.00244103	-8.60986E-5	
72	-4626.92	1	0	0.00145451	-8.60986E-5	
73	-4626.52	1	0	-0.00084736	-8.60986E-5	
74	-4626.32	1	0	0.000500879	-8.60986E-5	
75	-4626.12	1	0	-0.00193253	-8.60986E-5	
76	-4625.72	1	0	-0.00124197	-8.60986E-5	
77	-4625.42	1	0	-0.00587859	-8.60986E-5	
78	-4625.22	1	0	0.00204642	-8.60986E-5	
79	-4624.72	1	0	-0.00466189	-8.60986E-5	
80	-4624.52	1	0	0.000533762	-8.60986E-5	
81	-4624.12	1	0	-0.000682941	-8.60986E-5	
82	-4623.82	1	0	-0.000485638	-8.60986E-5	
83	-4623.52	1	0	7.62044E-6	-8.60986E-5	
84	-4623.22	1	0	0.00152028	-8.60986E-5	
85	-4623.02	1	0	0.00388792	-8.60986E-5	
86	-4622.72	1	0	-0.00206406	-8.60986E-5	
87	-4622.42	1	0	0.00221084	-8.60986E-5	
88	-4622.02	1	0	-0.000551405	-8.60986E-5	
89	-4621.52	1	0	0.00507174	-8.60986E-5	
90	-4621.12	1	0	-0.00249155	-8.60986E-5	
91	-4620.92	1	0	-0.0054511	-8.60986E-5	
92	-4620.62	1	0	0.000237808	-8.60986E-5	
93	-4620.22	1	0	0.00122432	-8.60986E-5	
94	-4620.12	1	0	0.00161893	-8.60986E-5	
95	-4619.52	1	0	0.00628844	-8.60986E-5	
96	-4619.22	1	0	-0.00107755	-8.60986E-5	
97	-4618.72	1	0	-0.00130773	-8.60986E-5	
98	-4618.62	1	0	-0.00311635	-8.60986E-5	
99	-4618.22	1	0	-0.000452754	-8.60986E-5	
100	-4617.92	1	0	-0.00548399	-8.60986E-5	
101	-4617.52	1	0	-0.00104466	-8.60986E-5	
102	-4617.32	1	0	0.00102702	-8.60986E-5	
103	-4616.82	1	0	-0.0011762	-8.60986E-5	
104	-4616.62	1	0	4.05043E-5	-8.60986E-5	
105	-4616.12	1	0	-0.0023929	-8.60986E-5	
106	-4615.72	1	0	-0.000814477	-8.60986E-5	
107	-4615.32	1	0	-0.00285328	-8.60986E-5	
108	-4615.12	1	0	0.00059953	-8.60986E-5	
109	-4614.92	1	0	-0.00416863	-8.60986E-5	
110	-4614.52	1	0	0.00135586	-8.60986E-5	
111	-4614.12	1	0	-0.000617173	-8.60986E-5	
112	-4613.92	1	0	0.00122432	-8.60986E-5	
113	-4613.32	1	0	0.00201354	-8.60986E-5	
114	-4612.72	1	0	0.00135586	-8.60986E-5	
115	-4612.42	1	0	-0.000156799	-8.60986E-5	
116	-4612.22	1	0	-0.00120908	-8.60986E-5	
117	-4611.82	1	0	-0.0034123	-8.60986E-5	
118	-4611.62	1	0	-0.00206406	-8.60986E-5	
119	-4611.22	1	0	0.000698182	-8.60986E-5	
120	-4610.92	1	0	-0.00222848	-8.60986E-5	
121	-4610.52	1	0	-0.00189964	-8.60986E-5	
122	-4610.12	1	0	-0.00186676	-8.60986E-5	
123	-4609.72	1	0	0.000665298	-8.60986E-5	
124	-4609.42	1	0	0.00112567	-8.60986E-5	
125	-4609.02	1	0	0.00132298	-8.60986E-5	
126	-4608.72	1	0	0.00362485	-8.60986E-5	
127	-4608.52	1	0	0.00227661	-8.60986E-5	
128	-4608.22	1	0	0.00273698	-8.60986E-5	
129	-4607.72	1	0	4.05043E-5	-8.60986E-5	
130	-4607.32	1	0	0.000895485	-8.60986E-5	
131	-4606.92	1	0	0.00194777	-8.60986E-5	
132	-4606.62	1	0	0.00198065	-8.60986E-5	
133	-4606.32	1	0	-0.000584289	-8.60986E-5	
134	-4605.92	1	0	-0.000946012	-8.60986E-5	
135	-4605.62	1	0	0.000270691	-8.60986E-5	
136	-4605.22	1	0	0.00303294	-8.60986E-5	
137	-4604.92	1	0	-0.00255732	-8.60986E-5	
138	-4604.42	1	0	-0.00183388	-8.60986E-5	
139	-4604.02	1	0	-0.00262309	-8.60986E-5	
140	-4603.72	1	0	0.00382215	-8.60986E-5	
141	-4603.22	1	0	0.00204642	-8.60986E-5	
142	-4603.02	1	0	0.00230949	-8.60986E-5	
143	-4602.62	1	0	0.00109279	-8.60986E-5	
144	-4602.12	1	0	0.00109279	-8.60986E-5	
145	-4601.72	1	0	0.000829717	-8.60986E-5	
146	-4601.42	1	0	-0.0011762	-8.60986E-5	
147	-4600.82	1	0	0.00267121	-8.60986E-5	
148	-4600.52	1	0	0.000204924	-8.60986E-5	
149	-4600.02	1	0	-0.00130773	-8.60986E-5	
150	-4599.82	1	0	0.000665298	-8.60986E-5	
151	-4599.62	1	0	0.0020793	-8.60986E-5	
152	-4597.72	1	0	0.000270691	-8.60986E-5	
153	-4597.62	1	0	0.00102702	-8.60986E-5	
154	-4597.42	1	0	-0.000913128	-8.60986E-5	
155	-4597.32	1	0	-0.000288334	-8.60986E-5	
156	-4597.02	1	0	0.00161893	-8.60986E-5	
157	-4596.82	1	0	7.62044E-6	-8.60986E-5	
158	-4596.62	1	0	-0.000650057	-8.60986E-5	
159	-4596.32	1	0	0.000796834	-8.60986E-5	
160	-4596.12	1	0	0.000500879	-8.60986E-5	
161	-4595.72	1	0	-0.00535245	-8.60986E-5	
162	-4595.32	1	0	-0.000452754	-8.60986E-5	
163	-4595.02	1	0	0.00224372	-8.60986E-5	
164	-4594.72	1	0	-0.00686511	-8.60986E-5	
165	-4594.42	1	0	-0.00120908	-8.60986E-5	
166	-4594.12	1	0	0.000139156	-8.60986E-5	
167	-4593.92	1	0	-0.00272174	-8.60986E-5	
168	-4593.62	1	0	-0.00275463	-8.60986E-5	
169	-4593.32	1	0	-0.00259021	-8.60986E-5	
170	-4592.72	1	0	-0.00222848	-8.60986E-5	
171	-4592.42	1	0	-0.00462901	-8.60986E-5	
172	-4592.12	1	0	0.00059953	-8.60986E-5	
173	-4591.72	1	0	-0.0019983	-8.60986E-5	
174	-4591.42	1	0	-0.00278751	-8.60986E-5	
175	-4591.32	1	0	0.00102702	-8.60986E-5	
176	-4591.12	1	0	-0.00170234	-8.60986E-5	
177	-4590.72	1	0	-0.00170234	-8.60986E-5	
178	-4590.42	1	0	-0.00653627	-8.60986E-5	
179	-4589.92	1	0	-0.00203118	-8.60986E-5	
180	-4589.52	1	0	0.000928369	-8.60986E-5	
181	-4589.12	1	0	0.00102702	-8.60986E-5	
182	-4588.82	1	0	-0.0019983	-8.60986E-5	
183	-4588.42	1	0	0.00247391	-8.60986E-5	
184	-4588.12	1	0	-0.00561552	-8.60986E-5	
185	-4587.82	1	0	-0.00739125	-8.60986E-5	
186	-4587.62	1	0	-0.00347807	-8.60986E-5	
187	-4587.22	1	0	-0.00203118	-8.60986E-5	
188	-4586.62	1	0	-0.0042344	-8.60986E-5	
189	-4586.22	1	0	-0.00334654	-8.60986E-5	
190	-4585.92	1	0	0.00112567	-8.60986E-5	
191	-4585.62	1	0	-0.00130773	-8.60986E-5	
192	-4585.22	1	0	-0.000978896	-8.60986E-5	
193	-4584.92	1	0	-0.000452754	-8.60986E-5	
194	-4584.32	1	0	0.00194777	-8.60986E-5	
195	-4584.02	1	0	7.62044E-6	-8.60986E-5	
196	-4583.52	1	0	-0.00150504	-8.60986E-5	
197	-4583.22	1	0	0.00467713	-8.60986E-5	
198	-4582.82	1	0	0.00464425	-8.60986E-5	
199	-4582.52	1	0	0.000928369	-8.60986E-5	
200	-4582.12	1	0	0.00517039	-8.60986E-5	
201	-4581.72	1	0	-0.00147215	-8.60986E-5	
202	-4581.32	1	0	0.000698182	-8.60986E-5	
203	-4580.82	1	0	0.00194777	-8.60986E-5	
204	-4580.42	1	0	0.00102702	-8.60986E-5	
205	-4580.12	1	0	0.00135586	-8.60986E-5	
206	-4579.72	1	0	-0.00295193	-8.60986E-5	
207	-4579.32	1	0	0.00477578	-8.60986E-5	
208	-4579.02	1	0	0.000467995	-8.60986E-5	
209	-4578.72	1	0	0.000566646	-8.60986E-5	
210	-4577.92	1	0	0.000928369	-8.60986E-5	
211	-4577.62	1	0	-0.00255732	-8.60986E-5	
212	-4577.32	1	0	-0.00196541	-8.60986E-5	
213	-4577.02	1	0	-0.000650057	-8.60986E-5	
214	-4576.62	1	0	0.00142163	-8.60986E-5	
215	-4576.42	1	0	0.00152028	-8.60986E-5	
216	-4576.02	1	0	0.000369343	-8.60986E-5	
217	-4575.62	1	0	-0.00291904	-8.60986E-5	
218	-4575.02	1	0	0.00115856	-8.60986E-5	
219	-4574.62	1	0	0.000237808	-8.60986E-5	
220	-4574.32	1	0	0.000467995	-8.60986E-5	
221	-4574.02	1	0	-0.000946012	-8.60986E-5	
222	-4573.72	1	0	0.000566646	-8.60986E-5	
223	-4573.32	1	0	-0.00120908	-8.60986E-5	
224	-4573.02	1	0	-0.00374114	-8.60986E-5	
225	-4572.72	1	0	0.0016847	-8.60986E-5	
226	-4572.22	1	0	-0.000584289	-8.60986E-5	
227	-4571.92	1	0	-0.00120908	-8.60986E-5	
228	-4571.42	1	0	-0.00176811	-8.60986E-5	
229	-4571.32	1	0	0.00342754	-8.60986E-5	
230	-4570.82	1	0	-0.000255451	-8.60986E-5	
231	-4570.52	1	0	-0.00186676	-8.60986E-5	
232	-4570.12	1	0	0.00135586	-8.60986E-5	
233	-4569.82	1	0	0.00237526	-8.60986E-5	
234	-4569.32	1	0	-0.000222567	-8.60986E-5	
235	-4568.92	1	0	0.00161893	-8.60986E-5	
236	-4568.62	1	0	0.00346043	-8.60986E-5	
237	-4568.32	1	0	0.000796834	-8.60986E-5	
238	-4567.92	1	0	0.000928369	-8.60986E-5	
239	-4567.52	1	0	0.00115856	-8.60986E-5	
240	-4567.12	1	0	-5.81473E-5	-8.60986E-5	
241	-4566.82	1	0	0.000862601	-8.60986E-5	
242	-4566.32	1	0	0.00194777	-8.60986E-5	
243	-4565.92	1	0	-0.00163657	-8.60986E-5	
244	-4565.52	1	0	-0.000617173	-8.60986E-5	
245	-4565.32	1	0	0.000402227	-8.60986E-5	
246	-4564.92	1	0	-0.00390556	-8.60986E-5	
247	-4564.42	1	0	-0.00114332	-8.60986E-5	
248	-4564.22	1	0	0.00161893	-8.60986E-5	
249	-4563.82	1	0	0.000862601	-8.60986E-5	
250	-4563.42	1	0	0.00145451	-8.60986E-5	
251	-4562.92	1	0	0.00129009	-8.60986E-5	
252	-4562.62	1	0	-0.00153792	-8.60986E-5	
253	-4562.42	1	0	-0.003215	-8.60986E-5	
254	-4561.92	1	0	-0.00433305	-8.60986E-5	
255	-4561.62	1	0	-0.00084736	-8.60986E-5	
256	-4561.22	1	0	-0.00476054	-8.60986E-5	
257	-4560.92	1	0	-0.00114332	-8.60986E-5	
258	-4560.52	1	0	-0.00134062	-8.60986E-5	
259	-4560.12	1	0	-0.00298481	-8.60986E-5	
260	-4559.82	1	0	-0.000617173	-8.60986E-5	
261	-4559.42	1	0	-0.000584289	-8.60986E-5	
262	-4559.22	1	0	-0.00140639	-8.60986E-5	
263	-4558.82	1	0	0.00165181	-8.60986E-5	
264	-4558.42	1	0	0.000402227	-8.60986E-5	
265	-4558.12	1	0	0.00119144	-8.60986E-5	
266	-4557.82	1	0	0.000139156	-8.60986E-5	
267	-4557.42	1	0	-0.000781593	-8.60986E-5	
268	-4557.12	1	0	0.00796552	-8.60986E-5	
269	-4556.82	1	0	0.000467995	-8.60986E-5	
270	-4556.52	1	0	0.000961253	-8.60986E-5	
271	-4556.32	1	0	0.00378927	-8.60986E-5	
272	-4556.02	1	0	0.0102674	-8.60986E-5	
273	-4555.72	1	0	0.00875473	-8.60986E-5	
274	-4555.32	1	0	0.00928087	-8.60986E-5	
275	-4555.02	1	0	0.0121418	-8.60986E-5	
276	-4554.62	1	0	0.0111881	-8.60986E-5	
277	-4554.12	1	0	0.00980702	-8.60986E-5	
278	-4553.92	1	0	0.0151342	-8.60986E-5	
279	-4553.72	1	0	0.00549923	-8.60986E-5	
280	-4553.22	1	0	0.0142792	-8.60986E-5	
281	-4553.02	1	0	0.00911645	-8.60986E-5	
282	-4552.72	1	0	0.0125364	-8.60986E-5	
283	-4552.42	1	0	0.0206916	-8.60986E-5	
284	-4552.12	1	0	0.0202312	-8.60986E-5	
285	-4551.62	1	0	0.0337794	-8.60986E-5	
286	-4551.32	1	0	0.0408494	-8.60986E-5	
287	-4551.02	1	0	0.0448283	-8.60986E-5	
288	-4550.72	1	0	0.068702	-8.60986E-5	
289	-4550.42	1	0	0.0878076	-8.60986E-5	
290	-4550.12	1	0	0.107275	-8.60986E-5	
291	-4549.72	1	0	0.105236	-8.60986E-5	
292	-4549.32	1	0	0.116055	-8.60986E-5	
293	-4549.02	1	0	0.118521	-8.60986E-5	
294	-4548.52	1	0	0.124999	-8.60986E-5	
295	-4548.22	1	0	0.088268	-8.60986E-5	
296	-4548.02	1	0	0.0853084	-8.60986E-5	
297	-4547.52	1	0	0.05568	-8.60986E-5	
298	-4547.32	1	0	0.0512407	-8.60986E-5	
299	-4547.02	1	0	0.0353578	-8.60986E-5	
300	-4546.72	1	0	0.0211848	-8.60986E-5	
301	-4546.42	1	0	0.0162851	-8.60986E-5	
302	-4545.72	1	0	0.0116156	-8.60986E-5	
303	-4545.42	1	0	0.0128323	-8.60986E-5	
304	-4545.32	1	0	0.0146081	-8.60986E-5	
305	-4544.72	1	0	0.00625556	-8.60986E-5	
306	-4544.32	1	0	0.00602537	-8.60986E-5	
307	-4544.02	1	0	0.00789975	-8.60986E-5	
308	-4543.72	1	0	0.00895204	-8.60986E-5	
309	-4543.22	1	0	0.00267121	-8.60986E-5	
310	-4542.82	1	0	-0.000814477	-8.60986E-5	
311	-4542.42	1	0	0.00155316	-8.60986E-5	
312	-4542.02	1	0	0.00316447	-8.60986E-5	
313	-4541.72	1	0	0.00227661	-8.60986E-5	
314	-4541.42	1	0	0.00102702	-8.60986E-5	
315	-4541.12	1	0	0.00152028	-8.60986E-5	
316	-4540.72	1	0	0.000961253	-8.60986E-5	
317	-4540.22	1	0	-0.00114332	-8.60986E-5	
318	-4539.82	1	0	-0.00180099	-8.60986E-5	
319	-4539.42	1	0	0.00135586	-8.60986E-5	
320	-4539.02	1	0	0.00227661	-8.60986E-5	
321	-4538.82	1	0	-0.00130773	-8.60986E-5	
322	-4538.52	1	0	-5.81473E-5	-8.60986E-5	
323	-4538.22	1	0	0.000731066	-8.60986E-5	
324	-4537.72	1	0	0.00115856	-8.60986E-5	
325	-4537.42	1	0	0.00257256	-8.60986E-5	
326	-4537.02	1	0	0.00388792	-8.60986E-5	
327	-4536.62	1	0	0.00230949	-8.60986E-5	
328	-4536.32	1	0	-0.000682941	-8.60986E-5	
329	-4536.02	1	0	-0.000682941	-8.60986E-5	
330	-4535.52	1	0	-0.00249155	-8.60986E-5	
331	-4535.22	1	0	0.00276987	-8.60986E-5	
332	-4534.92	1	0	0.00355908	-8.60986E-5	
333	-4534.42	1	0	0.0142792	-8.60986E-5	
334	-4534.02	1	0	0.0114841	-8.60986E-5	
335	-4533.62	1	0	0.0198366	-8.60986E-5	
336	-4533.22	1	0	0.0176663	-8.60986E-5	
337	-4532.92	1	0	0.0161865	-8.60986E-5	
338	-4532.62	1	0	0.0173374	-8.60986E-5	
339	-4532.22	1	0	0.0246705	-8.60986E-5	
340	-4531.82	1	0	0.0339438	-8.60986E-5	
341	-4531.32	1	0	0.0301621	-8.60986E-5	
342	-4531.02	1	0	0.0382845	-8.60986E-5	
343	-4530.62	1	0	0.0380543	-8.60986E-5	
344	-4530.32	1	0	0.0550224	-8.60986E-5	
345	-4529.92	1	0	0.0731743	-8.60986E-5	
346	-4529.62	1	0	0.0949434	-8.60986E-5	
347	-4529.22	1	0	0.143447	-8.60986E-5	
348	-4529.02	1	0	0.137857	-8.60986E-5	
349	-4528.42	1	0	0.179291	-8.60986E-5	
350	-4527.92	1	0	0.204118	-8.60986E-5	
351	-4527.62	1	0	0.217568	-8.60986E-5	
352	-4527.32	1	0	0.213227	-8.60986E-5	
353	-4527.02	1	0	0.198495	-8.60986E-5	
354	-4526.62	1	0	0.190241	-8.60986E-5	
355	-4526.22	1	0	0.157324	-8.60986E-5	
356	-4525.82	1	0	0.163473	-8.60986E-5	
357	-4525.32	1	0	0.118554	-8.60986E-5	
358	-4524.82	1	0	0.0798826	-8.60986E-5	
359	-4524.52	1	0	0.049465	-8.60986E-5	
360	-4524.32	1	0	0.0419017	-8.60986E-5	
361	-4524.02	1	0	0.0333848	-8.60986E-5	
362	-4523.72	1	0	0.0325627	-8.60986E-5	
363	-4523.32	1	0	0.0356537	-8.60986E-5	
364	-4523.12	1	0	0.0359497	-8.60986E-5	
365	-4522.62	1	0	0.0339438	-8.60986E-5	
366	-4522.12	1	0	0.0379885	-8.60986E-5	
367	-4521.82	1	0	0.0324311	-8.60986E-5	
368	-4521.62	1	0	0.0251967	-8.60986E-5	
369	-4521.32	1	0	0.0163509	-8.60986E-5	
370	-4520.92	1	0	0.00431541	-8.60986E-5	
371	-4520.72	1	0	0.0151671	-8.60986E-5	
372	-4520.32	1	0	0.0210204	-8.60986E-5	
373	-4520.02	1	0	0.0196393	-8.60986E-5	
374	-4519.62	1	0	0.0241773	-8.60986E-5	
375	-4519.22	1	0	0.0294716	-8.60986E-5	
376	-4518.82	1	0	0.0349632	-8.60986E-5	
377	-4518.62	1	0	0.0386133	-8.60986E-5	
378	-4518.22	1	0	0.0378898	-8.60986E-5	
379	-4518.12	1	0	0.0416715	-8.60986E-5	
380	-4517.82	1	0	0.0392381	-8.60986E-5	
381	-4517.62	1	0	0.044072	-8.60986E-5	
382	-4517.02	1	0	0.0600207	-8.60986E-5	
383	-4516.72	1	0	0.0505501	-8.60986E-5	
384	-4516.22	1	0	0.0680773	-8.60986E-5	
385	-4515.92	1	0	0.089682	-8.60986E-5	
386	-4515.62	1	0	0.117929	-8.60986E-5	
387	-4515.22	1	0	0.130557	-8.60986E-5	
388	-4514.92	1	0	0.145026	-8.60986E-5	
389	-4514.72	1	0	0.208755	-8.60986E-5	
390	-4514.12	1	0	0.213917	-8.60986E-5	
391	-4513.62	1	0	0.244171	-8.60986E-5	
392	-4513.22	1	0	0.274259	-8.60986E-5	
393	-4512.92	1	0	0.279685	-8.60986E-5	
394	-4512.62	1	0	0.269228	-8.60986E-5	
395	-4512.32	1	0	0.252556	-8.60986E-5	
396	-4511.82	1	0	0.234174	-8.60986E-5	
397	-4511.62	1	0	0.194647	-8.60986E-5	
398	-4511.02	1	0	0.182908	-8.60986E-5	
399	-4510.62	1	0	0.180935	-8.60986E-5	
400	-4510.32	1	0	0.155318	-8.60986E-5	
401	-4509.92	1	0	0.13835	-8.60986E-5	
402	-4509.32	1	0	0.131971	-8.60986E-5	
403	-4509.22	1	0	0.122566	-8.60986E-5	
404	-4508.82	1	0	0.132661	-8.60986E-5	
405	-4508.42	1	0	0.11349	-8.60986E-5	
406	-4507.72	1	0	0.110826	-8.60986E-5	
407	-4507.32	1	0	0.0971795	-8.60986E-5	
408	-4507.02	1	0	0.0867224	-8.60986E-5	
409	-4506.72	1	0	0.0564692	-8.60986E-5	
410	-4506.32	1	0	0.0619609	-8.60986E-5	
411	-4506.22	1	0	0.0360484	-8.60986E-5	
412	-4505.72	1	0	0.0263476	-8.60986E-5	
413	-4505.32	1	0	0.0148382	-8.60986E-5	
414	-4504.82	1	0	0.0141477	-8.60986E-5	
415	-4504.42	1	0	0.00914934	-8.60986E-5	
416	-4503.92	1	0	0.00477578	-8.60986E-5	
417	-4503.62	1	0	0.00711054	-8.60986E-5	
418	-4503.32	1	0	-0.000551405	-8.60986E-5	
419	-4502.82	1	0	0.001882	-8.60986E-5	
420	-4502.62	1	0	0.000731066	-8.60986E-5	
421	-4502.02	1	0	0.00145451	-8.60986E-5	
422	-4501.72	1	0	-0.000156799	-8.60986E-5	
423	-4501.32	1	0	0.000928369	-8.60986E-5	
424	-4501.12	1	0	7.33882E-5	-8.60986E-5	
425	-4500.62	1	0	0.00355908	-8.60986E-5	
426	-4500.42	1	0	-0.00522092	-8.60986E-5	
427	-4500.02	1	0	0.0037235	-8.60986E-5	
428	-4499.52	1	0	0.00260545	-8.60986E-5	
429	-4499.22	1	0	-0.00189964	-8.60986E-5	
430	-4498.42	1	0	0.00230949	-8.60986E-5	
431	-4498.22	1	0	0.00112567	-8.60986E-5	
432	-4497.92	1	0	-0.000354102	-8.60986E-5	
433	-4497.62	1	0	-0.00406998	-8.60986E-5	
434	-4497.42	1	0	0.00109279	-8.60986E-5	
435	-4496.92	1	0	-0.000978896	-8.60986E-5	
436	-4496.62	1	0	-0.000814477	-8.60986E-5	
437	-4496.12	1	0	-0.00252444	-8.60986E-5	
438	-4495.72	1	0	-0.000156799	-8.60986E-5	
439	-4495.22	1	0	-0.000946012	-8.60986E-5	
440	-4495.02	1	0	0.00300005	-8.60986E-5	
441	-4494.72	1	0	0.000270691	-8.60986E-5	
442	-4494.52	1	0	-0.00104466	-8.60986E-5	
443	-4493.72	1	0	-0.00114332	-8.60986E-5	
444	-4493.42	1	0	-0.00693088	-8.60986E-5	
445	-4493.02	1	0	-0.00538534	-8.60986E-5	
446	-4492.62	1	0	-0.00351095	-8.60986E-5	
447	-4492.22	1	0	-0.00150504	-8.60986E-5	
448	-4491.82	1	0	0.00395369	-8.60986E-5	
449	-4491.52	1	0	-0.000156799	-8.60986E-5	
450	-4491.22	1	0	-0.00041987	-8.60986E-5	
451	-4490.72	1	0	-0.000551405	-8.60986E-5	
452	-4490.32	1	0	-0.00413575	-8.60986E-5	
453	-4489.82	1	0	0.00346043	-8.60986E-5	
454	-4489.52	1	0	0.00059953	-8.60986E-5	
455	-4489.12	1	0	-0.000584289	-8.60986E-5	
456	-4488.72	1	0	-0.00134062	-8.60986E-5	
457	-4488.32	1	0	0.000270691	-8.60986E-5	
458	-4488.12	1	0	-0.00476054	-8.60986E-5	
459	-4487.62	1	0	-0.00120908	-8.60986E-5	
460	-4487.12	1	0	-0.00101178	-8.60986E-5	
461	-4486.72	1	0	-0.000715825	-8.60986E-5	
462	-4486.52	1	0	0.00323024	-8.60986E-5	
463	-4486.12	1	0	-0.00140639	-8.60986E-5	
464	-4485.72	1	0	-0.00334654	-8.60986E-5	
465	-4485.42	1	0	-0.000518522	-8.60986E-5	
466	-4485.22	1	0	-0.00305058	-8.60986E-5	
467	-4484.72	1	0	-0.00367537	-8.60986E-5	
468	-4484.42	1	0	-0.00160369	-8.60986E-5	
469	-4484.02	1	0	-0.00584571	-8.60986E-5	
470	-4483.62	1	0	-0.00163657	-8.60986E-5	
471	-4483.32	1	0	-0.000156799	-8.60986E-5	
472	-4482.92	1	0	0.000500879	-8.60986E-5	
473	-4482.72	1	0	0.00017204	-8.60986E-5	
474	-4482.32	1	0	0.00467713	-8.60986E-5	
475	-4482.02	1	0	0.00875473	-8.60986E-5	
476	-4481.72	1	0	0.00888627	-8.60986E-5	
477	-4481.32	1	0	0.00766956	-8.60986E-5	
478	-4480.92	1	0	0.0102345	-8.60986E-5	
479	-4480.72	1	0	0.000237808	-8.60986E-5	
480	-4480.22	1	0	0.0122733	-8.60986E-5	
481	-4479.92	1	0	0.0158576	-8.60986E-5	
482	-4479.82	1	0	0.012076	-8.60986E-5	
483	-4479.32	1	0	0.00941241	-8.60986E-5	
484	-4478.82	1	0	0.0178307	-8.60986E-5	
485	-4478.52	1	0	0.0129968	-8.60986E-5	
486	-4478.12	1	0	0.0210204	-8.60986E-5	
487	-4477.82	1	0	0.025657	-8.60986E-5	
488	-4477.42	1	0	0.0351934	-8.60986E-5	
489	-4477.22	1	0	0.0376597	-8.60986E-5	
490	-4476.92	1	0	0.0489388	-8.60986E-5	
491	-4476.52	1	0	0.0703791	-8.60986E-5	
492	-4476.22	1	0	0.0932334	-8.60986E-5	
493	-4475.72	1	0	0.0975412	-8.60986E-5	
494	-4475.42	1	0	0.0875774	-8.60986E-5	
495	-4475.02	1	0	0.0963903	-8.60986E-5	
496	-4474.82	1	0	0.108886	-8.60986E-5	
497	-4474.22	1	0	0.0797182	-8.60986E-5	
498	-4474.02	1	0	0.0748185	-8.60986E-5	
499	-4473.72	1	0	0.0564035	-8.60986E-5	
500	-4473.32	1	0	0.0371993	-8.60986E-5	
501	-4472.92	1	0	0.0309185	-8.60986E-5	
502	-4472.52	1	0	0.0181266	-8.60986E-5	
503	-4472.12	1	0	0.0148054	-8.60986E-5	
504	-4471.82	1	0	0.0109251	-8.60986E-5	
505	-4471.32	1	0	0.0114183	-8.60986E-5	
506	-4471.12	1	0	0.0124048	-8.60986E-5	
507	-4470.72	1	0	0.0101359	-8.60986E-5	
508	-4470.22	1	0	0.0132269	-8.60986E-5	
509	-4469.92	1	0	0.00694612	-8.60986E-5	
510	-4469.32	1	0	0.00451271	-8.60986E-5	
511	-4468.92	1	0	0.00253968	-8.60986E-5	
512	-4468.72	1	0	0.00283563	-8.60986E-5	
513	-4468.32	1	0	0.00500597	-8.60986E-5	
514	-4467.92	1	0	0.00286852	-8.60986E-5	
515	-4467.62	1	0	-0.00331365	-8.60986E-5	
516	-4467.32	1	0	-0.000650057	-8.60986E-5	
517	-4466.72	1	0	-0.00209695	-8.60986E-5	
518	-4466.42	1	0	0.00355908	-8.60986E-5	
519	-4465.92	1	0	0.000665298	-8.60986E-5	
520	-4465.42	1	0	0.000961253	-8.60986E-5	
521	-4465.22	1	0	0.00175047	-8.60986E-5	
522	-4464.72	1	0	0.00286852	-8.60986E-5	
523	-4464.52	1	0	0.000106272	-8.60986E-5	
524	-4464.02	1	0	0.000270691	-8.60986E-5	
525	-4463.72	1	0	0.00240814	-8.60986E-5	
526	-4463.22	1	0	0.00359196	-8.60986E-5	
527	-4462.92	1	0	-0.000288334	-8.60986E-5	
528	-4462.52	1	0	0.000303575	-8.60986E-5	
529	-4462.22	1	0	-0.00637185	-8.60986E-5	
530	-4461.82	1	0	-0.00492496	-8.60986E-5	
531	-4461.42	1	0	-0.00344519	-8.60986E-5	
532	-4460.92	1	0	-0.000814477	-8.60986E-5	
533	-4460.62	1	0	-0.00160369	-8.60986E-5	
534	-4460.22	1	0	0.000336459	-8.60986E-5	
535	-4459.82	1	0	-0.00180099	-8.60986E-5	
536	-4459.52	1	0	-0.00176811	-8.60986E-5	
537	-4459.02	1	0	-0.00120908	-8.60986E-5	
538	-4458.62	1	0	0.000139156	-8.60986E-5	
539	-4458.32	1	0	-0.00114332	-8.60986E-5	
540	-4457.72	1	0	0.000994137	-8.60986E-5	
541	-4457.22	1	0	0.000994137	-8.60986E-5	
542	-4456.92	1	0	0.00138874	-8.60986E-5	
543	-4456.62	1	0	-0.00778586	-8.60986E-5	
544	-4456.12	1	0	-0.00278751	-8.60986E-5	
545	-4455.82	1	0	0.00115856	-8.60986E-5	
546	-4455.42	1	0	-0.00206406	-8.60986E-5	
547	-4454.72	1	0	-0.00176811	-8.60986E-5	
548	-4454.42	1	0	0.000632414	-8.60986E-5	
549	-4454.12	1	0	-0.00459612	-8.60986E-5	
550	-4453.82	1	0	0.00447983	-8.60986E-5	
551	-4453.52	1	0	-0.00143927	-8.60986E-5	
552	-4453.12	1	0	0.00152028	-8.60986E-5	
553	-4452.82	1	0	0.00194777	-8.60986E-5	
554	-4452.32	1	0	0.000829717	-8.60986E-5	
555	-4451.92	1	0	-0.00176811	-8.60986E-5	
556	-4451.62	1	0	0.00323024	-8.60986E-5	
557	-4451.22	1	0	-0.00193253	-8.60986E-5	
558	-4450.82	1	0	0.00181623	-8.60986E-5	
559	-4450.42	1	0	-0.00462901	-8.60986E-5	
560	-4450.22	1	0	-0.00334654	-8.60986E-5	
561	-4449.82	1	0	4.05043E-5	-8.60986E-5	
562	-4449.42	1	0	-0.0011762	-8.60986E-5	
563	-4448.92	1	0	4.05043E-5	-8.60986E-5	
564	-4448.72	1	0	-0.00291904	-8.60986E-5	
565	-4448.32	1	0	-0.000156799	-8.60986E-5	
566	-4447.92	1	0	0.00129009	-8.60986E-5	
567	-4447.62	1	0	0.000139156	-8.60986E-5	
568	-4447.32	1	0	-0.00406998	-8.60986E-5	
569	-4446.82	1	0	0.000500879	-8.60986E-5	
570	-4446.62	1	0	-0.00272174	-8.60986E-5	
571	-4446.12	1	0	-0.00127485	-8.60986E-5	
572	-4445.72	1	0	-0.00689799	-8.60986E-5	
573	-4445.52	1	0	-0.00252444	-8.60986E-5	
574	-4445.22	1	0	0.000796834	-8.60986E-5	
575	-4444.82	1	0	0.00135586	-8.60986E-5	
576	-4444.52	1	0	0.00119144	-8.60986E-5	
577	-4444.32	1	0	0.00438118	-8.60986E-5	
578	-4443.62	1	0	0.000566646	-8.60986E-5	
579	-4443.32	1	0	-0.00252444	-8.60986E-5	
580	-4443.02	1	0	-0.00614166	-8.60986E-5	
581	-4442.72	1	0	0.000139156	-8.60986E-5	
582	-4442.42	1	0	-0.00107755	-8.60986E-5	
583	-4442.02	1	0	-0.00166946	-8.60986E-5	
584	-4441.82	1	0	0.000204924	-8.60986E-5	
585	-4441.52	1	0	0.000632414	-8.60986E-5	
586	-4441.12	1	0	0.000204924	-8.60986E-5	
587	-4440.82	1	0	-0.00170234	-8.60986E-5	
588	-4440.42	1	0	-0.000978896	-8.60986E-5	
589	-4439.92	1	0	-0.00630608	-8.60986E-5	
590	-4439.52	1	0	0.00184912	-8.60986E-5	
591	-4439.22	1	0	-0.000288334	-8.60986E-5	
592	-4438.82	1	0	-0.00127485	-8.60986E-5	
593	-4438.42	1	0	-0.00387268	-8.60986E-5	
594	-4438.12	1	0	-0.00206406	-8.60986E-5	
595	-4437.72	1	0	0.000829717	-8.60986E-5	
596	-4437.22	1	0	0.000369343	-8.60986E-5	
597	-4436.92	1	0	-0.00482631	-8.60986E-5	
598	-4436.42	1	0	-0.0011762	-8.60986E-5	
599	-4436.12	1	0	0.00059953	-8.60986E-5	
600	-4435.72	1	0	-0.00472766	-8.60986E-5	
601	-4435.32	1	0	-0.00318212	-8.60986E-5	
602	-4434.92	1	0	0.0037235	-8.60986E-5	
603	-4434.52	1	0	0.00257256	-8.60986E-5	
604	-4433.92	1	0	-0.000156799	-8.60986E-5	
605	-4433.62	1	0	-0.00462901	-8.60986E-5	
606	-4433.22	1	0	-0.00328077	-8.60986E-5	
607	-4433.02	1	0	-0.00390556	-8.60986E-5	
608	-4432.52	1	0	-0.00268886	-8.60986E-5	
609	-4432.22	1	0	-0.00324788	-8.60986E-5	
610	-4431.72	1	0	-0.00166946	-8.60986E-5	
611	-4431.42	1	0	-0.00762144	-8.60986E-5	
612	-4430.92	1	0	-0.00469477	-8.60986E-5	
613	-4430.52	1	0	-0.000880244	-8.60986E-5	
614	-4430.22	1	0	-0.00722683	-8.60986E-5	
615	-4429.92	1	0	-0.00245867	-8.60986E-5	
616	-4429.52	1	0	-0.00420152	-8.60986E-5	
617	-4429.02	1	0	-0.00189964	-8.60986E-5	
618	-4428.62	1	0	-0.0021956	-8.60986E-5	
619	-4428.22	1	0	-0.00620743	-8.60986E-5	
620	-4427.92	1	0	-0.00041987	-8.60986E-5	
621	-4427.42	1	0	-0.000584289	-8.60986E-5	
622	-4427.22	1	0	0.0010599	-8.60986E-5	
623	-4426.82	1	0	-9.10312E-5	-8.60986E-5	
624	-4426.42	1	0	-0.00252444	-8.60986E-5	
625	-4426.02	1	0	-0.00706241	-8.60986E-5	
626	-4425.62	1	0	0.00237526	-8.60986E-5	
627	-4425.12	1	0	0.001882	-8.60986E-5	
628	-4424.82	1	0	0.000500879	-8.60986E-5	
629	-4424.52	1	0	-0.00140639	-8.60986E-5	
630	-4424.12	1	0	-0.00515515	-8.60986E-5	
631	-4423.82	1	0	-0.0011762	-8.60986E-5	
632	-4423.42	1	0	-0.00255732	-8.60986E-5	
633	-4422.92	1	0	-0.00111043	-8.60986E-5	
634	-4422.62	1	0	0.000862601	-8.60986E-5	
635	-4422.02	1	0	0.00214507	-8.60986E-5	
636	-4421.72	1	0	-0.00160369	-8.60986E-5	
637	-4421.42	1	0	-0.00528668	-8.60986E-5	
638	-4421.12	1	0	-0.00502361	-8.60986E-5	
639	-4420.72	1	0	-0.00166946	-8.60986E-5	
640	-4420.22	1	0	-0.00821335	-8.60986E-5	
641	-4419.72	1	0	-0.00387268	-8.60986E-5	
642	-4419.42	1	0	-0.00331365	-8.60986E-5	
643	-4419.12	1	0	0.00171758	-8.60986E-5	
644	-4418.72	1	0	-0.00229425	-8.60986E-5	
645	-4418.32	1	0	-0.00111043	-8.60986E-5	
646	-4417.92	1	0	-0.00153792	-8.60986E-5	
647	-4417.62	1	0	-0.00157081	-8.60986E-5	
648	-4417.02	1	0	-0.000255451	-8.60986E-5	
649	-4416.52	1	0	0.00138874	-8.60986E-5	
650	-4416.12	1	0	0.00244103	-8.60986E-5	
651	-4415.82	1	0	-0.00212983	-8.60986E-5	
652	-4415.42	1	0	4.05043E-5	-8.60986E-5	
653	-4415.12	1	0	0.00276987	-8.60986E-5	
654	-4414.82	1	0	-0.00163657	-8.60986E-5	
655	-4414.42	1	0	-0.000518522	-8.60986E-5	
656	-4413.82	1	0	0.000336459	-8.60986E-5	
657	-4413.52	1	0	-0.00262309	-8.60986E-5	
658	-4413.22	1	0	0.00329601	-8.60986E-5	
659	-4412.82	1	0	0.00198065	-8.60986E-5	
660	-4412.62	1	0	-0.000321218	-8.60986E-5	
661	-4412.22	1	0	0.00237526	-8.60986E-5	
662	-4411.92	1	0	-0.00170234	-8.60986E-5	
663	-4411.52	1	0	-0.000222567	-8.60986E-5	
664	-4411.12	1	0	-0.00166946	-8.60986E-5	
665	-4410.62	1	0	-0.00502361	-8.60986E-5	
666	-4410.32	1	0	0.000829717	-8.60986E-5	
667	-4410.02	1	0	0.000402227	-8.60986E-5	
668	-4409.62	1	0	0.000336459	-8.60986E-5	
669	-4409.42	1	0	0.00115856	-8.60986E-5	
670	-4409.02	1	0	0.00181623	-8.60986E-5	
671	-4408.52	1	0	0.00303294	-8.60986E-5	
672	-4408.12	1	0	-0.000715825	-8.60986E-5	
673	-4407.92	1	0	0.00191489	-8.60986E-5	
674	-4407.52	1	0	0.00421676	-8.60986E-5	
675	-4407.22	1	0	0.00671593	-8.60986E-5	
676	-4406.92	1	0	0.000862601	-8.60986E-5	
677	-4406.92	1	0	0.00513751	-8.60986E-5	
678	-4406.32	1	0	0.000731066	-8.60986E-5	
679	-4406.12	1	0	7.33882E-5	-8.60986E-5	
680	-4405.42	1	0	0.000829717	-8.60986E-5	
681	-4405.22	1	0	0.000632414	-8.60986E-5	
682	-4404.82	1	0	-0.00212983	-8.60986E-5	
683	-4404.62	1	0	-0.00189964	-8.60986E-5	
684	-4404.32	1	0	0.000303575	-8.60986E-5	
685	-4404.12	1	0	-0.000715825	-8.60986E-5	
686	-4403.62	1	0	0.000829717	-8.60986E-5	
687	-4403.42	1	0	0.00365773	-8.60986E-5	
688	-4403.12	1	0	0.00467713	-8.60986E-5	
689	-4402.72	1	0	0.00017204	-8.60986E-5	
690	-4402.32	1	0	0.000665298	-8.60986E-5	
691	-4401.82	1	0	-0.000584289	-8.60986E-5	
692	-4401.52	1	0	0.00378927	-8.60986E-5	
693	-4401.22	1	0	-0.00226137	-8.60986E-5	
694	-4400.72	1	0	0.00283563	-8.60986E-5	
695	-4400.42	1	0	-0.0023929	-8.60986E-5	
696	-4400.02	1	0	0.00122432	-8.60986E-5	
697	-4399.62	1	0	0.000796834	-8.60986E-5	

