# Title: Dye Laser Frequency Scan, MW -20 dB, +50 V Static, Sideband strength vs. MW Power
# Note:	Dye Frequency Scan at n=27 +/- 3 f_MW , +50 V static, MW at -20 dB Attn. Looking for change in sideband strength with MW Power
# Type:	Frequency
# Hittite Freq:	18510.2 MHz
# Hittite: Power	14 dBm
# Laser Freq:	NaN
# Laser Mod:	NaN
# Laser Mod Attn:	MAX
# MW Attn:	20.0 dB
# Delay:	1000 ns
# MW Off:	-200 to +100 ns
# Top w/o Static:	0
# Static:	0 V
# Static Off:	NaN
i	f	n	nb	s	sb
0.000	-4400.520	1.000	0.000	0.037	0.033
1.000	-4400.620	1.000	0.000	0.027	0.033
2.000	-4400.420	1.000	0.000	0.038	0.033
3.000	-4400.420	1.000	0.000	0.043	0.033
4.000	-4400.620	1.000	0.000	0.035	0.033
5.000	-4400.720	1.000	0.000	0.029	0.033
6.000	-4400.820	1.000	0.000	0.034	0.033
7.000	-4401.020	1.000	0.000	0.033	0.033
8.000	-4401.120	1.000	0.000	0.044	0.033
9.000	-4401.220	1.000	0.000	0.037	0.033
10.000	-4401.320	1.000	0.000	0.039	0.033
11.000	-4401.520	1.000	0.000	0.033	0.033
12.000	-4401.720	1.000	0.000	0.035	0.033
13.000	-4401.920	1.000	0.000	0.037	0.033
14.000	-4402.120	1.000	0.000	0.027	0.033
15.000	-4402.220	1.000	0.000	0.036	0.033
16.000	-4402.520	1.000	0.000	0.028	0.033
17.000	-4402.720	1.000	0.000	0.034	0.033
18.000	-4403.120	1.000	0.000	0.032	0.033
19.000	-4403.220	1.000	0.000	0.034	0.033
20.000	-4403.420	1.000	0.000	0.029	0.033
21.000	-4403.620	1.000	0.000	0.034	0.033
22.000	-4403.920	1.000	0.000	0.037	0.033
23.000	-4404.020	1.000	0.000	0.036	0.033
24.000	-4404.220	1.000	0.000	0.030	0.033
25.000	-4404.520	1.000	0.000	0.028	0.033
26.000	-4404.820	1.000	0.000	0.036	0.033
27.000	-4405.020	1.000	0.000	0.035	0.033
28.000	-4405.320	1.000	0.000	0.038	0.033
29.000	-4405.620	1.000	0.000	0.039	0.033
30.000	-4405.920	1.000	0.000	0.041	0.033
31.000	-4406.320	1.000	0.000	0.039	0.033
32.000	-4406.520	1.000	0.000	0.040	0.033
33.000	-4406.720	1.000	0.000	0.041	0.033
34.000	-4406.920	1.000	0.000	0.034	0.033
35.000	-4407.320	1.000	0.000	0.037	0.033
36.000	-4407.620	1.000	0.000	0.033	0.033
37.000	-4408.020	1.000	0.000	0.034	0.033
38.000	-4408.220	1.000	0.000	0.043	0.033
39.000	-4408.620	1.000	0.000	0.032	0.033
40.000	-4409.120	1.000	0.000	0.039	0.033
41.000	-4409.320	1.000	0.000	0.033	0.033
42.000	-4409.620	1.000	0.000	0.037	0.033
43.000	-4409.920	1.000	0.000	0.035	0.033
44.000	-4410.220	1.000	0.000	0.036	0.033
45.000	-4410.620	1.000	0.000	0.033	0.033
46.000	-4411.020	1.000	0.000	0.038	0.033
47.000	-4411.520	1.000	0.000	0.028	0.033
48.000	-4411.820	1.000	0.000	0.030	0.033
49.000	-4412.220	1.000	0.000	0.028	0.033
50.000	-4412.620	1.000	0.000	0.034	0.033
51.000	-4412.820	1.000	0.000	0.038	0.033
52.000	-4413.220	1.000	0.000	0.038	0.033
53.000	-4413.420	1.000	0.000	0.031	0.033
54.000	-4413.820	1.000	0.000	0.040	0.033
55.000	-4414.320	1.000	0.000	0.039	0.033
56.000	-4414.620	1.000	0.000	0.036	0.033
57.000	-4414.820	1.000	0.000	0.041	0.033
58.000	-4415.220	1.000	0.000	0.034	0.033
59.000	-4415.420	1.000	0.000	0.042	0.033
60.000	-4415.820	1.000	0.000	0.030	0.033
61.000	-4416.120	1.000	0.000	0.030	0.033
62.000	-4416.220	1.000	0.000	0.036	0.033
63.000	-4416.820	1.000	0.000	0.036	0.033
64.000	-4417.220	1.000	0.000	0.037	0.033
65.000	-4417.620	1.000	0.000	0.033	0.033
66.000	-4417.920	1.000	0.000	0.033	0.033
67.000	-4418.220	1.000	0.000	0.036	0.033
68.000	-4418.420	1.000	0.000	0.035	0.033
69.000	-4418.720	1.000	0.000	0.034	0.033
70.000	-4419.020	1.000	0.000	0.031	0.033
71.000	-4419.020	1.000	0.000	0.029	0.033
72.000	-4419.720	1.000	0.000	0.038	0.033
73.000	-4420.120	1.000	0.000	0.024	0.033
74.000	-4420.520	1.000	0.000	0.033	0.033
75.000	-4420.920	1.000	0.000	0.031	0.033
76.000	-4421.120	1.000	0.000	0.030	0.033
77.000	-4421.320	1.000	0.000	0.028	0.033
78.000	-4421.720	1.000	0.000	0.034	0.033
79.000	-4422.020	1.000	0.000	0.030	0.033
80.000	-4422.220	1.000	0.000	0.039	0.033
81.000	-4422.520	1.000	0.000	0.037	0.033
82.000	-4423.020	1.000	0.000	0.030	0.033
83.000	-4423.320	1.000	0.000	0.031	0.033
84.000	-4423.620	1.000	0.000	0.030	0.033
85.000	-4423.920	1.000	0.000	0.034	0.033
86.000	-4424.320	1.000	0.000	0.039	0.033
87.000	-4424.720	1.000	0.000	0.035	0.033
88.000	-4424.820	1.000	0.000	0.028	0.033
89.000	-4425.120	1.000	0.000	0.041	0.033
90.000	-4425.420	1.000	0.000	0.034	0.033
91.000	-4425.820	1.000	0.000	0.037	0.033
92.000	-4426.120	1.000	0.000	0.029	0.033
93.000	-4426.520	1.000	0.000	0.034	0.033
94.000	-4426.820	1.000	0.000	0.042	0.033
95.000	-4427.120	1.000	0.000	0.032	0.033
96.000	-4427.320	1.000	0.000	0.034	0.033
97.000	-4427.720	1.000	0.000	0.031	0.033
98.000	-4428.020	1.000	0.000	0.034	0.033
99.000	-4428.320	1.000	0.000	0.029	0.033
100.000	-4428.720	1.000	0.000	0.034	0.033
101.000	-4429.120	1.000	0.000	0.025	0.033
102.000	-4429.520	1.000	0.000	0.029	0.033
103.000	-4429.720	1.000	0.000	0.031	0.033
104.000	-4430.220	1.000	0.000	0.031	0.033
105.000	-4430.420	1.000	0.000	0.040	0.033
106.000	-4430.920	1.000	0.000	0.033	0.033
107.000	-4431.120	1.000	0.000	0.037	0.033
108.000	-4431.620	1.000	0.000	0.036	0.033
109.000	-4431.920	1.000	0.000	0.037	0.033
110.000	-4432.420	1.000	0.000	0.040	0.033
111.000	-4432.620	1.000	0.000	0.032	0.033
112.000	-4433.020	1.000	0.000	0.042	0.033
113.000	-4433.220	1.000	0.000	0.047	0.033
114.000	-4433.720	1.000	0.000	0.032	0.033
115.000	-4433.920	1.000	0.000	0.033	0.033
116.000	-4434.520	1.000	0.000	0.039	0.033
117.000	-4434.820	1.000	0.000	0.036	0.033
118.000	-4435.220	1.000	0.000	0.041	0.033
119.000	-4435.620	1.000	0.000	0.040	0.033
120.000	-4435.920	1.000	0.000	0.037	0.033
121.000	-4436.120	1.000	0.000	0.036	0.033
122.000	-4436.620	1.000	0.000	0.030	0.033
123.000	-4436.820	1.000	0.000	0.032	0.033
124.000	-4437.120	1.000	0.000	0.035	0.033
125.000	-4437.420	1.000	0.000	0.039	0.033
126.000	-4437.920	1.000	0.000	0.027	0.033
127.000	-4438.420	1.000	0.000	0.027	0.033
128.000	-4438.720	1.000	0.000	0.031	0.033
129.000	-4439.020	1.000	0.000	0.029	0.033
130.000	-4439.320	1.000	0.000	0.034	0.033
131.000	-4439.820	1.000	0.000	0.036	0.033
132.000	-4440.120	1.000	0.000	0.034	0.033
133.000	-4440.520	1.000	0.000	0.040	0.033
134.000	-4440.920	1.000	0.000	0.038	0.033
135.000	-4441.320	1.000	0.000	0.037	0.033
136.000	-4441.720	1.000	0.000	0.040	0.033
137.000	-4441.920	1.000	0.000	0.037	0.033
138.000	-4442.320	1.000	0.000	0.033	0.033
139.000	-4442.620	1.000	0.000	0.040	0.033
140.000	-4443.120	1.000	0.000	0.035	0.033
141.000	-4443.520	1.000	0.000	0.035	0.033
142.000	-4444.020	1.000	0.000	0.043	0.033
143.000	-4444.520	1.000	0.000	0.036	0.033
144.000	-4444.820	1.000	0.000	0.037	0.033
145.000	-4445.120	1.000	0.000	0.034	0.033
146.000	-4445.420	1.000	0.000	0.041	0.033
147.000	-4445.720	1.000	0.000	0.038	0.033
148.000	-4446.420	1.000	0.000	0.040	0.033
149.000	-4446.620	1.000	0.000	0.039	0.033
150.000	-4447.120	1.000	0.000	0.036	0.033
151.000	-4447.420	1.000	0.000	0.040	0.033
152.000	-4447.820	1.000	0.000	0.035	0.033
153.000	-4448.020	1.000	0.000	0.035	0.033
154.000	-4448.320	1.000	0.000	0.034	0.033
155.000	-4448.720	1.000	0.000	0.037	0.033
156.000	-4449.120	1.000	0.000	0.033	0.033
157.000	-4449.520	1.000	0.000	0.034	0.033
158.000	-4449.920	1.000	0.000	0.034	0.033
159.000	-4450.220	1.000	0.000	0.037	0.033
160.000	-4450.620	1.000	0.000	0.033	0.033
161.000	-4451.120	1.000	0.000	0.045	0.033
162.000	-4451.420	1.000	0.000	0.037	0.033
163.000	-4451.620	1.000	0.000	0.039	0.033
164.000	-4452.020	1.000	0.000	0.045	0.033
165.000	-4452.320	1.000	0.000	0.042	0.033
166.000	-4452.720	1.000	0.000	0.047	0.033
167.000	-4453.220	1.000	0.000	0.047	0.033
168.000	-4453.620	1.000	0.000	0.046	0.033
169.000	-4453.820	1.000	0.000	0.047	0.033
170.000	-4454.020	1.000	0.000	0.040	0.033
171.000	-4454.420	1.000	0.000	0.042	0.033
172.000	-4454.720	1.000	0.000	0.040	0.033
173.000	-4455.020	1.000	0.000	0.040	0.033
174.000	-4455.420	1.000	0.000	0.036	0.033
175.000	-4455.720	1.000	0.000	0.036	0.033
176.000	-4456.020	1.000	0.000	0.041	0.033
177.000	-4456.320	1.000	0.000	0.031	0.033
178.000	-4456.620	1.000	0.000	0.034	0.033
179.000	-4456.820	1.000	0.000	0.036	0.033
180.000	-4457.220	1.000	0.000	0.035	0.033
181.000	-4457.420	1.000	0.000	0.034	0.033
182.000	-4457.820	1.000	0.000	0.040	0.033
183.000	-4458.220	1.000	0.000	0.035	0.033
184.000	-4458.620	1.000	0.000	0.032	0.033
185.000	-4458.920	1.000	0.000	0.038	0.033
186.000	-4459.320	1.000	0.000	0.041	0.033
187.000	-4459.520	1.000	0.000	0.033	0.033
188.000	-4459.820	1.000	0.000	0.036	0.033
189.000	-4460.020	1.000	0.000	0.039	0.033
190.000	-4460.420	1.000	0.000	0.040	0.033
191.000	-4460.620	1.000	0.000	0.041	0.033
192.000	-4461.220	1.000	0.000	0.042	0.033
193.000	-4461.420	1.000	0.000	0.044	0.033
194.000	-4461.920	1.000	0.000	0.047	0.033
195.000	-4462.120	1.000	0.000	0.049	0.033
196.000	-4462.420	1.000	0.000	0.053	0.033
197.000	-4462.720	1.000	0.000	0.066	0.033
198.000	-4463.020	1.000	0.000	0.064	0.033
199.000	-4463.420	1.000	0.000	0.068	0.033
200.000	-4463.720	1.000	0.000	0.061	0.033
201.000	-4464.320	1.000	0.000	0.068	0.033
202.000	-4464.620	1.000	0.000	0.066	0.033
203.000	-4465.020	1.000	0.000	0.072	0.033
204.000	-4465.220	1.000	0.000	0.067	0.033
205.000	-4465.620	1.000	0.000	0.065	0.033
206.000	-4466.020	1.000	0.000	0.061	0.033
207.000	-4466.220	1.000	0.000	0.053	0.033
208.000	-4466.820	1.000	0.000	0.048	0.033
209.000	-4467.320	1.000	0.000	0.048	0.033
210.000	-4467.720	1.000	0.000	0.047	0.033
211.000	-4467.920	1.000	0.000	0.048	0.033
212.000	-4468.220	1.000	0.000	0.048	0.033
213.000	-4468.520	1.000	0.000	0.053	0.033
214.000	-4468.920	1.000	0.000	0.048	0.033
215.000	-4469.320	1.000	0.000	0.046	0.033
216.000	-4469.620	1.000	0.000	0.049	0.033
217.000	-4470.020	1.000	0.000	0.052	0.033
218.000	-4470.520	1.000	0.000	0.038	0.033
219.000	-4470.920	1.000	0.000	0.042	0.033
220.000	-4471.120	1.000	0.000	0.048	0.033
221.000	-4471.420	1.000	0.000	0.041	0.033
222.000	-4472.020	1.000	0.000	0.046	0.033
223.000	-4472.320	1.000	0.000	0.036	0.033
224.000	-4472.620	1.000	0.000	0.034	0.033
225.000	-4473.020	1.000	0.000	0.039	0.033
226.000	-4473.320	1.000	0.000	0.042	0.033
227.000	-4473.720	1.000	0.000	0.044	0.033
228.000	-4474.020	1.000	0.000	0.041	0.033
229.000	-4474.320	1.000	0.000	0.037	0.033
230.000	-4474.620	1.000	0.000	0.036	0.033
231.000	-4475.020	1.000	0.000	0.034	0.033
232.000	-4475.120	1.000	0.000	0.035	0.033
233.000	-4475.620	1.000	0.000	0.041	0.033
234.000	-4476.020	1.000	0.000	0.034	0.033
235.000	-4476.420	1.000	0.000	0.035	0.033
236.000	-4476.620	1.000	0.000	0.028	0.033
237.000	-4477.020	1.000	0.000	0.035	0.033
238.000	-4477.220	1.000	0.000	0.035	0.033
239.000	-4477.620	1.000	0.000	0.044	0.033
240.000	-4478.120	1.000	0.000	0.040	0.033
241.000	-4478.420	1.000	0.000	0.048	0.033
242.000	-4478.820	1.000	0.000	0.040	0.033
243.000	-4479.320	1.000	0.000	0.044	0.033
244.000	-4479.620	1.000	0.000	0.040	0.033
245.000	-4479.920	1.000	0.000	0.046	0.033
246.000	-4480.220	1.000	0.000	0.047	0.033
247.000	-4480.520	1.000	0.000	0.052	0.033
248.000	-4480.820	1.000	0.000	0.052	0.033
249.000	-4481.320	1.000	0.000	0.052	0.033
250.000	-4481.620	1.000	0.000	0.056	0.033
251.000	-4482.120	1.000	0.000	0.044	0.033
252.000	-4482.420	1.000	0.000	0.061	0.033
253.000	-4482.820	1.000	0.000	0.049	0.033
254.000	-4483.020	1.000	0.000	0.067	0.033
255.000	-4483.520	1.000	0.000	0.074	0.033
256.000	-4483.620	1.000	0.000	0.063	0.033
257.000	-4484.020	1.000	0.000	0.054	0.033
258.000	-4484.320	1.000	0.000	0.065	0.033
259.000	-4485.120	1.000	0.000	0.060	0.033
260.000	-4485.320	1.000	0.000	0.058	0.033
261.000	-4485.720	1.000	0.000	0.063	0.033
262.000	-4486.020	1.000	0.000	0.050	0.033
263.000	-4486.320	1.000	0.000	0.045	0.033
264.000	-4486.620	1.000	0.000	0.042	0.033
265.000	-4486.920	1.000	0.000	0.037	0.033
266.000	-4487.420	1.000	0.000	0.035	0.033
267.000	-4487.720	1.000	0.000	0.038	0.033
268.000	-4487.920	1.000	0.000	0.042	0.033
269.000	-4488.420	1.000	0.000	0.039	0.033
270.000	-4488.620	1.000	0.000	0.040	0.033
271.000	-4488.920	1.000	0.000	0.037	0.033
272.000	-4489.220	1.000	0.000	0.049	0.033
273.000	-4489.620	1.000	0.000	0.046	0.033
274.000	-4489.820	1.000	0.000	0.046	0.033
275.000	-4490.220	1.000	0.000	0.047	0.033
276.000	-4490.520	1.000	0.000	0.041	0.033
277.000	-4490.920	1.000	0.000	0.046	0.033
278.000	-4491.220	1.000	0.000	0.039	0.033
279.000	-4491.620	1.000	0.000	0.036	0.033
280.000	-4491.820	1.000	0.000	0.048	0.033
281.000	-4492.120	1.000	0.000	0.038	0.033
282.000	-4492.320	1.000	0.000	0.044	0.033
283.000	-4492.620	1.000	0.000	0.039	0.033
284.000	-4492.920	1.000	0.000	0.051	0.033
285.000	-4493.320	1.000	0.000	0.037	0.033
286.000	-4493.820	1.000	0.000	0.031	0.033
287.000	-4494.020	1.000	0.000	0.039	0.033
288.000	-4494.220	1.000	0.000	0.041	0.033
289.000	-4494.620	1.000	0.000	0.040	0.033
290.000	-4494.820	1.000	0.000	0.044	0.033
291.000	-4495.220	1.000	0.000	0.053	0.033
292.000	-4495.520	1.000	0.000	0.066	0.033
293.000	-4495.820	1.000	0.000	0.067	0.033
294.000	-4496.020	1.000	0.000	0.086	0.033
295.000	-4496.620	1.000	0.000	0.084	0.033
296.000	-4497.020	1.000	0.000	0.091	0.033
297.000	-4497.320	1.000	0.000	0.108	0.033
298.000	-4497.520	1.000	0.000	0.109	0.033
299.000	-4497.920	1.000	0.000	0.122	0.033
300.000	-4498.120	1.000	0.000	0.142	0.033
301.000	-4498.520	1.000	0.000	0.147	0.033
302.000	-4498.820	1.000	0.000	0.178	0.033
303.000	-4500.920	1.000	0.000	0.240	0.033
304.000	-4500.920	1.000	0.000	0.263	0.033
305.000	-4501.120	1.000	0.000	0.308	0.033
306.000	-4501.120	1.000	0.000	0.294	0.033
307.000	-4501.620	1.000	0.000	0.331	0.033
308.000	-4501.920	1.000	0.000	0.334	0.033
309.000	-4502.120	1.000	0.000	0.339	0.033
310.000	-4502.420	1.000	0.000	0.346	0.033
311.000	-4502.720	1.000	0.000	0.384	0.033
312.000	-4503.020	1.000	0.000	0.375	0.033
313.000	-4503.220	1.000	0.000	0.392	0.033
314.000	-4503.420	1.000	0.000	0.391	0.033
315.000	-4503.620	1.000	0.000	0.397	0.033
316.000	-4503.920	1.000	0.000	0.352	0.033
317.000	-4504.120	1.000	0.000	0.363	0.033
318.000	-4504.520	1.000	0.000	0.352	0.033
319.000	-4504.720	1.000	0.000	0.320	0.033
320.000	-4505.120	1.000	0.000	0.329	0.033
321.000	-4505.620	1.000	0.000	0.312	0.033
322.000	-4505.720	1.000	0.000	0.299	0.033
323.000	-4505.920	1.000	0.000	0.276	0.033
324.000	-4506.320	1.000	0.000	0.264	0.033
325.000	-4506.520	1.000	0.000	0.252	0.033
326.000	-4506.820	1.000	0.000	0.266	0.033
327.000	-4507.020	1.000	0.000	0.244	0.033
328.000	-4507.420	1.000	0.000	0.226	0.033
329.000	-4507.720	1.000	0.000	0.209	0.033
330.000	-4508.120	1.000	0.000	0.203	0.033
331.000	-4508.420	1.000	0.000	0.212	0.033
332.000	-4508.820	1.000	0.000	0.170	0.033
333.000	-4509.120	1.000	0.000	0.177	0.033
334.000	-4509.320	1.000	0.000	0.160	0.033
335.000	-4509.520	1.000	0.000	0.145	0.033
336.000	-4509.920	1.000	0.000	0.123	0.033
337.000	-4510.220	1.000	0.000	0.125	0.033
338.000	-4510.620	1.000	0.000	0.128	0.033
339.000	-4510.920	1.000	0.000	0.123	0.033
340.000	-4511.420	1.000	0.000	0.110	0.033
341.000	-4511.820	1.000	0.000	0.114	0.033
342.000	-4512.120	1.000	0.000	0.116	0.033
343.000	-4512.320	1.000	0.000	0.118	0.033
344.000	-4512.920	1.000	0.000	0.109	0.033
345.000	-4513.120	1.000	0.000	0.134	0.033
346.000	-4513.420	1.000	0.000	0.126	0.033
347.000	-4514.020	1.000	0.000	0.149	0.033
348.000	-4514.420	1.000	0.000	0.133	0.033
349.000	-4514.720	1.000	0.000	0.156	0.033
350.000	-4515.020	1.000	0.000	0.135	0.033
351.000	-4515.420	1.000	0.000	0.160	0.033
352.000	-4515.720	1.000	0.000	0.189	0.033
353.000	-4516.120	1.000	0.000	0.172	0.033
354.000	-4516.420	1.000	0.000	0.201	0.033
355.000	-4517.020	1.000	0.000	0.191	0.033
356.000	-4517.320	1.000	0.000	0.226	0.033
357.000	-4517.720	1.000	0.000	0.227	0.033
358.000	-4518.120	1.000	0.000	0.252	0.033
359.000	-4518.420	1.000	0.000	0.251	0.033
360.000	-4518.620	1.000	0.000	0.273	0.033
361.000	-4519.020	1.000	0.000	0.307	0.033
362.000	-4519.520	1.000	0.000	0.292	0.033
363.000	-4520.020	1.000	0.000	0.333	0.033
364.000	-4520.320	1.000	0.000	0.332	0.033
365.000	-4520.820	1.000	0.000	0.391	0.033
366.000	-4521.020	1.000	0.000	0.345	0.033
367.000	-4521.520	1.000	0.000	0.332	0.033
368.000	-4521.820	1.000	0.000	0.318	0.033
369.000	-4522.220	1.000	0.000	0.282	0.033
370.000	-4522.520	1.000	0.000	0.302	0.033
371.000	-4522.920	1.000	0.000	0.262	0.033
372.000	-4523.420	1.000	0.000	0.289	0.033
373.000	-4523.620	1.000	0.000	0.226	0.033
374.000	-4524.020	1.000	0.000	0.176	0.033
375.000	-4524.220	1.000	0.000	0.177	0.033
376.000	-4524.520	1.000	0.000	0.177	0.033
377.000	-4524.920	1.000	0.000	0.142	0.033
378.000	-4525.420	1.000	0.000	0.169	0.033
379.000	-4525.820	1.000	0.000	0.156	0.033
380.000	-4526.120	1.000	0.000	0.198	0.033
381.000	-4526.320	1.000	0.000	0.202	0.033
382.000	-4526.720	1.000	0.000	0.224	0.033
383.000	-4526.920	1.000	0.000	0.281	0.033
384.000	-4527.320	1.000	0.000	0.266	0.033
385.000	-4527.720	1.000	0.000	0.299	0.033
386.000	-4527.920	1.000	0.000	0.289	0.033
387.000	-4528.320	1.000	0.000	0.316	0.033
388.000	-4528.620	1.000	0.000	0.312	0.033
389.000	-4528.920	1.000	0.000	0.305	0.033
390.000	-4529.320	1.000	0.000	0.305	0.033
391.000	-4529.520	1.000	0.000	0.271	0.033
392.000	-4529.720	1.000	0.000	0.260	0.033
393.000	-4530.020	1.000	0.000	0.216	0.033
394.000	-4530.220	1.000	0.000	0.194	0.033
395.000	-4530.620	1.000	0.000	0.179	0.033
396.000	-4530.820	1.000	0.000	0.118	0.033
397.000	-4531.320	1.000	0.000	0.104	0.033
398.000	-4531.820	1.000	0.000	0.078	0.033
399.000	-4532.120	1.000	0.000	0.071	0.033
400.000	-4532.420	1.000	0.000	0.076	0.033
401.000	-4532.720	1.000	0.000	0.065	0.033
402.000	-4533.020	1.000	0.000	0.062	0.033
403.000	-4533.420	1.000	0.000	0.079	0.033
404.000	-4533.820	1.000	0.000	0.064	0.033
405.000	-4534.220	1.000	0.000	0.070	0.033
406.000	-4534.720	1.000	0.000	0.063	0.033
407.000	-4535.120	1.000	0.000	0.074	0.033
408.000	-4535.320	1.000	0.000	0.063	0.033
409.000	-4535.820	1.000	0.000	0.067	0.033
410.000	-4536.220	1.000	0.000	0.059	0.033
411.000	-4536.520	1.000	0.000	0.060	0.033
412.000	-4536.720	1.000	0.000	0.063	0.033
413.000	-4537.320	1.000	0.000	0.065	0.033
414.000	-4537.920	1.000	0.000	0.069	0.033
415.000	-4538.320	1.000	0.000	0.065	0.033
416.000	-4538.620	1.000	0.000	0.068	0.033
417.000	-4538.920	1.000	0.000	0.060	0.033
418.000	-4539.420	1.000	0.000	0.066	0.033
419.000	-4539.620	1.000	0.000	0.062	0.033
420.000	-4540.120	1.000	0.000	0.060	0.033
421.000	-4540.420	1.000	0.000	0.067	0.033
422.000	-4540.920	1.000	0.000	0.056	0.033
423.000	-4541.320	1.000	0.000	0.046	0.033
424.000	-4541.620	1.000	0.000	0.057	0.033
425.000	-4542.020	1.000	0.000	0.050	0.033
426.000	-4542.220	1.000	0.000	0.054	0.033
427.000	-4542.520	1.000	0.000	0.047	0.033
428.000	-4543.220	1.000	0.000	0.044	0.033
429.000	-4543.420	1.000	0.000	0.041	0.033
430.000	-4543.920	1.000	0.000	0.041	0.033
431.000	-4544.320	1.000	0.000	0.044	0.033
432.000	-4544.620	1.000	0.000	0.039	0.033
433.000	-4544.820	1.000	0.000	0.037	0.033
434.000	-4545.320	1.000	0.000	0.037	0.033
435.000	-4545.520	1.000	0.000	0.032	0.033
436.000	-4546.120	1.000	0.000	0.034	0.033
437.000	-4546.420	1.000	0.000	0.039	0.033
438.000	-4546.820	1.000	0.000	0.031	0.033
439.000	-4547.120	1.000	0.000	0.041	0.033
440.000	-4547.620	1.000	0.000	0.037	0.033
441.000	-4547.820	1.000	0.000	0.037	0.033
442.000	-4548.220	1.000	0.000	0.034	0.033
443.000	-4548.620	1.000	0.000	0.037	0.033
444.000	-4549.020	1.000	0.000	0.042	0.033
445.000	-4549.520	1.000	0.000	0.044	0.033
446.000	-4550.020	1.000	0.000	0.044	0.033
447.000	-4550.220	1.000	0.000	0.030	0.033
448.000	-4550.420	1.000	0.000	0.039	0.033
449.000	-4550.620	1.000	0.000	0.046	0.033
450.000	-4551.220	1.000	0.000	0.036	0.033
451.000	-4551.620	1.000	0.000	0.041	0.033
452.000	-4552.120	1.000	0.000	0.040	0.033
453.000	-4552.520	1.000	0.000	0.042	0.033
454.000	-4552.720	1.000	0.000	0.041	0.033
455.000	-4553.120	1.000	0.000	0.036	0.033
456.000	-4553.520	1.000	0.000	0.053	0.033
457.000	-4553.720	1.000	0.000	0.039	0.033
458.000	-4554.020	1.000	0.000	0.049	0.033
459.000	-4554.420	1.000	0.000	0.044	0.033
460.000	-4554.720	1.000	0.000	0.045	0.033
461.000	-4555.220	1.000	0.000	0.047	0.033
462.000	-4555.520	1.000	0.000	0.045	0.033
463.000	-4555.920	1.000	0.000	0.049	0.033
464.000	-4556.220	1.000	0.000	0.049	0.033
465.000	-4556.420	1.000	0.000	0.059	0.033
466.000	-4556.820	1.000	0.000	0.058	0.033
467.000	-4557.320	1.000	0.000	0.056	0.033
468.000	-4557.620	1.000	0.000	0.060	0.033
469.000	-4558.120	1.000	0.000	0.067	0.033
470.000	-4558.420	1.000	0.000	0.059	0.033
471.000	-4558.820	1.000	0.000	0.043	0.033
472.000	-4559.020	1.000	0.000	0.054	0.033
473.000	-4559.320	1.000	0.000	0.055	0.033
474.000	-4559.420	1.000	0.000	0.052	0.033
475.000	-4559.920	1.000	0.000	0.050	0.033
476.000	-4560.220	1.000	0.000	0.051	0.033
477.000	-4560.420	1.000	0.000	0.041	0.033
478.000	-4561.120	1.000	0.000	0.048	0.033
479.000	-4561.520	1.000	0.000	0.047	0.033
480.000	-4561.720	1.000	0.000	0.040	0.033
481.000	-4561.920	1.000	0.000	0.038	0.033
482.000	-4562.220	1.000	0.000	0.041	0.033
483.000	-4562.420	1.000	0.000	0.042	0.033
484.000	-4562.620	1.000	0.000	0.041	0.033
485.000	-4562.920	1.000	0.000	0.041	0.033
486.000	-4563.220	1.000	0.000	0.050	0.033
487.000	-4563.720	1.000	0.000	0.042	0.033
488.000	-4564.020	1.000	0.000	0.042	0.033
489.000	-4564.320	1.000	0.000	0.052	0.033
490.000	-4564.620	1.000	0.000	0.047	0.033
491.000	-4565.020	1.000	0.000	0.047	0.033
492.000	-4565.120	1.000	0.000	0.053	0.033
493.000	-4565.620	1.000	0.000	0.056	0.033
494.000	-4565.820	1.000	0.000	0.052	0.033
495.000	-4566.220	1.000	0.000	0.044	0.033
496.000	-4566.520	1.000	0.000	0.041	0.033
497.000	-4567.120	1.000	0.000	0.046	0.033
498.000	-4567.320	1.000	0.000	0.042	0.033
499.000	-4567.620	1.000	0.000	0.046	0.033
500.000	-4568.020	1.000	0.000	0.033	0.033
501.000	-4568.320	1.000	0.000	0.037	0.033
502.000	-4568.620	1.000	0.000	0.039	0.033
503.000	-4568.920	1.000	0.000	0.038	0.033
504.000	-4569.320	1.000	0.000	0.039	0.033
505.000	-4569.820	1.000	0.000	0.042	0.033
506.000	-4570.220	1.000	0.000	0.040	0.033
507.000	-4570.420	1.000	0.000	0.033	0.033
508.000	-4570.820	1.000	0.000	0.043	0.033
509.000	-4571.020	1.000	0.000	0.032	0.033
510.000	-4571.420	1.000	0.000	0.036	0.033
511.000	-4571.620	1.000	0.000	0.036	0.033
512.000	-4572.020	1.000	0.000	0.040	0.033
513.000	-4572.520	1.000	0.000	0.032	0.033
514.000	-4572.920	1.000	0.000	0.042	0.033
515.000	-4573.220	1.000	0.000	0.033	0.033
516.000	-4573.620	1.000	0.000	0.044	0.033
517.000	-4573.820	1.000	0.000	0.037	0.033
518.000	-4574.320	1.000	0.000	0.028	0.033
519.000	-4574.520	1.000	0.000	0.034	0.033
520.000	-4574.820	1.000	0.000	0.028	0.033
521.000	-4575.420	1.000	0.000	0.044	0.033
522.000	-4575.720	1.000	0.000	0.044	0.033
523.000	-4576.220	1.000	0.000	0.039	0.033
524.000	-4576.320	1.000	0.000	0.039	0.033
525.000	-4576.720	1.000	0.000	0.036	0.033
526.000	-4577.020	1.000	0.000	0.030	0.033
527.000	-4577.120	1.000	0.000	0.043	0.033
528.000	-4577.620	1.000	0.000	0.037	0.033
529.000	-4577.920	1.000	0.000	0.037	0.033
530.000	-4578.420	1.000	0.000	0.042	0.033
531.000	-4578.820	1.000	0.000	0.043	0.033
532.000	-4579.120	1.000	0.000	0.033	0.033
533.000	-4579.220	1.000	0.000	0.043	0.033
534.000	-4579.620	1.000	0.000	0.036	0.033
535.000	-4579.920	1.000	0.000	0.040	0.033
536.000	-4580.320	1.000	0.000	0.031	0.033
537.000	-4580.620	1.000	0.000	0.032	0.033
538.000	-4580.920	1.000	0.000	0.034	0.033
539.000	-4581.420	1.000	0.000	0.037	0.033
540.000	-4581.720	1.000	0.000	0.034	0.033
541.000	-4582.120	1.000	0.000	0.041	0.033
542.000	-4582.420	1.000	0.000	0.034	0.033
543.000	-4582.720	1.000	0.000	0.035	0.033
544.000	-4583.120	1.000	0.000	0.036	0.033
545.000	-4583.420	1.000	0.000	0.032	0.033
546.000	-4583.820	1.000	0.000	0.031	0.033
547.000	-4584.220	1.000	0.000	0.031	0.033
548.000	-4584.820	1.000	0.000	0.031	0.033
549.000	-4585.020	1.000	0.000	0.042	0.033
550.000	-4585.320	1.000	0.000	0.033	0.033
551.000	-4585.620	1.000	0.000	0.037	0.033
552.000	-4586.020	1.000	0.000	0.034	0.033
553.000	-4586.420	1.000	0.000	0.040	0.033
554.000	-4587.020	1.000	0.000	0.035	0.033
555.000	-4587.320	1.000	0.000	0.032	0.033
556.000	-4587.720	1.000	0.000	0.034	0.033
557.000	-4588.020	1.000	0.000	0.034	0.033
558.000	-4588.420	1.000	0.000	0.035	0.033
559.000	-4588.820	1.000	0.000	0.036	0.033
560.000	-4589.120	1.000	0.000	0.039	0.033
561.000	-4589.520	1.000	0.000	0.034	0.033
562.000	-4589.920	1.000	0.000	0.043	0.033
563.000	-4590.220	1.000	0.000	0.034	0.033
564.000	-4590.720	1.000	0.000	0.033	0.033
565.000	-4591.220	1.000	0.000	0.036	0.033
566.000	-4591.420	1.000	0.000	0.031	0.033
567.000	-4592.320	1.000	0.000	0.037	0.033
568.000	-4592.520	1.000	0.000	0.034	0.033
569.000	-4592.920	1.000	0.000	0.036	0.033
570.000	-4593.120	1.000	0.000	0.042	0.033
571.000	-4593.520	1.000	0.000	0.032	0.033
572.000	-4593.920	1.000	0.000	0.040	0.033
573.000	-4594.220	1.000	0.000	0.025	0.033
574.000	-4594.520	1.000	0.000	0.037	0.033
575.000	-4594.820	1.000	0.000	0.030	0.033
576.000	-4595.120	1.000	0.000	0.032	0.033
577.000	-4595.420	1.000	0.000	0.040	0.033
578.000	-4595.920	1.000	0.000	0.034	0.033
579.000	-4596.420	1.000	0.000	0.041	0.033
580.000	-4596.620	1.000	0.000	0.035	0.033
581.000	-4596.920	1.000	0.000	0.032	0.033
582.000	-4597.120	1.000	0.000	0.034	0.033
583.000	-4597.520	1.000	0.000	0.040	0.033
584.000	-4597.720	1.000	0.000	0.034	0.033
585.000	-4598.120	1.000	0.000	0.039	0.033
586.000	-4598.320	1.000	0.000	0.030	0.033
587.000	-4598.820	1.000	0.000	0.031	0.033
588.000	-4599.120	1.000	0.000	0.042	0.033
589.000	-4599.620	1.000	0.000	0.038	0.033
590.000	-4599.920	1.000	0.000	0.027	0.033
591.000	-4600.120	1.000	0.000	0.038	0.033
592.000	-4600.320	1.000	0.000	0.034	0.033
593.000	-4600.720	1.000	0.000	0.032	0.033
594.000	-4601.020	1.000	0.000	0.032	0.033
595.000	-4601.620	1.000	0.000	0.037	0.033
596.000	-4601.920	1.000	0.000	0.023	0.033
597.000	-4602.420	1.000	0.000	0.030	0.033
598.000	-4602.720	1.000	0.000	0.025	0.033
599.000	-4603.120	1.000	0.000	0.032	0.033
600.000	-4603.220	1.000	0.000	0.023	0.033
601.000	-4603.620	1.000	0.000	0.023	0.033
602.000	-4604.020	1.000	0.000	0.030	0.033
603.000	-4604.420	1.000	0.000	0.037	0.033
604.000	-4604.820	1.000	0.000	0.033	0.033
605.000	-4605.220	1.000	0.000	0.029	0.033
606.000	-4605.720	1.000	0.000	0.030	0.033
607.000	-4605.920	1.000	0.000	0.035	0.033
608.000	-4606.120	1.000	0.000	0.032	0.033
609.000	-4606.620	1.000	0.000	0.028	0.033
610.000	-4607.120	1.000	0.000	0.034	0.033
611.000	-4607.620	1.000	0.000	0.033	0.033
612.000	-4607.820	1.000	0.000	0.031	0.033
613.000	-4608.220	1.000	0.000	0.031	0.033
614.000	-4608.620	1.000	0.000	0.029	0.033
615.000	-4609.020	1.000	0.000	0.035	0.033
616.000	-4609.220	1.000	0.000	0.038	0.033
617.000	-4609.720	1.000	0.000	0.034	0.033
618.000	-4610.320	1.000	0.000	0.034	0.033
619.000	-4610.620	1.000	0.000	0.034	0.033
620.000	-4610.820	1.000	0.000	0.037	0.033
621.000	-4611.220	1.000	0.000	0.034	0.033
622.000	-4611.720	1.000	0.000	0.031	0.033
623.000	-4612.020	1.000	0.000	0.036	0.033
624.000	-4612.320	1.000	0.000	0.043	0.033
625.000	-4612.620	1.000	0.000	0.024	0.033
626.000	-4613.120	1.000	0.000	0.023	0.033
627.000	-4613.320	1.000	0.000	0.037	0.033
628.000	-4613.920	1.000	0.000	0.032	0.033
629.000	-4614.420	1.000	0.000	0.039	0.033
630.000	-4614.620	1.000	0.000	0.036	0.033
631.000	-4615.120	1.000	0.000	0.028	0.033
632.000	-4615.320	1.000	0.000	0.026	0.033
633.000	-4615.520	1.000	0.000	0.027	0.033
634.000	-4616.120	1.000	0.000	0.033	0.033
635.000	-4616.520	1.000	0.000	0.029	0.033
636.000	-4616.920	1.000	0.000	0.036	0.033
637.000	-4617.120	1.000	0.000	0.034	0.033
638.000	-4617.520	1.000	0.000	0.037	0.033
639.000	-4617.820	1.000	0.000	0.032	0.033
640.000	-4618.320	1.000	0.000	0.042	0.033
641.000	-4618.420	1.000	0.000	0.042	0.033
642.000	-4619.120	1.000	0.000	0.036	0.033
643.000	-4619.720	1.000	0.000	0.036	0.033
644.000	-4619.920	1.000	0.000	0.035	0.033
645.000	-4620.220	1.000	0.000	0.031	0.033
646.000	-4620.520	1.000	0.000	0.036	0.033
647.000	-4620.920	1.000	0.000	0.039	0.033
648.000	-4621.220	1.000	0.000	0.031	0.033
649.000	-4621.520	1.000	0.000	0.033	0.033
650.000	-4622.020	1.000	0.000	0.032	0.033
651.000	-4622.520	1.000	0.000	0.031	0.033
652.000	-4622.820	1.000	0.000	0.029	0.033
653.000	-4623.220	1.000	0.000	0.026	0.033
654.000	-4623.420	1.000	0.000	0.024	0.033
655.000	-4623.820	1.000	0.000	0.032	0.033
656.000	-4624.120	1.000	0.000	0.026	0.033
657.000	-4624.520	1.000	0.000	0.038	0.033
658.000	-4624.920	1.000	0.000	0.028	0.033
659.000	-4625.420	1.000	0.000	0.032	0.033
660.000	-4625.720	1.000	0.000	0.026	0.033
661.000	-4626.020	1.000	0.000	0.035	0.033
662.000	-4626.320	1.000	0.000	0.039	0.033
663.000	-4626.720	1.000	0.000	0.034	0.033
664.000	-4626.920	1.000	0.000	0.033	0.033
665.000	-4627.420	1.000	0.000	0.033	0.033
666.000	-4627.920	1.000	0.000	0.045	0.033
667.000	-4628.120	1.000	0.000	0.031	0.033
668.000	-4628.720	1.000	0.000	0.034	0.033
669.000	-4628.920	1.000	0.000	0.036	0.033
670.000	-4629.320	1.000	0.000	0.028	0.033
671.000	-4629.520	1.000	0.000	0.034	0.033
672.000	-4629.920	1.000	0.000	0.030	0.033
673.000	-4630.220	1.000	0.000	0.031	0.033
674.000	-4630.720	1.000	0.000	0.033	0.033
675.000	-4631.120	1.000	0.000	0.036	0.033
676.000	-4631.520	1.000	0.000	0.041	0.033
677.000	-4631.720	1.000	0.000	0.028	0.033
678.000	-4632.020	1.000	0.000	0.027	0.033
679.000	-4632.220	1.000	0.000	0.032	0.033
680.000	-4632.620	1.000	0.000	0.027	0.033
681.000	-4632.920	1.000	0.000	0.035	0.033
682.000	-4633.320	1.000	0.000	0.028	0.033
683.000	-4633.720	1.000	0.000	0.031	0.033
684.000	-4633.820	1.000	0.000	0.031	0.033
685.000	-4634.420	1.000	0.000	0.027	0.033
686.000	-4634.820	1.000	0.000	0.029	0.033
687.000	-4635.020	1.000	0.000	0.026	0.033
688.000	-4635.320	1.000	0.000	0.037	0.033
689.000	-4635.520	1.000	0.000	0.036	0.033
690.000	-4635.920	1.000	0.000	0.028	0.033
