# Title: Dye Laser Frequency Scan, MW -8 dB, +0 V Static, Sideband strength vs. MW Power
# Note:	Dye Frequency Scan at n=27 +/- 3 f_MW , +0 V static, MW at -8 dB Attn. Looking for change in sideband strength with MW Power
# Type:	Frequency
# Hittite Freq:	18510.2 MHz
# Hittite: Power	14 dBm
# Laser Freq:	NaN
# Laser Mod:	NaN
# Laser Mod Attn:	MAX
# MW Attn:	8.0 dB
# Delay:	1000 ns
# MW Off:	-200 to +100 ns
# Top w/o Static:	0
# Static:	0 V
# Static Off:	NaN
i	f	n	nb	s	sb
0.000	-4644.920	1.000	0.000	0.003	0.002
1.000	-4644.920	1.000	0.000	0.004	0.002
2.000	-4644.720	1.000	0.000	0.003	0.002
3.000	-4644.520	1.000	0.000	0.000	0.002
4.000	-4644.220	1.000	0.000	0.004	0.002
5.000	-4643.920	1.000	0.000	0.003	0.002
6.000	-4643.920	1.000	0.000	0.001	0.002
7.000	-4643.620	1.000	0.000	0.004	0.002
8.000	-4643.320	1.000	0.000	0.005	0.002
9.000	-4643.120	1.000	0.000	0.002	0.002
10.000	-4642.920	1.000	0.000	0.004	0.002
11.000	-4642.720	1.000	0.000	0.006	0.002
12.000	-4642.320	1.000	0.000	0.000	0.002
13.000	-4642.120	1.000	0.000	0.001	0.002
14.000	-4641.820	1.000	0.000	0.001	0.002
15.000	-4641.320	1.000	0.000	0.000	0.002
16.000	-4641.020	1.000	0.000	0.001	0.002
17.000	-4640.720	1.000	0.000	0.007	0.002
18.000	-4640.320	1.000	0.000	0.007	0.002
19.000	-4639.920	1.000	0.000	0.004	0.002
20.000	-4639.720	1.000	0.000	0.006	0.002
21.000	-4639.520	1.000	0.000	0.005	0.002
22.000	-4639.020	1.000	0.000	0.000	0.002
23.000	-4638.620	1.000	0.000	0.005	0.002
24.000	-4638.320	1.000	0.000	0.006	0.002
25.000	-4637.820	1.000	0.000	-0.003	0.002
26.000	-4637.520	1.000	0.000	0.002	0.002
27.000	-4637.220	1.000	0.000	0.000	0.002
28.000	-4636.920	1.000	0.000	0.001	0.002
29.000	-4636.720	1.000	0.000	0.002	0.002
30.000	-4636.220	1.000	0.000	0.005	0.002
31.000	-4636.020	1.000	0.000	0.004	0.002
32.000	-4635.420	1.000	0.000	-0.003	0.002
33.000	-4635.020	1.000	0.000	0.003	0.002
34.000	-4634.720	1.000	0.000	0.001	0.002
35.000	-4634.420	1.000	0.000	0.000	0.002
36.000	-4634.120	1.000	0.000	-0.001	0.002
37.000	-4633.820	1.000	0.000	0.001	0.002
38.000	-4633.420	1.000	0.000	0.003	0.002
39.000	-4633.020	1.000	0.000	0.004	0.002
40.000	-4632.620	1.000	0.000	-0.004	0.002
41.000	-4632.220	1.000	0.000	0.005	0.002
42.000	-4631.820	1.000	0.000	-0.001	0.002
43.000	-4631.620	1.000	0.000	0.000	0.002
44.000	-4631.420	1.000	0.000	-0.002	0.002
45.000	-4631.120	1.000	0.000	-0.001	0.002
46.000	-4630.920	1.000	0.000	0.004	0.002
47.000	-4630.520	1.000	0.000	0.002	0.002
48.000	-4630.220	1.000	0.000	0.004	0.002
49.000	-4629.920	1.000	0.000	0.003	0.002
50.000	-4629.520	1.000	0.000	0.006	0.002
51.000	-4629.120	1.000	0.000	0.004	0.002
52.000	-4628.920	1.000	0.000	-0.003	0.002
53.000	-4628.520	1.000	0.000	0.003	0.002
54.000	-4628.420	1.000	0.000	0.004	0.002
55.000	-4628.020	1.000	0.000	0.006	0.002
56.000	-4627.720	1.000	0.000	0.004	0.002
57.000	-4627.420	1.000	0.000	0.004	0.002
58.000	-4627.120	1.000	0.000	0.003	0.002
59.000	-4626.720	1.000	0.000	0.004	0.002
60.000	-4626.320	1.000	0.000	0.006	0.002
61.000	-4626.020	1.000	0.000	0.002	0.002
62.000	-4625.820	1.000	0.000	0.008	0.002
63.000	-4625.420	1.000	0.000	0.003	0.002
64.000	-4625.320	1.000	0.000	0.006	0.002
65.000	-4624.820	1.000	0.000	0.005	0.002
66.000	-4624.620	1.000	0.000	0.004	0.002
67.000	-4624.120	1.000	0.000	0.003	0.002
68.000	-4623.720	1.000	0.000	0.006	0.002
69.000	-4623.320	1.000	0.000	0.005	0.002
70.000	-4623.120	1.000	0.000	0.001	0.002
71.000	-4622.920	1.000	0.000	0.005	0.002
72.000	-4622.520	1.000	0.000	0.000	0.002
73.000	-4622.120	1.000	0.000	0.004	0.002
74.000	-4621.920	1.000	0.000	-0.002	0.002
75.000	-4621.520	1.000	0.000	-0.003	0.002
76.000	-4621.020	1.000	0.000	-0.001	0.002
77.000	-4620.820	1.000	0.000	0.005	0.002
78.000	-4620.520	1.000	0.000	0.006	0.002
79.000	-4620.220	1.000	0.000	0.003	0.002
80.000	-4619.920	1.000	0.000	0.005	0.002
81.000	-4619.520	1.000	0.000	0.004	0.002
82.000	-4619.320	1.000	0.000	-0.000	0.002
83.000	-4618.920	1.000	0.000	0.002	0.002
84.000	-4618.720	1.000	0.000	0.006	0.002
85.000	-4618.120	1.000	0.000	0.004	0.002
86.000	-4617.620	1.000	0.000	-0.002	0.002
87.000	-4617.220	1.000	0.000	0.005	0.002
88.000	-4616.920	1.000	0.000	0.009	0.002
89.000	-4616.620	1.000	0.000	0.007	0.002
90.000	-4616.320	1.000	0.000	0.007	0.002
91.000	-4616.120	1.000	0.000	0.005	0.002
92.000	-4615.520	1.000	0.000	0.012	0.002
93.000	-4615.120	1.000	0.000	0.007	0.002
94.000	-4614.720	1.000	0.000	0.008	0.002
95.000	-4614.420	1.000	0.000	0.007	0.002
96.000	-4614.120	1.000	0.000	0.007	0.002
97.000	-4613.720	1.000	0.000	0.014	0.002
98.000	-4613.420	1.000	0.000	0.020	0.002
99.000	-4612.920	1.000	0.000	0.019	0.002
100.000	-4612.520	1.000	0.000	0.022	0.002
101.000	-4612.120	1.000	0.000	0.011	0.002
102.000	-4611.820	1.000	0.000	0.013	0.002
103.000	-4611.520	1.000	0.000	0.009	0.002
104.000	-4611.320	1.000	0.000	0.010	0.002
105.000	-4610.820	1.000	0.000	0.003	0.002
106.000	-4610.620	1.000	0.000	0.003	0.002
107.000	-4610.320	1.000	0.000	0.005	0.002
108.000	-4609.820	1.000	0.000	0.003	0.002
109.000	-4609.420	1.000	0.000	0.004	0.002
110.000	-4609.020	1.000	0.000	0.004	0.002
111.000	-4608.720	1.000	0.000	0.003	0.002
112.000	-4608.320	1.000	0.000	0.003	0.002
113.000	-4608.120	1.000	0.000	0.007	0.002
114.000	-4607.820	1.000	0.000	0.008	0.002
115.000	-4607.420	1.000	0.000	0.007	0.002
116.000	-4606.920	1.000	0.000	0.006	0.002
117.000	-4606.520	1.000	0.000	-0.003	0.002
118.000	-4606.020	1.000	0.000	0.006	0.002
119.000	-4605.720	1.000	0.000	0.005	0.002
120.000	-4605.420	1.000	0.000	0.005	0.002
121.000	-4605.120	1.000	0.000	0.005	0.002
122.000	-4604.720	1.000	0.000	0.003	0.002
123.000	-4604.320	1.000	0.000	-0.001	0.002
124.000	-4603.720	1.000	0.000	0.003	0.002
125.000	-4603.220	1.000	0.000	0.003	0.002
126.000	-4603.020	1.000	0.000	0.004	0.002
127.000	-4602.420	1.000	0.000	0.004	0.002
128.000	-4602.220	1.000	0.000	0.004	0.002
129.000	-4601.920	1.000	0.000	0.005	0.002
130.000	-4601.620	1.000	0.000	0.008	0.002
131.000	-4601.320	1.000	0.000	0.006	0.002
132.000	-4600.920	1.000	0.000	0.000	0.002
133.000	-4600.520	1.000	0.000	0.002	0.002
134.000	-4600.020	1.000	0.000	0.008	0.002
135.000	-4599.820	1.000	0.000	0.008	0.002
136.000	-4599.220	1.000	0.000	0.011	0.002
137.000	-4599.020	1.000	0.000	0.009	0.002
138.000	-4598.620	1.000	0.000	0.009	0.002
139.000	-4598.220	1.000	0.000	0.012	0.002
140.000	-4598.020	1.000	0.000	0.012	0.002
141.000	-4597.620	1.000	0.000	0.013	0.002
142.000	-4597.220	1.000	0.000	0.008	0.002
143.000	-4596.820	1.000	0.000	0.010	0.002
144.000	-4596.620	1.000	0.000	0.012	0.002
145.000	-4596.320	1.000	0.000	0.006	0.002
146.000	-4596.020	1.000	0.000	0.006	0.002
147.000	-4595.720	1.000	0.000	0.010	0.002
148.000	-4595.320	1.000	0.000	0.006	0.002
149.000	-4595.120	1.000	0.000	0.007	0.002
150.000	-4594.520	1.000	0.000	0.003	0.002
151.000	-4594.220	1.000	0.000	0.007	0.002
152.000	-4593.820	1.000	0.000	0.002	0.002
153.000	-4593.620	1.000	0.000	0.001	0.002
154.000	-4593.420	1.000	0.000	0.002	0.002
155.000	-4593.020	1.000	0.000	0.006	0.002
156.000	-4592.720	1.000	0.000	0.000	0.002
157.000	-4592.320	1.000	0.000	0.000	0.002
158.000	-4591.820	1.000	0.000	0.008	0.002
159.000	-4591.420	1.000	0.000	0.005	0.002
160.000	-4591.220	1.000	0.000	0.003	0.002
161.000	-4590.920	1.000	0.000	0.007	0.002
162.000	-4590.520	1.000	0.000	0.009	0.002
163.000	-4590.120	1.000	0.000	0.006	0.002
164.000	-4589.920	1.000	0.000	0.004	0.002
165.000	-4589.620	1.000	0.000	0.005	0.002
166.000	-4589.120	1.000	0.000	0.007	0.002
167.000	-4588.820	1.000	0.000	0.010	0.002
168.000	-4588.320	1.000	0.000	0.015	0.002
169.000	-4587.920	1.000	0.000	0.012	0.002
170.000	-4587.520	1.000	0.000	0.015	0.002
171.000	-4587.320	1.000	0.000	0.026	0.002
172.000	-4586.820	1.000	0.000	0.023	0.002
173.000	-4586.620	1.000	0.000	0.023	0.002
174.000	-4586.120	1.000	0.000	0.025	0.002
175.000	-4585.620	1.000	0.000	0.028	0.002
176.000	-4585.420	1.000	0.000	0.027	0.002
177.000	-4583.620	1.000	0.000	0.020	0.002
178.000	-4583.520	1.000	0.000	0.013	0.002
179.000	-4583.420	1.000	0.000	0.010	0.002
180.000	-4583.020	1.000	0.000	0.009	0.002
181.000	-4582.720	1.000	0.000	0.003	0.002
182.000	-4582.420	1.000	0.000	0.008	0.002
183.000	-4582.120	1.000	0.000	0.005	0.002
184.000	-4581.820	1.000	0.000	0.006	0.002
185.000	-4581.620	1.000	0.000	0.007	0.002
186.000	-4581.220	1.000	0.000	0.004	0.002
187.000	-4580.920	1.000	0.000	0.006	0.002
188.000	-4580.520	1.000	0.000	0.003	0.002
189.000	-4580.120	1.000	0.000	0.009	0.002
190.000	-4579.720	1.000	0.000	0.000	0.002
191.000	-4579.320	1.000	0.000	0.005	0.002
192.000	-4578.920	1.000	0.000	0.007	0.002
193.000	-4578.620	1.000	0.000	0.004	0.002
194.000	-4578.420	1.000	0.000	0.006	0.002
195.000	-4578.120	1.000	0.000	-0.000	0.002
196.000	-4577.720	1.000	0.000	0.005	0.002
197.000	-4577.220	1.000	0.000	0.005	0.002
198.000	-4576.720	1.000	0.000	0.007	0.002
199.000	-4576.320	1.000	0.000	0.002	0.002
200.000	-4576.020	1.000	0.000	0.006	0.002
201.000	-4575.720	1.000	0.000	0.004	0.002
202.000	-4575.420	1.000	0.000	0.003	0.002
203.000	-4574.920	1.000	0.000	0.003	0.002
204.000	-4574.620	1.000	0.000	-0.002	0.002
205.000	-4574.220	1.000	0.000	0.004	0.002
206.000	-4573.720	1.000	0.000	0.003	0.002
207.000	-4573.420	1.000	0.000	-0.001	0.002
208.000	-4573.220	1.000	0.000	0.004	0.002
209.000	-4572.820	1.000	0.000	0.005	0.002
210.000	-4572.520	1.000	0.000	0.000	0.002
211.000	-4572.120	1.000	0.000	0.003	0.002
212.000	-4571.720	1.000	0.000	0.002	0.002
213.000	-4571.320	1.000	0.000	0.006	0.002
214.000	-4570.920	1.000	0.000	0.003	0.002
215.000	-4570.520	1.000	0.000	0.002	0.002
216.000	-4570.320	1.000	0.000	0.002	0.002
217.000	-4569.920	1.000	0.000	0.004	0.002
218.000	-4569.520	1.000	0.000	0.003	0.002
219.000	-4569.220	1.000	0.000	-0.001	0.002
220.000	-4568.820	1.000	0.000	0.005	0.002
221.000	-4568.420	1.000	0.000	0.004	0.002
222.000	-4567.920	1.000	0.000	0.002	0.002
223.000	-4567.620	1.000	0.000	0.003	0.002
224.000	-4567.220	1.000	0.000	0.004	0.002
225.000	-4566.920	1.000	0.000	0.001	0.002
226.000	-4566.520	1.000	0.000	0.005	0.002
227.000	-4566.220	1.000	0.000	-0.004	0.002
228.000	-4565.620	1.000	0.000	0.001	0.002
229.000	-4565.320	1.000	0.000	0.004	0.002
230.000	-4564.920	1.000	0.000	0.004	0.002
231.000	-4564.620	1.000	0.000	0.005	0.002
232.000	-4564.320	1.000	0.000	0.001	0.002
233.000	-4564.020	1.000	0.000	0.004	0.002
234.000	-4563.620	1.000	0.000	0.006	0.002
235.000	-4563.220	1.000	0.000	0.001	0.002
236.000	-4562.820	1.000	0.000	0.005	0.002
237.000	-4562.320	1.000	0.000	0.002	0.002
238.000	-4562.020	1.000	0.000	0.002	0.002
239.000	-4561.620	1.000	0.000	0.001	0.002
240.000	-4561.320	1.000	0.000	0.001	0.002
241.000	-4561.120	1.000	0.000	0.007	0.002
242.000	-4560.920	1.000	0.000	0.007	0.002
243.000	-4560.420	1.000	0.000	-0.001	0.002
244.000	-4560.120	1.000	0.000	0.007	0.002
245.000	-4559.720	1.000	0.000	0.006	0.002
246.000	-4559.320	1.000	0.000	0.013	0.002
247.000	-4558.920	1.000	0.000	0.007	0.002
248.000	-4558.620	1.000	0.000	0.016	0.002
249.000	-4558.420	1.000	0.000	0.015	0.002
250.000	-4558.020	1.000	0.000	0.016	0.002
251.000	-4557.820	1.000	0.000	0.030	0.002
252.000	-4557.520	1.000	0.000	0.030	0.002
253.000	-4557.220	1.000	0.000	0.025	0.002
254.000	-4556.720	1.000	0.000	0.031	0.002
255.000	-4556.320	1.000	0.000	0.031	0.002
256.000	-4556.020	1.000	0.000	0.037	0.002
257.000	-4555.620	1.000	0.000	0.035	0.002
258.000	-4555.420	1.000	0.000	0.040	0.002
259.000	-4555.220	1.000	0.000	0.041	0.002
260.000	-4554.820	1.000	0.000	0.059	0.002
261.000	-4554.520	1.000	0.000	0.070	0.002
262.000	-4554.220	1.000	0.000	0.093	0.002
263.000	-4553.820	1.000	0.000	0.109	0.002
264.000	-4553.520	1.000	0.000	0.121	0.002
265.000	-4553.220	1.000	0.000	0.165	0.002
266.000	-4552.920	1.000	0.000	0.183	0.002
267.000	-4552.520	1.000	0.000	0.182	0.002
268.000	-4552.220	1.000	0.000	0.187	0.002
269.000	-4552.020	1.000	0.000	0.209	0.002
270.000	-4551.620	1.000	0.000	0.208	0.002
271.000	-4551.120	1.000	0.000	0.205	0.002
272.000	-4550.820	1.000	0.000	0.215	0.002
273.000	-4550.520	1.000	0.000	0.210	0.002
274.000	-4550.020	1.000	0.000	0.204	0.002
275.000	-4549.820	1.000	0.000	0.184	0.002
276.000	-4549.420	1.000	0.000	0.172	0.002
277.000	-4549.220	1.000	0.000	0.156	0.002
278.000	-4548.920	1.000	0.000	0.124	0.002
279.000	-4548.320	1.000	0.000	0.120	0.002
280.000	-4548.020	1.000	0.000	0.107	0.002
281.000	-4547.720	1.000	0.000	0.112	0.002
282.000	-4547.420	1.000	0.000	0.084	0.002
283.000	-4546.920	1.000	0.000	0.096	0.002
284.000	-4546.620	1.000	0.000	0.077	0.002
285.000	-4546.220	1.000	0.000	0.067	0.002
286.000	-4545.920	1.000	0.000	0.036	0.002
287.000	-4545.420	1.000	0.000	0.034	0.002
288.000	-4545.020	1.000	0.000	0.023	0.002
289.000	-4544.620	1.000	0.000	0.017	0.002
290.000	-4544.320	1.000	0.000	0.010	0.002
291.000	-4543.920	1.000	0.000	0.021	0.002
292.000	-4543.620	1.000	0.000	0.011	0.002
293.000	-4543.220	1.000	0.000	0.016	0.002
294.000	-4542.920	1.000	0.000	0.007	0.002
295.000	-4542.520	1.000	0.000	0.005	0.002
296.000	-4542.120	1.000	0.000	0.007	0.002
297.000	-4541.620	1.000	0.000	0.005	0.002
298.000	-4541.420	1.000	0.000	0.005	0.002
299.000	-4541.020	1.000	0.000	0.006	0.002
300.000	-4540.520	1.000	0.000	0.007	0.002
301.000	-4540.320	1.000	0.000	-0.001	0.002
302.000	-4539.920	1.000	0.000	0.007	0.002
303.000	-4539.520	1.000	0.000	0.005	0.002
304.000	-4539.120	1.000	0.000	0.002	0.002
305.000	-4538.720	1.000	0.000	0.004	0.002
306.000	-4538.420	1.000	0.000	0.003	0.002
307.000	-4538.120	1.000	0.000	0.003	0.002
308.000	-4537.820	1.000	0.000	-0.000	0.002
309.000	-4537.320	1.000	0.000	0.001	0.002
310.000	-4537.020	1.000	0.000	0.002	0.002
311.000	-4536.520	1.000	0.000	0.001	0.002
312.000	-4536.120	1.000	0.000	0.000	0.002
313.000	-4535.720	1.000	0.000	0.005	0.002
314.000	-4535.320	1.000	0.000	0.006	0.002
315.000	-4535.020	1.000	0.000	0.004	0.002
316.000	-4534.720	1.000	0.000	0.003	0.002
317.000	-4534.520	1.000	0.000	0.001	0.002
318.000	-4533.920	1.000	0.000	0.002	0.002
319.000	-4533.420	1.000	0.000	-0.002	0.002
320.000	-4533.020	1.000	0.000	0.006	0.002
321.000	-4532.620	1.000	0.000	0.003	0.002
322.000	-4532.320	1.000	0.000	0.002	0.002
323.000	-4531.920	1.000	0.000	0.007	0.002
324.000	-4531.720	1.000	0.000	0.008	0.002
325.000	-4531.220	1.000	0.000	0.010	0.002
326.000	-4530.820	1.000	0.000	0.007	0.002
327.000	-4530.320	1.000	0.000	0.013	0.002
328.000	-4529.720	1.000	0.000	0.004	0.002
329.000	-4529.520	1.000	0.000	0.006	0.002
330.000	-4529.220	1.000	0.000	0.008	0.002
331.000	-4528.920	1.000	0.000	0.015	0.002
332.000	-4528.720	1.000	0.000	0.010	0.002
333.000	-4528.220	1.000	0.000	0.016	0.002
334.000	-4527.820	1.000	0.000	0.010	0.002
335.000	-4527.420	1.000	0.000	0.017	0.002
336.000	-4526.920	1.000	0.000	0.029	0.002
337.000	-4526.320	1.000	0.000	0.021	0.002
338.000	-4526.220	1.000	0.000	0.036	0.002
339.000	-4525.920	1.000	0.000	0.040	0.002
340.000	-4525.620	1.000	0.000	0.045	0.002
341.000	-4525.120	1.000	0.000	0.037	0.002
342.000	-4524.720	1.000	0.000	0.045	0.002
343.000	-4524.420	1.000	0.000	0.049	0.002
344.000	-4524.020	1.000	0.000	0.053	0.002
345.000	-4523.820	1.000	0.000	0.053	0.002
346.000	-4523.520	1.000	0.000	0.050	0.002
347.000	-4523.220	1.000	0.000	0.045	0.002
348.000	-4522.820	1.000	0.000	0.044	0.002
349.000	-4522.620	1.000	0.000	0.032	0.002
350.000	-4522.320	1.000	0.000	0.030	0.002
351.000	-4521.720	1.000	0.000	0.028	0.002
352.000	-4521.420	1.000	0.000	0.030	0.002
353.000	-4521.120	1.000	0.000	0.020	0.002
354.000	-4520.920	1.000	0.000	0.014	0.002
355.000	-4520.420	1.000	0.000	0.019	0.002
356.000	-4520.120	1.000	0.000	0.021	0.002
357.000	-4519.820	1.000	0.000	0.015	0.002
358.000	-4519.620	1.000	0.000	0.019	0.002
359.000	-4519.120	1.000	0.000	0.018	0.002
360.000	-4518.620	1.000	0.000	0.021	0.002
361.000	-4518.320	1.000	0.000	0.024	0.002
362.000	-4518.020	1.000	0.000	0.027	0.002
363.000	-4517.720	1.000	0.000	0.032	0.002
364.000	-4517.420	1.000	0.000	0.026	0.002
365.000	-4517.220	1.000	0.000	0.030	0.002
366.000	-4516.820	1.000	0.000	0.030	0.002
367.000	-4516.420	1.000	0.000	0.037	0.002
368.000	-4515.920	1.000	0.000	0.048	0.002
369.000	-4515.520	1.000	0.000	0.068	0.002
370.000	-4515.020	1.000	0.000	0.078	0.002
371.000	-4514.820	1.000	0.000	0.084	0.002
372.000	-4514.420	1.000	0.000	0.121	0.002
373.000	-4514.120	1.000	0.000	0.157	0.002
374.000	-4513.720	1.000	0.000	0.158	0.002
375.000	-4513.320	1.000	0.000	0.185	0.002
376.000	-4512.920	1.000	0.000	0.181	0.002
377.000	-4512.420	1.000	0.000	0.163	0.002
378.000	-4512.020	1.000	0.000	0.154	0.002
379.000	-4511.620	1.000	0.000	0.192	0.002
380.000	-4511.420	1.000	0.000	0.153	0.002
381.000	-4511.020	1.000	0.000	0.131	0.002
382.000	-4510.620	1.000	0.000	0.111	0.002
383.000	-4510.220	1.000	0.000	0.105	0.002
384.000	-4509.620	1.000	0.000	0.086	0.002
385.000	-4509.320	1.000	0.000	0.069	0.002
386.000	-4508.920	1.000	0.000	0.066	0.002
387.000	-4508.620	1.000	0.000	0.066	0.002
388.000	-4508.120	1.000	0.000	0.074	0.002
389.000	-4507.920	1.000	0.000	0.077	0.002
390.000	-4507.420	1.000	0.000	0.073	0.002
391.000	-4507.120	1.000	0.000	0.065	0.002
392.000	-4506.520	1.000	0.000	0.056	0.002
393.000	-4506.120	1.000	0.000	0.041	0.002
394.000	-4505.820	1.000	0.000	0.035	0.002
395.000	-4505.520	1.000	0.000	0.016	0.002
396.000	-4505.320	1.000	0.000	0.009	0.002
397.000	-4504.920	1.000	0.000	0.008	0.002
398.000	-4504.320	1.000	0.000	0.009	0.002
399.000	-4504.020	1.000	0.000	0.004	0.002
400.000	-4503.520	1.000	0.000	0.004	0.002
401.000	-4503.120	1.000	0.000	-0.002	0.002
402.000	-4502.820	1.000	0.000	-0.000	0.002
403.000	-4502.520	1.000	0.000	0.006	0.002
404.000	-4502.220	1.000	0.000	0.005	0.002
405.000	-4501.820	1.000	0.000	0.006	0.002
406.000	-4501.420	1.000	0.000	0.003	0.002
407.000	-4501.020	1.000	0.000	0.005	0.002
408.000	-4500.520	1.000	0.000	0.005	0.002
409.000	-4500.220	1.000	0.000	0.005	0.002
410.000	-4499.920	1.000	0.000	0.007	0.002
411.000	-4499.620	1.000	0.000	0.007	0.002
412.000	-4499.220	1.000	0.000	0.005	0.002
413.000	-4498.920	1.000	0.000	0.007	0.002
414.000	-4498.420	1.000	0.000	0.005	0.002
415.000	-4498.020	1.000	0.000	0.003	0.002
416.000	-4497.520	1.000	0.000	0.006	0.002
417.000	-4497.120	1.000	0.000	0.006	0.002
418.000	-4496.820	1.000	0.000	0.007	0.002
419.000	-4496.520	1.000	0.000	0.007	0.002
420.000	-4496.120	1.000	0.000	0.004	0.002
421.000	-4495.620	1.000	0.000	0.000	0.002
422.000	-4495.220	1.000	0.000	0.005	0.002
423.000	-4494.620	1.000	0.000	0.007	0.002
424.000	-4494.420	1.000	0.000	0.003	0.002
425.000	-4494.020	1.000	0.000	0.006	0.002
426.000	-4493.720	1.000	0.000	0.002	0.002
427.000	-4493.220	1.000	0.000	0.005	0.002
428.000	-4492.820	1.000	0.000	0.006	0.002
429.000	-4492.420	1.000	0.000	0.005	0.002
430.000	-4491.920	1.000	0.000	0.002	0.002
431.000	-4491.720	1.000	0.000	0.003	0.002
432.000	-4491.220	1.000	0.000	0.005	0.002
433.000	-4490.920	1.000	0.000	0.003	0.002
434.000	-4490.620	1.000	0.000	0.005	0.002
435.000	-4490.320	1.000	0.000	0.005	0.002
436.000	-4489.920	1.000	0.000	0.003	0.002
437.000	-4489.420	1.000	0.000	0.004	0.002
438.000	-4489.020	1.000	0.000	0.003	0.002
439.000	-4488.720	1.000	0.000	0.003	0.002
440.000	-4488.320	1.000	0.000	0.005	0.002
441.000	-4488.020	1.000	0.000	0.001	0.002
442.000	-4487.620	1.000	0.000	0.005	0.002
443.000	-4487.320	1.000	0.000	0.000	0.002
444.000	-4487.120	1.000	0.000	0.003	0.002
445.000	-4486.620	1.000	0.000	0.005	0.002
446.000	-4486.320	1.000	0.000	0.001	0.002
447.000	-4485.820	1.000	0.000	0.002	0.002
448.000	-4485.520	1.000	0.000	0.004	0.002
449.000	-4485.120	1.000	0.000	0.012	0.002
450.000	-4484.920	1.000	0.000	0.021	0.002
451.000	-4484.520	1.000	0.000	0.020	0.002
452.000	-4484.220	1.000	0.000	0.018	0.002
453.000	-4483.920	1.000	0.000	0.018	0.002
454.000	-4483.420	1.000	0.000	0.021	0.002
455.000	-4483.020	1.000	0.000	0.023	0.002
456.000	-4482.820	1.000	0.000	0.028	0.002
457.000	-4482.320	1.000	0.000	0.034	0.002
458.000	-4481.920	1.000	0.000	0.034	0.002
459.000	-4481.720	1.000	0.000	0.038	0.002
460.000	-4481.420	1.000	0.000	0.044	0.002
461.000	-4481.120	1.000	0.000	0.060	0.002
462.000	-4480.620	1.000	0.000	0.075	0.002
463.000	-4480.520	1.000	0.000	0.094	0.002
464.000	-4480.020	1.000	0.000	0.114	0.002
465.000	-4479.620	1.000	0.000	0.141	0.002
466.000	-4479.420	1.000	0.000	0.171	0.002
467.000	-4479.020	1.000	0.000	0.198	0.002
468.000	-4478.620	1.000	0.000	0.205	0.002
469.000	-4478.420	1.000	0.000	0.183	0.002
470.000	-4477.720	1.000	0.000	0.204	0.002
471.000	-4477.420	1.000	0.000	0.210	0.002
472.000	-4476.920	1.000	0.000	0.219	0.002
473.000	-4476.720	1.000	0.000	0.210	0.002
474.000	-4476.420	1.000	0.000	0.214	0.002
475.000	-4476.020	1.000	0.000	0.203	0.002
476.000	-4475.720	1.000	0.000	0.193	0.002
477.000	-4475.420	1.000	0.000	0.156	0.002
478.000	-4475.020	1.000	0.000	0.134	0.002
479.000	-4474.620	1.000	0.000	0.120	0.002
480.000	-4474.220	1.000	0.000	0.112	0.002
481.000	-4473.820	1.000	0.000	0.098	0.002
482.000	-4473.520	1.000	0.000	0.101	0.002
483.000	-4473.320	1.000	0.000	0.073	0.002
484.000	-4472.820	1.000	0.000	0.071	0.002
485.000	-4472.520	1.000	0.000	0.076	0.002
486.000	-4472.020	1.000	0.000	0.046	0.002
487.000	-4471.720	1.000	0.000	0.033	0.002
488.000	-4471.220	1.000	0.000	0.021	0.002
489.000	-4470.920	1.000	0.000	0.026	0.002
490.000	-4470.520	1.000	0.000	0.019	0.002
491.000	-4470.220	1.000	0.000	0.018	0.002
492.000	-4469.820	1.000	0.000	0.019	0.002
493.000	-4469.520	1.000	0.000	0.017	0.002
494.000	-4469.220	1.000	0.000	0.003	0.002
495.000	-4468.620	1.000	0.000	0.006	0.002
496.000	-4468.320	1.000	0.000	0.004	0.002
497.000	-4467.920	1.000	0.000	0.001	0.002
498.000	-4467.720	1.000	0.000	0.002	0.002
499.000	-4467.320	1.000	0.000	0.006	0.002
500.000	-4466.920	1.000	0.000	0.001	0.002
501.000	-4466.520	1.000	0.000	0.004	0.002
502.000	-4466.220	1.000	0.000	0.001	0.002
503.000	-4465.820	1.000	0.000	0.004	0.002
504.000	-4465.320	1.000	0.000	0.001	0.002
505.000	-4465.120	1.000	0.000	0.003	0.002
506.000	-4464.720	1.000	0.000	0.004	0.002
507.000	-4464.520	1.000	0.000	0.003	0.002
508.000	-4464.020	1.000	0.000	0.005	0.002
509.000	-4463.720	1.000	0.000	0.004	0.002
510.000	-4463.220	1.000	0.000	0.006	0.002
511.000	-4462.820	1.000	0.000	0.006	0.002
512.000	-4462.420	1.000	0.000	0.001	0.002
513.000	-4462.120	1.000	0.000	0.008	0.002
514.000	-4461.720	1.000	0.000	0.003	0.002
515.000	-4461.520	1.000	0.000	0.003	0.002
516.000	-4461.120	1.000	0.000	0.007	0.002
517.000	-4460.820	1.000	0.000	0.003	0.002
518.000	-4460.320	1.000	0.000	0.005	0.002
519.000	-4459.820	1.000	0.000	0.004	0.002
520.000	-4459.420	1.000	0.000	0.002	0.002
521.000	-4459.220	1.000	0.000	0.007	0.002
522.000	-4458.720	1.000	0.000	0.008	0.002
523.000	-4458.420	1.000	0.000	0.002	0.002
524.000	-4458.120	1.000	0.000	0.008	0.002
525.000	-4457.620	1.000	0.000	0.007	0.002
526.000	-4457.120	1.000	0.000	0.009	0.002
527.000	-4456.720	1.000	0.000	0.008	0.002
528.000	-4456.420	1.000	0.000	0.011	0.002
529.000	-4455.920	1.000	0.000	0.013	0.002
530.000	-4455.620	1.000	0.000	0.010	0.002
531.000	-4455.420	1.000	0.000	0.011	0.002
532.000	-4455.020	1.000	0.000	0.011	0.002
533.000	-4454.620	1.000	0.000	0.014	0.002
534.000	-4454.020	1.000	0.000	0.022	0.002
535.000	-4453.620	1.000	0.000	0.027	0.002
536.000	-4453.220	1.000	0.000	0.028	0.002
537.000	-4452.820	1.000	0.000	0.029	0.002
538.000	-4452.520	1.000	0.000	0.039	0.002
539.000	-4452.320	1.000	0.000	0.033	0.002
540.000	-4452.020	1.000	0.000	0.058	0.002
541.000	-4451.620	1.000	0.000	0.068	0.002
542.000	-4451.020	1.000	0.000	0.055	0.002
543.000	-4450.720	1.000	0.000	0.085	0.002
544.000	-4450.320	1.000	0.000	0.073	0.002
545.000	-4450.020	1.000	0.000	0.062	0.002
546.000	-4449.620	1.000	0.000	0.064	0.002
547.000	-4449.420	1.000	0.000	0.057	0.002
548.000	-4449.120	1.000	0.000	0.048	0.002
549.000	-4448.820	1.000	0.000	0.046	0.002
550.000	-4448.220	1.000	0.000	0.043	0.002
551.000	-4447.820	1.000	0.000	0.034	0.002
552.000	-4447.520	1.000	0.000	0.021	0.002
553.000	-4447.320	1.000	0.000	0.018	0.002
554.000	-4446.920	1.000	0.000	0.015	0.002
555.000	-4446.720	1.000	0.000	0.015	0.002
556.000	-4446.420	1.000	0.000	0.015	0.002
557.000	-4446.120	1.000	0.000	0.012	0.002
558.000	-4445.620	1.000	0.000	0.010	0.002
559.000	-4445.220	1.000	0.000	0.008	0.002
560.000	-4444.820	1.000	0.000	0.013	0.002
561.000	-4444.520	1.000	0.000	0.008	0.002
562.000	-4444.020	1.000	0.000	0.013	0.002
563.000	-4443.820	1.000	0.000	0.010	0.002
564.000	-4443.620	1.000	0.000	0.004	0.002
565.000	-4443.220	1.000	0.000	0.007	0.002
566.000	-4442.720	1.000	0.000	0.011	0.002
567.000	-4442.320	1.000	0.000	0.009	0.002
568.000	-4441.820	1.000	0.000	0.010	0.002
569.000	-4441.520	1.000	0.000	0.008	0.002
570.000	-4441.120	1.000	0.000	0.009	0.002
571.000	-4440.820	1.000	0.000	0.013	0.002
572.000	-4440.520	1.000	0.000	0.018	0.002
573.000	-4440.220	1.000	0.000	0.017	0.002
574.000	-4439.720	1.000	0.000	0.027	0.002
575.000	-4439.220	1.000	0.000	0.028	0.002
576.000	-4438.720	1.000	0.000	0.029	0.002
577.000	-4438.420	1.000	0.000	0.036	0.002
578.000	-4438.020	1.000	0.000	0.036	0.002
579.000	-4437.720	1.000	0.000	0.027	0.002
580.000	-4437.420	1.000	0.000	0.035	0.002
581.000	-4437.020	1.000	0.000	0.030	0.002
582.000	-4436.420	1.000	0.000	0.020	0.002
583.000	-4436.120	1.000	0.000	0.010	0.002
584.000	-4435.620	1.000	0.000	0.013	0.002
585.000	-4435.320	1.000	0.000	0.006	0.002
586.000	-4434.920	1.000	0.000	0.008	0.002
587.000	-4434.520	1.000	0.000	0.006	0.002
588.000	-4434.120	1.000	0.000	0.007	0.002
589.000	-4433.720	1.000	0.000	0.005	0.002
590.000	-4433.320	1.000	0.000	0.005	0.002
591.000	-4432.820	1.000	0.000	0.005	0.002
592.000	-4432.520	1.000	0.000	0.001	0.002
593.000	-4432.220	1.000	0.000	-0.003	0.002
594.000	-4431.920	1.000	0.000	0.005	0.002
595.000	-4431.520	1.000	0.000	0.003	0.002
596.000	-4431.020	1.000	0.000	0.003	0.002
597.000	-4430.620	1.000	0.000	0.007	0.002
598.000	-4429.920	1.000	0.000	0.005	0.002
599.000	-4429.720	1.000	0.000	0.006	0.002
600.000	-4429.320	1.000	0.000	0.000	0.002
601.000	-4429.020	1.000	0.000	0.006	0.002
602.000	-4428.620	1.000	0.000	0.002	0.002
603.000	-4428.320	1.000	0.000	-0.002	0.002
604.000	-4427.720	1.000	0.000	0.000	0.002
605.000	-4427.420	1.000	0.000	0.004	0.002
606.000	-4426.920	1.000	0.000	0.004	0.002
607.000	-4426.620	1.000	0.000	0.001	0.002
608.000	-4426.320	1.000	0.000	-0.000	0.002
609.000	-4425.920	1.000	0.000	-0.002	0.002
610.000	-4425.620	1.000	0.000	0.003	0.002
611.000	-4425.220	1.000	0.000	0.002	0.002
612.000	-4424.720	1.000	0.000	0.000	0.002
613.000	-4424.420	1.000	0.000	0.000	0.002
614.000	-4423.920	1.000	0.000	-0.000	0.002
615.000	-4423.720	1.000	0.000	-0.006	0.002
616.000	-4423.320	1.000	0.000	0.001	0.002
617.000	-4422.920	1.000	0.000	0.002	0.002
618.000	-4422.520	1.000	0.000	0.003	0.002
619.000	-4422.020	1.000	0.000	0.003	0.002
620.000	-4421.620	1.000	0.000	0.003	0.002
621.000	-4421.120	1.000	0.000	0.003	0.002
622.000	-4420.820	1.000	0.000	0.004	0.002
623.000	-4420.420	1.000	0.000	0.005	0.002
624.000	-4420.120	1.000	0.000	0.004	0.002
625.000	-4420.020	1.000	0.000	0.002	0.002
626.000	-4419.320	1.000	0.000	0.004	0.002
627.000	-4418.720	1.000	0.000	0.004	0.002
628.000	-4418.220	1.000	0.000	0.001	0.002
629.000	-4417.920	1.000	0.000	0.002	0.002
630.000	-4417.620	1.000	0.000	0.005	0.002
631.000	-4417.320	1.000	0.000	0.000	0.002
632.000	-4416.820	1.000	0.000	0.001	0.002
633.000	-4416.620	1.000	0.000	0.003	0.002
634.000	-4416.120	1.000	0.000	-0.004	0.002
635.000	-4415.720	1.000	0.000	0.002	0.002
636.000	-4415.120	1.000	0.000	0.002	0.002
637.000	-4414.920	1.000	0.000	-0.002	0.002
638.000	-4414.520	1.000	0.000	0.003	0.002
639.000	-4414.220	1.000	0.000	0.006	0.002
640.000	-4414.020	1.000	0.000	-0.001	0.002
641.000	-4413.320	1.000	0.000	0.005	0.002
642.000	-4412.920	1.000	0.000	0.001	0.002
643.000	-4412.620	1.000	0.000	0.000	0.002
644.000	-4412.420	1.000	0.000	-0.001	0.002
645.000	-4412.020	1.000	0.000	0.002	0.002
646.000	-4411.720	1.000	0.000	0.005	0.002
647.000	-4411.420	1.000	0.000	0.005	0.002
648.000	-4411.120	1.000	0.000	-0.002	0.002
649.000	-4410.720	1.000	0.000	0.005	0.002
650.000	-4410.320	1.000	0.000	0.004	0.002
651.000	-4409.920	1.000	0.000	0.003	0.002
652.000	-4409.520	1.000	0.000	0.007	0.002
653.000	-4409.120	1.000	0.000	0.002	0.002
654.000	-4408.820	1.000	0.000	0.003	0.002
655.000	-4408.720	1.000	0.000	0.002	0.002
656.000	-4408.320	1.000	0.000	0.004	0.002
657.000	-4407.920	1.000	0.000	0.004	0.002
658.000	-4407.720	1.000	0.000	0.004	0.002
659.000	-4407.420	1.000	0.000	0.006	0.002
660.000	-4406.920	1.000	0.000	0.002	0.002
661.000	-4406.520	1.000	0.000	0.003	0.002
662.000	-4406.220	1.000	0.000	0.003	0.002
663.000	-4405.920	1.000	0.000	0.004	0.002
664.000	-4405.720	1.000	0.000	0.005	0.002
665.000	-4405.320	1.000	0.000	-0.000	0.002
666.000	-4404.920	1.000	0.000	0.007	0.002
667.000	-4404.420	1.000	0.000	0.004	0.002
668.000	-4404.020	1.000	0.000	0.003	0.002
669.000	-4403.720	1.000	0.000	0.005	0.002
670.000	-4403.320	1.000	0.000	0.000	0.002
671.000	-4402.920	1.000	0.000	0.004	0.002
672.000	-4402.720	1.000	0.000	0.010	0.002
673.000	-4402.520	1.000	0.000	0.008	0.002
674.000	-4402.120	1.000	0.000	0.003	0.002
675.000	-4401.620	1.000	0.000	0.004	0.002
676.000	-4401.320	1.000	0.000	0.005	0.002
677.000	-4400.820	1.000	0.000	0.005	0.002
678.000	-4400.520	1.000	0.000	0.005	0.002
679.000	-4400.220	1.000	0.000	0.002	0.002
680.000	-4400.020	1.000	0.000	0.007	0.002
681.000	-4399.620	1.000	0.000	0.001	0.002
682.000	-4399.320	1.000	0.000	0.006	0.002
683.000	-4398.920	1.000	0.000	0.004	0.002
684.000	-4398.520	1.000	0.000	0.004	0.002
685.000	-4398.020	1.000	0.000	0.004	0.002
686.000	-4397.620	1.000	0.000	0.004	0.002
687.000	-4397.320	1.000	0.000	0.003	0.002
688.000	-4397.020	1.000	0.000	0.006	0.002
689.000	-4396.620	1.000	0.000	0.000	0.002
690.000	-4396.320	1.000	0.000	0.004	0.002
691.000	-4395.920	1.000	0.000	0.002	0.002
692.000	-4395.620	1.000	0.000	0.001	0.002
693.000	-4395.020	1.000	0.000	0.004	0.002
694.000	-4394.720	1.000	0.000	0.003	0.002
695.000	-4394.320	1.000	0.000	0.002	0.002
696.000	-4394.020	1.000	0.000	0.002	0.002
697.000	-4393.620	1.000	0.000	0.003	0.002
698.000	-4393.320	1.000	0.000	-0.000	0.002
699.000	-4393.020	1.000	0.000	0.003	0.002
700.000	-4392.520	1.000	0.000	0.002	0.002
701.000	-4391.920	1.000	0.000	0.005	0.002
702.000	-4391.620	1.000	0.000	0.008	0.002
703.000	-4391.320	1.000	0.000	0.005	0.002
704.000	-4390.920	1.000	0.000	0.008	0.002
705.000	-4390.620	1.000	0.000	0.004	0.002
706.000	-4390.320	1.000	0.000	0.003	0.002
707.000	-4390.020	1.000	0.000	0.003	0.002
708.000	-4389.620	1.000	0.000	0.006	0.002
709.000	-4389.120	1.000	0.000	0.004	0.002
710.000	-4388.620	1.000	0.000	0.000	0.002
711.000	-4388.420	1.000	0.000	0.003	0.002
712.000	-4388.120	1.000	0.000	0.006	0.002
713.000	-4387.920	1.000	0.000	0.006	0.002
714.000	-4387.420	1.000	0.000	0.003	0.002
715.000	-4387.120	1.000	0.000	-0.001	0.002
716.000	-4386.720	1.000	0.000	0.003	0.002
717.000	-4386.320	1.000	0.000	0.004	0.002
718.000	-4385.820	1.000	0.000	0.005	0.002
719.000	-4385.520	1.000	0.000	0.006	0.002
720.000	-4385.120	1.000	0.000	-0.002	0.002
721.000	-4384.820	1.000	0.000	0.004	0.002
722.000	-4384.320	1.000	0.000	0.009	0.002
723.000	-4383.920	1.000	0.000	0.008	0.002
724.000	-4383.820	1.000	0.000	0.007	0.002
725.000	-4383.120	1.000	0.000	0.001	0.002
726.000	-4382.720	1.000	0.000	0.005	0.002
727.000	-4382.420	1.000	0.000	0.008	0.002
728.000	-4382.120	1.000	0.000	0.002	0.002
729.000	-4381.720	1.000	0.000	-0.002	0.002
730.000	-4381.420	1.000	0.000	0.000	0.002
731.000	-4381.020	1.000	0.000	-0.001	0.002
732.000	-4380.520	1.000	0.000	0.003	0.002
733.000	-4380.120	1.000	0.000	0.001	0.002
734.000	-4379.620	1.000	0.000	-0.004	0.002
735.000	-4379.320	1.000	0.000	0.004	0.002
736.000	-4379.020	1.000	0.000	0.004	0.002
737.000	-4378.720	1.000	0.000	0.004	0.002
738.000	-4378.220	1.000	0.000	0.005	0.002
739.000	-4377.920	1.000	0.000	0.003	0.002
740.000	-4377.520	1.000	0.000	0.005	0.002
741.000	-4377.120	1.000	0.000	0.003	0.002
742.000	-4376.720	1.000	0.000	0.004	0.002
743.000	-4376.420	1.000	0.000	0.008	0.002
744.000	-4376.120	1.000	0.000	-0.000	0.002
745.000	-4375.720	1.000	0.000	0.008	0.002
746.000	-4375.420	1.000	0.000	0.002	0.002
747.000	-4375.120	1.000	0.000	0.005	0.002
748.000	-4374.620	1.000	0.000	0.003	0.002
749.000	-4374.420	1.000	0.000	0.006	0.002
750.000	-4373.920	1.000	0.000	-0.003	0.002
751.000	-4373.620	1.000	0.000	0.003	0.002
752.000	-4373.320	1.000	0.000	0.007	0.002
753.000	-4373.120	1.000	0.000	0.003	0.002
754.000	-4372.720	1.000	0.000	0.005	0.002
755.000	-4372.520	1.000	0.000	0.006	0.002
756.000	-4372.120	1.000	0.000	0.003	0.002
757.000	-4371.720	1.000	0.000	0.003	0.002
758.000	-4371.220	1.000	0.000	0.000	0.002
759.000	-4370.920	1.000	0.000	-0.004	0.002
760.000	-4370.520	1.000	0.000	-0.003	0.002
761.000	-4370.220	1.000	0.000	0.000	0.002
762.000	-4369.920	1.000	0.000	0.003	0.002
763.000	-4369.520	1.000	0.000	0.003	0.002
764.000	-4369.220	1.000	0.000	0.002	0.002
765.000	-4368.820	1.000	0.000	0.005	0.002
766.000	-4368.420	1.000	0.000	0.004	0.002
767.000	-4368.020	1.000	0.000	0.002	0.002
768.000	-4367.720	1.000	0.000	0.001	0.002
769.000	-4367.420	1.000	0.000	0.005	0.002
770.000	-4366.920	1.000	0.000	0.003	0.002
771.000	-4366.620	1.000	0.000	0.004	0.002
772.000	-4366.320	1.000	0.000	0.003	0.002
773.000	-4365.920	1.000	0.000	0.001	0.002
774.000	-4365.420	1.000	0.000	0.003	0.002
775.000	-4364.920	1.000	0.000	0.006	0.002
776.000	-4364.720	1.000	0.000	0.001	0.002
