# Dye Scan of Depressed Ionization Limit. No MW or Static field.
i	f	s
0.000	-99.861	0.213
1.000	-99.502	0.239
2.000	-99.143	0.200
3.000	-98.785	0.199
4.000	-98.426	0.193
5.000	-98.067	0.196
6.000	-97.708	0.161
7.000	-97.349	0.183
8.000	-96.990	0.211
9.000	-96.632	0.200
10.000	-96.273	0.189
11.000	-95.914	0.192
12.000	-95.555	0.214
13.000	-95.196	0.214
14.000	-94.837	0.194
15.000	-94.479	0.187
16.000	-94.120	0.187
17.000	-93.761	0.175
18.000	-93.402	0.198
19.000	-93.043	0.191
20.000	-92.684	0.223
21.000	-92.326	0.212
22.000	-91.967	0.191
23.000	-91.608	0.153
24.000	-91.249	0.199
25.000	-90.890	0.182
26.000	-90.531	0.196
27.000	-90.173	0.189
28.000	-89.814	0.192
29.000	-89.455	0.180
30.000	-89.096	0.181
31.000	-88.737	0.164
32.000	-88.378	0.180
33.000	-88.020	0.189
34.000	-87.661	0.186
35.000	-87.302	0.187
36.000	-86.943	0.149
37.000	-86.584	0.145
38.000	-86.225	0.179
39.000	-85.867	0.210
40.000	-85.508	0.188
41.000	-85.149	0.204
42.000	-84.790	0.204
43.000	-84.431	0.185
44.000	-84.072	0.190
45.000	-83.714	0.187
46.000	-83.355	0.186
47.000	-82.996	0.196
48.000	-82.637	0.236
49.000	-82.278	0.215
50.000	-81.919	0.173
51.000	-81.561	0.186
52.000	-81.202	0.188
53.000	-80.843	0.192
54.000	-80.484	0.178
55.000	-80.125	0.199
56.000	-79.766	0.179
57.000	-79.408	0.184
58.000	-79.049	0.167
59.000	-78.690	0.186
60.000	-78.331	0.176
61.000	-77.972	0.164
62.000	-77.613	0.184
63.000	-77.255	0.171
64.000	-76.896	0.154
65.000	-76.537	0.196
66.000	-76.178	0.175
67.000	-75.819	0.194
68.000	-75.460	0.218
69.000	-75.102	0.191
70.000	-74.743	0.199
71.000	-74.384	0.188
72.000	-74.025	0.174
73.000	-73.666	0.200
74.000	-73.307	0.180
75.000	-72.949	0.169
76.000	-72.590	0.156
77.000	-72.231	0.172
78.000	-71.872	0.202
79.000	-71.513	0.208
80.000	-71.154	0.204
81.000	-70.796	0.182
82.000	-70.437	0.182
83.000	-70.078	0.203
84.000	-69.719	0.189
85.000	-69.360	0.217
86.000	-69.001	0.225
87.000	-68.643	0.238
88.000	-68.284	0.206
89.000	-67.925	0.155
90.000	-67.566	0.195
91.000	-67.207	0.202
92.000	-66.848	0.198
93.000	-66.490	0.201
94.000	-66.131	0.192
95.000	-65.772	0.195
96.000	-65.413	0.192
97.000	-65.054	0.199
98.000	-64.695	0.203
99.000	-64.337	0.195
100.000	-63.978	0.187
101.000	-63.619	0.176
102.000	-63.260	0.200
103.000	-62.901	0.226
104.000	-62.542	0.214
105.000	-62.183	0.204
106.000	-61.825	0.225
107.000	-61.466	0.231
108.000	-61.107	0.206
109.000	-60.748	0.191
110.000	-60.389	0.201
111.000	-60.030	0.208
112.000	-59.672	0.216
113.000	-59.313	0.232
114.000	-58.954	0.227
115.000	-58.595	0.222
116.000	-58.236	0.212
117.000	-57.877	0.204
118.000	-57.519	0.206
119.000	-57.160	0.195
120.000	-56.801	0.229
121.000	-56.442	0.188
122.000	-56.083	0.194
123.000	-55.724	0.187
124.000	-55.366	0.183
125.000	-55.007	0.229
126.000	-54.648	0.198
127.000	-54.289	0.202
128.000	-53.930	0.252
129.000	-53.571	0.225
130.000	-53.213	0.221
131.000	-52.854	0.211
132.000	-52.495	0.208
133.000	-52.136	0.171
134.000	-51.777	0.188
135.000	-51.418	0.197
136.000	-51.060	0.184
137.000	-50.701	0.203
138.000	-50.342	0.196
139.000	-49.983	0.221
140.000	-49.624	0.215
141.000	-49.265	0.192
142.000	-48.907	0.214
143.000	-48.548	0.168
144.000	-48.189	0.197
145.000	-47.830	0.193
146.000	-47.471	0.206
147.000	-47.112	0.208
148.000	-46.754	0.189
149.000	-46.395	0.198
150.000	-46.036	0.180
151.000	-45.677	0.207
152.000	-45.318	0.207
153.000	-44.959	0.197
154.000	-44.601	0.201
155.000	-44.242	0.176
156.000	-43.883	0.189
157.000	-43.524	0.186
158.000	-43.165	0.220
159.000	-42.806	0.190
160.000	-42.448	0.188
161.000	-42.089	0.188
162.000	-41.730	0.199
163.000	-41.371	0.180
164.000	-41.012	0.184
165.000	-40.653	0.169
166.000	-40.295	0.188
167.000	-39.936	0.187
168.000	-39.577	0.161
169.000	-39.218	0.171
170.000	-38.859	0.160
171.000	-38.500	0.182
172.000	-38.142	0.193
173.000	-37.783	0.189
174.000	-37.424	0.169
175.000	-37.065	0.188
176.000	-36.706	0.182
177.000	-36.347	0.161
178.000	-35.989	0.148
179.000	-35.630	0.181
180.000	-35.271	0.178
181.000	-34.912	0.166
182.000	-34.553	0.144
183.000	-34.194	0.170
184.000	-33.836	0.162
185.000	-33.477	0.154
186.000	-33.118	0.164
187.000	-32.759	0.169
188.000	-32.400	0.192
189.000	-32.041	0.151
190.000	-31.683	0.151
191.000	-31.324	0.155
192.000	-30.965	0.136
193.000	-30.606	0.137
194.000	-30.247	0.173
195.000	-29.888	0.142
196.000	-29.530	0.148
197.000	-29.171	0.158
198.000	-28.812	0.160
199.000	-28.453	0.134
200.000	-28.094	0.148
201.000	-27.735	0.169
202.000	-27.377	0.166
203.000	-27.018	0.137
204.000	-26.659	0.116
205.000	-26.300	0.140
206.000	-25.941	0.126
207.000	-25.582	0.140
208.000	-25.223	0.118
209.000	-24.865	0.133
210.000	-24.506	0.141
211.000	-24.147	0.138
212.000	-23.788	0.140
213.000	-23.429	0.123
214.000	-23.070	0.137
215.000	-22.712	0.089
216.000	-22.353	0.108
217.000	-21.994	0.119
218.000	-21.635	0.129
219.000	-21.276	0.121
220.000	-20.917	0.107
221.000	-20.559	0.121
222.000	-20.200	0.120
223.000	-19.841	0.131
224.000	-19.482	0.129
225.000	-19.123	0.138
226.000	-18.764	0.142
227.000	-18.406	0.120
228.000	-18.047	0.114
229.000	-17.688	0.090
230.000	-17.329	0.110
231.000	-16.970	0.133
232.000	-16.611	0.135
233.000	-16.253	0.134
234.000	-15.894	0.119
235.000	-15.535	0.097
236.000	-15.176	0.101
237.000	-14.817	0.092
238.000	-14.458	0.093
239.000	-14.100	0.124
240.000	-13.741	0.093
241.000	-13.382	0.104
242.000	-13.023	0.095
243.000	-12.664	0.082
244.000	-12.305	0.079
245.000	-11.947	0.077
246.000	-11.588	0.077
247.000	-11.229	0.082
248.000	-10.870	0.073
249.000	-10.511	0.074
250.000	-10.152	0.079
251.000	-9.794	0.087
252.000	-9.435	0.066
253.000	-9.076	0.057
254.000	-8.717	0.057
255.000	-8.358	0.068
256.000	-7.999	0.075
257.000	-7.641	0.066
258.000	-7.282	0.050
259.000	-6.923	0.062
260.000	-6.564	0.047
261.000	-6.205	0.031
262.000	-5.846	0.053
263.000	-5.488	0.051
264.000	-5.129	0.042
265.000	-4.770	0.026
266.000	-4.411	0.034
267.000	-4.052	0.029
268.000	-3.693	0.018
269.000	-3.335	0.015
270.000	-2.976	0.009
271.000	-2.617	0.012
272.000	-2.258	0.010
273.000	-1.899	0.014
274.000	-1.540	0.016
275.000	-1.182	0.012
276.000	-0.823	0.015
277.000	-0.464	0.015
278.000	-0.105	-0.002
279.000	0.254	-0.006
280.000	0.613	-0.001
281.000	0.971	-0.009
282.000	1.330	-0.004
283.000	1.689	-0.012
284.000	2.048	-0.013
285.000	2.407	-0.010
286.000	2.766	-0.008
287.000	3.124	-0.006
288.000	3.483	-0.010
289.000	3.842	-0.011
290.000	4.201	-0.013
291.000	4.560	-0.001
292.000	4.919	-0.013
293.000	5.277	-0.009
294.000	5.636	-0.000
295.000	5.995	-0.001
296.000	6.354	-0.014
297.000	6.713	-0.014
298.000	7.072	-0.018
299.000	7.430	-0.019
300.000	7.789	-0.009
301.000	8.148	-0.008
302.000	8.507	-0.010
303.000	8.866	-0.004
304.000	9.225	0.000
305.000	9.583	-0.001
306.000	9.942	-0.003
307.000	10.301	-0.000
308.000	10.660	-0.006
309.000	11.019	-0.004
310.000	11.378	-0.010
311.000	11.737	-0.010
312.000	12.095	-0.012
313.000	12.454	0.006
314.000	12.813	-0.005
315.000	13.172	0.001
316.000	13.531	-0.011
317.000	13.890	-0.017
318.000	14.248	-0.013
319.000	14.607	-0.013
320.000	14.966	-0.019
321.000	15.325	-0.012
322.000	15.684	-0.015
323.000	16.043	-0.014
324.000	16.401	-0.019
325.000	16.760	-0.013
326.000	17.119	-0.015
327.000	17.478	-0.006
328.000	17.837	-0.002
329.000	18.196	-0.013
330.000	18.554	-0.012
331.000	18.913	-0.011
332.000	19.272	-0.015
333.000	19.631	-0.014
334.000	19.990	-0.006
335.000	20.349	-0.006
336.000	20.707	-0.007
337.000	21.066	-0.006
338.000	21.425	-0.006
339.000	21.784	-0.005
340.000	22.143	-0.001
341.000	22.502	-0.001
342.000	22.860	-0.001
343.000	23.219	-0.006
344.000	23.578	-0.005
345.000	23.937	-0.011
346.000	24.296	-0.017
347.000	24.655	-0.014
348.000	25.013	-0.004
349.000	25.372	-0.005
350.000	25.731	-0.015
351.000	26.090	-0.013
352.000	26.449	-0.023
353.000	26.808	-0.019
354.000	27.166	-0.014
355.000	27.525	-0.015
356.000	27.884	-0.015
357.000	28.243	-0.015
358.000	28.602	-0.018
359.000	28.961	-0.015
360.000	29.319	-0.006
361.000	29.678	-0.005
362.000	30.037	-0.019
363.000	30.396	-0.014
364.000	30.755	-0.016
365.000	31.114	-0.007
366.000	31.472	-0.004
367.000	31.831	-0.005
368.000	32.190	-0.005
369.000	32.549	-0.006
370.000	32.908	-0.001
371.000	33.267	-0.002
372.000	33.625	-0.011
373.000	33.984	-0.008
374.000	34.343	-0.005
375.000	34.702	-0.005
376.000	35.061	-0.008
377.000	35.420	-0.007
378.000	35.778	0.000
379.000	36.137	-0.016
380.000	36.496	-0.009
381.000	36.855	-0.014
382.000	37.214	-0.009
383.000	37.573	-0.008
384.000	37.931	-0.003
385.000	38.290	0.005
386.000	38.649	-0.011
387.000	39.008	-0.008
388.000	39.367	-0.010
389.000	39.726	-0.007
390.000	40.084	-0.000
391.000	40.443	-0.001
392.000	40.802	-0.008
393.000	41.161	0.002
394.000	41.520	-0.005
395.000	41.879	-0.004
396.000	42.237	-0.012
397.000	42.596	-0.006
398.000	42.955	-0.004
399.000	43.314	-0.004
400.000	43.673	-0.002
401.000	44.032	-0.006
402.000	44.390	-0.010
403.000	44.749	-0.004
404.000	45.108	-0.009
405.000	45.467	-0.014
406.000	45.826	-0.013
407.000	46.185	-0.006
408.000	46.543	-0.011
409.000	46.902	-0.007
410.000	47.261	-0.009
411.000	47.620	-0.015
412.000	47.979	-0.014
413.000	48.338	-0.014
414.000	48.697	-0.009
415.000	49.055	-0.009
416.000	49.414	-0.005
417.000	49.773	-0.001
418.000	50.132	-0.003
419.000	50.491	-0.001
420.000	50.850	-0.000
421.000	51.208	0.003
422.000	51.567	-0.002
423.000	51.926	0.001
424.000	52.285	-0.008
425.000	52.644	-0.010
426.000	53.003	-0.008
427.000	53.361	-0.000
428.000	53.720	-0.006
429.000	54.079	-0.004
430.000	54.438	-0.005
431.000	54.797	0.002
432.000	55.156	-0.005
433.000	55.514	-0.006
434.000	55.873	-0.005
435.000	56.232	0.000
436.000	56.591	-0.006
437.000	56.950	0.001
438.000	57.309	-0.004
439.000	57.667	0.001
440.000	58.026	0.002
441.000	58.385	-0.003
442.000	58.744	0.003
443.000	59.103	0.006
444.000	59.462	0.008
445.000	59.820	0.001
446.000	60.179	-0.002
447.000	60.538	-0.007
448.000	60.897	-0.001
449.000	61.256	0.001
450.000	61.615	-0.001
451.000	61.973	-0.001
452.000	62.332	-0.006
453.000	62.691	-0.006
454.000	63.050	-0.002
455.000	63.409	-0.011
456.000	63.768	-0.013
457.000	64.126	-0.015
458.000	64.485	-0.009
459.000	64.844	-0.008
460.000	65.203	-0.019
461.000	65.562	-0.019
462.000	65.921	-0.015
463.000	66.279	-0.019
464.000	66.638	-0.017
465.000	66.997	-0.003
466.000	67.356	-0.003
467.000	67.715	-0.009
468.000	68.074	-0.010
469.000	68.432	-0.012
470.000	68.791	-0.013
471.000	69.150	-0.010
472.000	69.509	-0.017
473.000	69.868	-0.015
474.000	70.227	-0.006
475.000	70.585	-0.011
476.000	70.944	-0.015
477.000	71.303	-0.012
478.000	71.662	-0.006
479.000	72.021	-0.011
480.000	72.380	-0.011
481.000	72.738	-0.018
482.000	73.097	-0.012
483.000	73.456	-0.014
484.000	73.815	-0.014
485.000	74.174	-0.022
486.000	74.533	-0.018
487.000	74.891	-0.017
488.000	75.250	-0.019
489.000	75.609	-0.017
490.000	75.968	-0.014
491.000	76.327	-0.010
492.000	76.686	-0.013
493.000	77.044	-0.006
494.000	77.403	-0.014
495.000	77.762	-0.012
496.000	78.121	-0.021
497.000	78.480	-0.017
498.000	78.839	-0.020
499.000	79.197	-0.012
500.000	79.556	-0.013
501.000	79.915	-0.019
502.000	80.274	-0.013
503.000	80.633	-0.013
504.000	80.992	-0.007
505.000	81.350	-0.003
506.000	81.709	-0.006
507.000	82.068	-0.018
508.000	82.427	-0.019
509.000	82.786	-0.023
510.000	83.145	-0.021
511.000	83.503	-0.021
512.000	83.862	-0.018
513.000	84.221	-0.015
514.000	84.580	-0.017
0.000	-100.363	0.246
1.000	-100.006	0.230
2.000	-99.649	0.242
3.000	-99.292	0.248
4.000	-98.935	0.211
5.000	-98.577	0.216
6.000	-98.220	0.211
7.000	-97.863	0.197
8.000	-97.506	0.204
9.000	-97.149	0.170
10.000	-96.792	0.165
11.000	-96.435	0.209
12.000	-96.078	0.205
13.000	-95.721	0.226
14.000	-95.364	0.213
15.000	-95.007	0.198
16.000	-94.650	0.177
17.000	-94.292	0.217
18.000	-93.935	0.183
19.000	-93.578	0.170
20.000	-93.221	0.205
21.000	-92.864	0.189
22.000	-92.507	0.201
23.000	-92.150	0.195
24.000	-91.793	0.214
25.000	-91.436	0.188
26.000	-91.079	0.188
27.000	-90.722	0.214
28.000	-90.365	0.198
29.000	-90.007	0.180
30.000	-89.650	0.187
31.000	-89.293	0.180
32.000	-88.936	0.209
33.000	-88.579	0.200
34.000	-88.222	0.192
35.000	-87.865	0.153
36.000	-87.508	0.166
37.000	-87.151	0.209
38.000	-86.794	0.190
39.000	-86.437	0.196
40.000	-86.079	0.184
41.000	-85.722	0.188
42.000	-85.365	0.185
43.000	-85.008	0.202
44.000	-84.651	0.184
45.000	-84.294	0.197
46.000	-83.937	0.191
47.000	-83.580	0.216
48.000	-83.223	0.195
49.000	-82.866	0.161
50.000	-82.509	0.221
51.000	-82.152	0.212
52.000	-81.794	0.203
53.000	-81.437	0.191
54.000	-81.080	0.180
55.000	-80.723	0.193
56.000	-80.366	0.200
57.000	-80.009	0.204
58.000	-79.652	0.173
59.000	-79.295	0.181
60.000	-78.938	0.188
61.000	-78.581	0.190
62.000	-78.224	0.196
63.000	-77.867	0.186
64.000	-77.509	0.205
65.000	-77.152	0.180
66.000	-76.795	0.205
67.000	-76.438	0.194
68.000	-76.081	0.221
69.000	-75.724	0.262
70.000	-75.367	0.223
71.000	-75.010	0.208
72.000	-74.653	0.214
73.000	-74.296	0.218
74.000	-73.939	0.249
75.000	-73.581	0.221
76.000	-73.224	0.191
77.000	-72.867	0.190
78.000	-72.510	0.173
79.000	-72.153	0.166
80.000	-71.796	0.205
81.000	-71.439	0.212
82.000	-71.082	0.221
83.000	-70.725	0.213
84.000	-70.368	0.197
85.000	-70.011	0.189
86.000	-69.654	0.203
87.000	-69.296	0.172
88.000	-68.939	0.223
89.000	-68.582	0.227
90.000	-68.225	0.202
91.000	-67.868	0.181
92.000	-67.511	0.190
93.000	-67.154	0.196
94.000	-66.797	0.199
95.000	-66.440	0.189
96.000	-66.083	0.190
97.000	-65.726	0.209
98.000	-65.369	0.206
99.000	-65.011	0.198
100.000	-64.654	0.208
101.000	-64.297	0.207
102.000	-63.940	0.211
103.000	-63.583	0.218
104.000	-63.226	0.230
105.000	-62.869	0.221
106.000	-62.512	0.207
107.000	-62.155	0.191
108.000	-61.798	0.186
109.000	-61.441	0.179
110.000	-61.083	0.172
111.000	-60.726	0.186
112.000	-60.369	0.180
113.000	-60.012	0.201
114.000	-59.655	0.209
115.000	-59.298	0.189
116.000	-58.941	0.218
117.000	-58.584	0.203
118.000	-58.227	0.184
119.000	-57.870	0.213
120.000	-57.513	0.191
121.000	-57.156	0.179
122.000	-56.798	0.179
123.000	-56.441	0.163
124.000	-56.084	0.181
125.000	-55.727	0.197
126.000	-55.370	0.182
127.000	-55.013	0.162
128.000	-54.656	0.176
129.000	-54.299	0.176
130.000	-53.942	0.180
131.000	-53.585	0.195
132.000	-53.228	0.186
133.000	-52.870	0.225
134.000	-52.513	0.171
135.000	-52.156	0.200
136.000	-51.799	0.194
137.000	-51.442	0.170
138.000	-51.085	0.182
139.000	-50.728	0.173
140.000	-50.371	0.209
141.000	-50.014	0.176
142.000	-49.657	0.176
143.000	-49.300	0.155
144.000	-48.943	0.194
145.000	-48.585	0.192
146.000	-48.228	0.192
147.000	-47.871	0.185
148.000	-47.514	0.212
149.000	-47.157	0.197
150.000	-46.800	0.184
151.000	-46.443	0.169
152.000	-46.086	0.163
153.000	-45.729	0.177
154.000	-45.372	0.172
155.000	-45.015	0.151
156.000	-44.658	0.151
157.000	-44.300	0.157
158.000	-43.943	0.165
159.000	-43.586	0.150
160.000	-43.229	0.175
161.000	-42.872	0.213
162.000	-42.515	0.192
163.000	-42.158	0.182
164.000	-41.801	0.211
165.000	-41.444	0.175
166.000	-41.087	0.179
167.000	-40.730	0.148
168.000	-40.372	0.170
169.000	-40.015	0.180
170.000	-39.658	0.161
171.000	-39.301	0.181
172.000	-38.944	0.170
173.000	-38.587	0.160
174.000	-38.230	0.174
175.000	-37.873	0.189
176.000	-37.516	0.173
177.000	-37.159	0.167
178.000	-36.802	0.178
179.000	-36.445	0.147
180.000	-36.087	0.174
181.000	-35.730	0.185
182.000	-35.373	0.203
183.000	-35.016	0.210
184.000	-34.659	0.197
185.000	-34.302	0.184
186.000	-33.945	0.187
187.000	-33.588	0.144
188.000	-33.231	0.176
189.000	-32.874	0.190
190.000	-32.517	0.225
191.000	-32.160	0.187
192.000	-31.802	0.188
193.000	-31.445	0.196
194.000	-31.088	0.168
195.000	-30.731	0.156
196.000	-30.374	0.165
197.000	-30.017	0.176
198.000	-29.660	0.153
199.000	-29.303	0.174
200.000	-28.946	0.140
201.000	-28.589	0.140
202.000	-28.232	0.147
203.000	-27.874	0.142
204.000	-27.517	0.158
205.000	-27.160	0.164
206.000	-26.803	0.153
207.000	-26.446	0.148
208.000	-26.089	0.146
209.000	-25.732	0.153
210.000	-25.375	0.136
211.000	-25.018	0.166
212.000	-24.661	0.143
213.000	-24.304	0.142
214.000	-23.947	0.138
215.000	-23.589	0.125
216.000	-23.232	0.139
217.000	-22.875	0.148
218.000	-22.518	0.133
219.000	-22.161	0.129
220.000	-21.804	0.141
221.000	-21.447	0.146
222.000	-21.090	0.132
223.000	-20.733	0.150
224.000	-20.376	0.137
225.000	-20.019	0.157
226.000	-19.662	0.121
227.000	-19.304	0.121
228.000	-18.947	0.149
229.000	-18.590	0.125
230.000	-18.233	0.132
231.000	-17.876	0.110
232.000	-17.519	0.118
233.000	-17.162	0.087
234.000	-16.805	0.094
235.000	-16.448	0.154
236.000	-16.091	0.116
237.000	-15.734	0.117
238.000	-15.376	0.138
239.000	-15.019	0.123
240.000	-14.662	0.100
241.000	-14.305	0.099
242.000	-13.948	0.110
243.000	-13.591	0.102
244.000	-13.234	0.084
245.000	-12.877	0.098
246.000	-12.520	0.085
247.000	-12.163	0.105
248.000	-11.806	0.083
249.000	-11.449	0.077
250.000	-11.091	0.072
251.000	-10.734	0.064
252.000	-10.377	0.052
253.000	-10.020	0.057
254.000	-9.663	0.069
255.000	-9.306	0.093
256.000	-8.949	0.068
257.000	-8.592	0.069
258.000	-8.235	0.053
259.000	-7.878	0.048
260.000	-7.521	0.054
261.000	-7.164	0.044
262.000	-6.806	0.048
263.000	-6.449	0.046
264.000	-6.092	0.037
265.000	-5.735	0.040
266.000	-5.378	0.035
267.000	-5.021	0.044
268.000	-4.664	0.042
269.000	-4.307	0.036
270.000	-3.950	0.031
271.000	-3.593	0.047
272.000	-3.236	0.042
273.000	-2.878	0.025
274.000	-2.521	0.014
275.000	-2.164	0.017
276.000	-1.807	0.012
277.000	-1.450	0.011
278.000	-1.093	0.009
279.000	-0.736	0.011
280.000	-0.379	0.000
281.000	-0.022	-0.006
282.000	0.335	-0.005
283.000	0.692	-0.002
284.000	1.049	-0.001
285.000	1.407	0.002
286.000	1.764	-0.005
287.000	2.121	-0.002
288.000	2.478	0.009
289.000	2.835	0.006
290.000	3.192	0.006
291.000	3.549	0.010
292.000	3.906	0.005
293.000	4.263	0.012
294.000	4.620	0.000
295.000	4.977	0.003
296.000	5.334	-0.004
297.000	5.692	-0.005
298.000	6.049	-0.002
299.000	6.406	-0.003
300.000	6.763	0.002
301.000	7.120	0.010
302.000	7.477	0.002
303.000	7.834	0.007
304.000	8.191	-0.001
305.000	8.548	-0.001
306.000	8.905	0.000
307.000	9.262	-0.005
308.000	9.620	0.004
309.000	9.977	0.002
310.000	10.334	-0.004
311.000	10.691	0.003
312.000	11.048	0.005
313.000	11.405	-0.000
314.000	11.762	0.005
315.000	12.119	0.003
316.000	12.476	0.006
317.000	12.833	-0.002
318.000	13.190	0.008
319.000	13.547	0.015
320.000	13.905	0.008
321.000	14.262	0.003
322.000	14.619	0.000
323.000	14.976	-0.004
324.000	15.333	-0.005
325.000	15.690	-0.000
326.000	16.047	0.003
327.000	16.404	0.001
328.000	16.761	0.007
329.000	17.118	0.016
330.000	17.475	0.001
331.000	17.832	-0.001
332.000	18.190	-0.005
333.000	18.547	-0.008
334.000	18.904	-0.003
335.000	19.261	0.007
336.000	19.618	0.002
337.000	19.975	0.008
338.000	20.332	0.004
339.000	20.689	-0.004
340.000	21.046	0.000
341.000	21.403	-0.002
342.000	21.760	-0.002
343.000	22.118	0.004
344.000	22.475	0.008
345.000	22.832	0.002
346.000	23.189	0.012
347.000	23.546	0.005
348.000	23.903	0.000
349.000	24.260	-0.001
350.000	24.617	-0.005
351.000	24.974	0.001
352.000	25.331	-0.003
353.000	25.688	-0.002
354.000	26.045	0.000
355.000	26.403	0.001
356.000	26.760	-0.001
357.000	27.117	-0.006
358.000	27.474	-0.003
359.000	27.831	-0.004
360.000	28.188	-0.013
361.000	28.545	-0.005
362.000	28.902	-0.006
363.000	29.259	-0.006
364.000	29.616	-0.004
365.000	29.973	-0.001
366.000	30.330	-0.001
367.000	30.688	-0.002
368.000	31.045	-0.002
369.000	31.402	0.001
370.000	31.759	0.002
371.000	32.116	-0.006
372.000	32.473	-0.012
373.000	32.830	-0.008
374.000	33.187	-0.005
375.000	33.544	-0.000
376.000	33.901	0.009
377.000	34.258	0.004
378.000	34.616	0.002
379.000	34.973	0.001
380.000	35.330	0.008
381.000	35.687	0.010
382.000	36.044	0.012
383.000	36.401	0.014
384.000	36.758	0.016
385.000	37.115	0.011
386.000	37.472	0.011
387.000	37.829	0.007
388.000	38.186	0.006
389.000	38.543	0.003
390.000	38.901	0.004
391.000	39.258	0.006
392.000	39.615	-0.003
393.000	39.972	0.004
394.000	40.329	0.003
395.000	40.686	0.003
396.000	41.043	0.007
397.000	41.400	0.004
398.000	41.757	0.002
399.000	42.114	0.011
400.000	42.471	0.011
401.000	42.829	0.011
402.000	43.186	0.010
403.000	43.543	0.001
404.000	43.900	0.009
405.000	44.257	0.009
406.000	44.614	0.005
407.000	44.971	0.010
408.000	45.328	0.009
409.000	45.685	0.016
410.000	46.042	0.009
411.000	46.399	0.008
412.000	46.756	0.003
413.000	47.114	0.012
414.000	47.471	0.011
415.000	47.828	0.012
416.000	48.185	0.003
417.000	48.542	0.010
418.000	48.899	0.006
419.000	49.256	0.007
420.000	49.613	0.005
421.000	49.970	0.008
422.000	50.327	0.005
423.000	50.684	0.008
424.000	51.041	0.011
425.000	51.399	0.010
426.000	51.756	0.009
427.000	52.113	0.007
428.000	52.470	0.004
429.000	52.827	0.013
430.000	53.184	0.011
431.000	53.541	0.011
432.000	53.898	0.003
433.000	54.255	0.009
434.000	54.612	0.010
435.000	54.969	0.006
436.000	55.327	0.007
437.000	55.684	0.011
438.000	56.041	0.014
439.000	56.398	0.009
440.000	56.755	0.005
441.000	57.112	0.009
442.000	57.469	0.011
443.000	57.826	0.012
444.000	58.183	0.007
445.000	58.540	0.016
446.000	58.897	0.003
447.000	59.254	0.008
448.000	59.612	0.006
449.000	59.969	0.002
450.000	60.326	0.005
451.000	60.683	0.015
452.000	61.040	0.011
453.000	61.397	0.010
454.000	61.754	0.006
455.000	62.111	0.004
456.000	62.468	0.004
457.000	62.825	0.005
458.000	63.182	0.003
459.000	63.539	0.005
460.000	63.897	-0.001
461.000	64.254	-0.000
462.000	64.611	0.002
463.000	64.968	0.005
464.000	65.325	0.002
465.000	65.682	-0.003
466.000	66.039	-0.003
467.000	66.396	0.001
468.000	66.753	0.002
469.000	67.110	0.004
470.000	67.467	0.000
471.000	67.825	-0.011
472.000	68.182	-0.005
473.000	68.539	-0.002
474.000	68.896	0.002
475.000	69.253	0.006
476.000	69.610	0.008
477.000	69.967	0.001
478.000	70.324	0.002
479.000	70.681	0.005
480.000	71.038	-0.001
481.000	71.395	-0.003
482.000	71.752	-0.003
483.000	72.110	-0.010
484.000	72.467	-0.008
485.000	72.824	-0.006
486.000	73.181	-0.014
487.000	73.538	-0.010
488.000	73.895	-0.015
489.000	74.252	-0.004
490.000	74.609	0.000
491.000	74.966	-0.000
492.000	75.323	-0.005
493.000	75.680	0.003
494.000	76.037	0.002
495.000	76.395	0.000
496.000	76.752	-0.004
497.000	77.109	0.000
498.000	77.466	-0.001
499.000	77.823	-0.002
500.000	78.180	-0.002
0.000	-100.261	0.222
1.000	-99.903	0.222
2.000	-99.544	0.224
3.000	-99.185	0.224
4.000	-98.827	0.206
5.000	-98.468	0.204
6.000	-98.109	0.218
7.000	-97.751	0.217
8.000	-97.392	0.236
9.000	-97.033	0.242
10.000	-96.674	0.249
11.000	-96.316	0.221
12.000	-95.957	0.203
13.000	-95.598	0.189
14.000	-95.240	0.175
15.000	-94.881	0.218
16.000	-94.522	0.180
17.000	-94.164	0.230
18.000	-93.805	0.239
19.000	-93.446	0.204
20.000	-93.088	0.186
21.000	-92.729	0.218
22.000	-92.370	0.266
23.000	-92.012	0.208
24.000	-91.653	0.184
25.000	-91.294	0.214
26.000	-90.936	0.190
27.000	-90.577	0.231
28.000	-90.218	0.237
29.000	-89.860	0.228
30.000	-89.501	0.235
31.000	-89.142	0.233
32.000	-88.783	0.246
33.000	-88.425	0.240
34.000	-88.066	0.221
35.000	-87.707	0.199
36.000	-87.349	0.208
37.000	-86.990	0.219
38.000	-86.631	0.210
39.000	-86.273	0.226
40.000	-85.914	0.230
41.000	-85.555	0.268
42.000	-85.197	0.213
43.000	-84.838	0.214
44.000	-84.479	0.233
45.000	-84.121	0.217
46.000	-83.762	0.213
47.000	-83.403	0.228
48.000	-83.045	0.241
49.000	-82.686	0.211
50.000	-82.327	0.210
51.000	-81.969	0.217
52.000	-81.610	0.188
53.000	-81.251	0.221
54.000	-80.892	0.207
55.000	-80.534	0.215
56.000	-80.175	0.217
57.000	-79.816	0.237
58.000	-79.458	0.215
59.000	-79.099	0.219
60.000	-78.740	0.211
61.000	-78.382	0.225
62.000	-78.023	0.209
63.000	-77.664	0.211
64.000	-77.306	0.181
65.000	-76.947	0.205
66.000	-76.588	0.222
67.000	-76.230	0.219
68.000	-75.871	0.207
69.000	-75.512	0.217
70.000	-75.154	0.219
71.000	-74.795	0.219
72.000	-74.436	0.207
73.000	-74.077	0.206
74.000	-73.719	0.211
75.000	-73.360	0.205
76.000	-73.001	0.233
77.000	-72.643	0.242
78.000	-72.284	0.194
79.000	-71.925	0.190
80.000	-71.567	0.226
81.000	-71.208	0.186
82.000	-70.849	0.229
83.000	-70.491	0.231
84.000	-70.132	0.225
85.000	-69.773	0.228
86.000	-69.415	0.196
87.000	-69.056	0.202
88.000	-68.697	0.210
89.000	-68.339	0.218
90.000	-67.980	0.203
91.000	-67.621	0.191
92.000	-67.263	0.205
93.000	-66.904	0.211
94.000	-66.545	0.210
95.000	-66.186	0.206
96.000	-65.828	0.227
97.000	-65.469	0.200
98.000	-65.110	0.188
99.000	-64.752	0.187
100.000	-64.393	0.242
101.000	-64.034	0.222
102.000	-63.676	0.199
103.000	-63.317	0.227
104.000	-62.958	0.237
105.000	-62.600	0.210
106.000	-62.241	0.211
107.000	-61.882	0.219
108.000	-61.524	0.228
109.000	-61.165	0.213
110.000	-60.806	0.231
111.000	-60.448	0.216
112.000	-60.089	0.215
113.000	-59.730	0.206
114.000	-59.371	0.211
115.000	-59.013	0.223
116.000	-58.654	0.229
117.000	-58.295	0.215
118.000	-57.937	0.211
119.000	-57.578	0.200
120.000	-57.219	0.211
121.000	-56.861	0.199
122.000	-56.502	0.180
123.000	-56.143	0.192
124.000	-55.785	0.203
125.000	-55.426	0.206
126.000	-55.067	0.195
127.000	-54.709	0.200
128.000	-54.350	0.199
129.000	-53.991	0.211
130.000	-53.633	0.208
131.000	-53.274	0.199
132.000	-52.915	0.231
133.000	-52.557	0.228
134.000	-52.198	0.210
135.000	-51.839	0.246
136.000	-51.480	0.231
137.000	-51.122	0.226
138.000	-50.763	0.184
139.000	-50.404	0.223
140.000	-50.046	0.192
141.000	-49.687	0.217
142.000	-49.328	0.209
143.000	-48.970	0.213
144.000	-48.611	0.195
145.000	-48.252	0.210
146.000	-47.894	0.216
147.000	-47.535	0.228
148.000	-47.176	0.212
149.000	-46.818	0.215
150.000	-46.459	0.198
151.000	-46.100	0.189
152.000	-45.742	0.152
153.000	-45.383	0.194
154.000	-45.024	0.207
155.000	-44.666	0.213
156.000	-44.307	0.211
157.000	-43.948	0.184
158.000	-43.589	0.192
159.000	-43.231	0.203
160.000	-42.872	0.182
161.000	-42.513	0.212
162.000	-42.155	0.200
163.000	-41.796	0.188
164.000	-41.437	0.212
165.000	-41.079	0.219
166.000	-40.720	0.175
167.000	-40.361	0.179
168.000	-40.003	0.191
169.000	-39.644	0.184
170.000	-39.285	0.195
171.000	-38.927	0.170
172.000	-38.568	0.174
173.000	-38.209	0.169
174.000	-37.851	0.180
175.000	-37.492	0.173
176.000	-37.133	0.172
177.000	-36.774	0.146
178.000	-36.416	0.152
179.000	-36.057	0.162
180.000	-35.698	0.140
181.000	-35.340	0.139
182.000	-34.981	0.146
183.000	-34.622	0.158
184.000	-34.264	0.171
185.000	-33.905	0.154
186.000	-33.546	0.155
187.000	-33.188	0.162
188.000	-32.829	0.155
189.000	-32.470	0.167
190.000	-32.112	0.169
191.000	-31.753	0.155
192.000	-31.394	0.151
193.000	-31.036	0.152
194.000	-30.677	0.170
195.000	-30.318	0.167
196.000	-29.960	0.174
197.000	-29.601	0.152
198.000	-29.242	0.134
199.000	-28.883	0.118
200.000	-28.525	0.144
201.000	-28.166	0.141
202.000	-27.807	0.161
203.000	-27.449	0.143
204.000	-27.090	0.139
205.000	-26.731	0.162
206.000	-26.373	0.149
207.000	-26.014	0.167
208.000	-25.655	0.156
209.000	-25.297	0.157
210.000	-24.938	0.153
211.000	-24.579	0.147
212.000	-24.221	0.138
213.000	-23.862	0.142
214.000	-23.503	0.125
215.000	-23.145	0.148
216.000	-22.786	0.144
217.000	-22.427	0.139
218.000	-22.069	0.159
219.000	-21.710	0.150
220.000	-21.351	0.157
221.000	-20.992	0.150
222.000	-20.634	0.126
223.000	-20.275	0.141
224.000	-19.916	0.134
225.000	-19.558	0.124
226.000	-19.199	0.128
227.000	-18.840	0.138
228.000	-18.482	0.135
229.000	-18.123	0.120
230.000	-17.764	0.134
231.000	-17.406	0.125
232.000	-17.047	0.108
233.000	-16.688	0.125
234.000	-16.330	0.131
235.000	-15.971	0.144
236.000	-15.612	0.150
237.000	-15.254	0.121
238.000	-14.895	0.129
239.000	-14.536	0.126
240.000	-14.177	0.121
241.000	-13.819	0.120
242.000	-13.460	0.135
243.000	-13.101	0.109
244.000	-12.743	0.097
245.000	-12.384	0.105
246.000	-12.025	0.113
247.000	-11.667	0.098
248.000	-11.308	0.099
249.000	-10.949	0.120
250.000	-10.591	0.127
251.000	-10.232	0.101
252.000	-9.873	0.111
253.000	-9.515	0.092
254.000	-9.156	0.104
255.000	-8.797	0.090
256.000	-8.439	0.080
257.000	-8.080	0.095
258.000	-7.721	0.086
259.000	-7.363	0.087
260.000	-7.004	0.071
261.000	-6.645	0.071
262.000	-6.286	0.065
263.000	-5.928	0.057
264.000	-5.569	0.060
265.000	-5.210	0.054
266.000	-4.852	0.055
267.000	-4.493	0.062
268.000	-4.134	0.052
269.000	-3.776	0.049
270.000	-3.417	0.044
271.000	-3.058	0.036
272.000	-2.700	0.026
273.000	-2.341	0.032
274.000	-1.982	0.029
275.000	-1.624	0.024
276.000	-1.265	0.017
277.000	-0.906	0.017
278.000	-0.548	0.014
279.000	-0.189	0.015
280.000	0.170	0.015
281.000	0.529	0.014
282.000	0.887	0.025
283.000	1.246	0.017
284.000	1.605	0.013
285.000	1.963	0.011
286.000	2.322	0.011
287.000	2.681	0.014
288.000	3.039	0.018
289.000	3.398	0.011
290.000	3.757	0.016
291.000	4.115	0.003
292.000	4.474	0.002
293.000	4.833	0.001
294.000	5.191	0.003
295.000	5.550	0.001
296.000	5.909	0.004
297.000	6.267	0.004
298.000	6.626	0.008
299.000	6.985	0.014
300.000	7.343	0.006
301.000	7.702	0.008
302.000	8.061	0.014
303.000	8.420	0.007
304.000	8.778	0.006
305.000	9.137	0.007
306.000	9.496	0.008
307.000	9.854	0.013
308.000	10.213	0.004
309.000	10.572	0.015
310.000	10.930	0.004
311.000	11.289	0.006
312.000	11.648	0.013
313.000	12.006	0.008
314.000	12.365	0.003
315.000	12.724	0.009
316.000	13.082	0.005
317.000	13.441	0.009
318.000	13.800	0.013
319.000	14.158	0.006
320.000	14.517	0.001
321.000	14.876	0.008
322.000	15.234	0.012
323.000	15.593	0.016
324.000	15.952	0.004
325.000	16.311	0.007
326.000	16.669	0.009
327.000	17.028	0.002
328.000	17.387	0.005
329.000	17.745	0.003
330.000	18.104	0.010
331.000	18.463	0.001
332.000	18.821	0.013
333.000	19.180	0.007
334.000	19.539	0.009
335.000	19.897	0.001
336.000	20.256	0.004
337.000	20.615	-0.002
338.000	20.973	0.008
339.000	21.332	0.003
340.000	21.691	0.008
341.000	22.049	0.010
342.000	22.408	0.009
343.000	22.767	0.013
344.000	23.126	0.004
345.000	23.484	0.004
346.000	23.843	-0.003
347.000	24.202	0.005
348.000	24.560	0.001
349.000	24.919	-0.000
350.000	25.278	0.005
351.000	25.636	0.013
352.000	25.995	0.003
353.000	26.354	0.014
354.000	26.712	0.006
355.000	27.071	0.007
356.000	27.430	-0.001
357.000	27.788	0.003
358.000	28.147	-0.000
359.000	28.506	0.007
360.000	28.864	-0.002
361.000	29.223	0.005
362.000	29.582	0.002
363.000	29.940	0.001
364.000	30.299	0.001
365.000	30.658	-0.002
366.000	31.017	0.002
367.000	31.375	-0.006
368.000	31.734	-0.006
369.000	32.093	0.004
370.000	32.451	0.008
371.000	32.810	-0.002
372.000	33.169	0.004
373.000	33.527	0.006
374.000	33.886	0.006
375.000	34.245	0.006
376.000	34.603	0.002
377.000	34.962	0.019
378.000	35.321	0.009
379.000	35.679	0.009
380.000	36.038	0.001
381.000	36.397	0.003
382.000	36.755	0.001
383.000	37.114	0.002
384.000	37.473	0.001
385.000	37.831	-0.002
386.000	38.190	-0.001
387.000	38.549	-0.003
388.000	38.908	-0.005
389.000	39.266	-0.001
390.000	39.625	-0.004
391.000	39.984	0.004
392.000	40.342	-0.008
393.000	40.701	0.001
394.000	41.060	-0.005
395.000	41.418	0.003
396.000	41.777	0.001
397.000	42.136	-0.000
398.000	42.494	0.003
399.000	42.853	0.001
400.000	43.212	0.004
401.000	43.570	0.005
402.000	43.929	-0.000
403.000	44.288	-0.005
404.000	44.646	0.002
405.000	45.005	0.003
406.000	45.364	-0.003
407.000	45.723	-0.007
408.000	46.081	0.000
409.000	46.440	-0.006
410.000	46.799	-0.007
411.000	47.157	-0.012
412.000	47.516	-0.018
413.000	47.875	-0.015
414.000	48.233	-0.009
415.000	48.592	-0.014
416.000	48.951	-0.004
417.000	49.309	-0.004
418.000	49.668	-0.003
419.000	50.027	-0.005
420.000	50.385	-0.001
421.000	50.744	-0.004
422.000	51.103	-0.003
423.000	51.461	-0.000
424.000	51.820	-0.001
425.000	52.179	-0.002
426.000	52.537	-0.005
427.000	52.896	-0.006
428.000	53.255	-0.002
429.000	53.614	-0.007
430.000	53.972	-0.005
431.000	54.331	-0.001
432.000	54.690	-0.001
433.000	55.048	-0.004
434.000	55.407	-0.000
435.000	55.766	-0.001
436.000	56.124	-0.004
437.000	56.483	-0.003
438.000	56.842	-0.002
439.000	57.200	-0.001
440.000	57.559	-0.003
441.000	57.918	-0.004
442.000	58.276	-0.006
443.000	58.635	-0.014
444.000	58.994	0.006
445.000	59.352	-0.001
446.000	59.711	-0.002
447.000	60.070	-0.006
448.000	60.429	-0.008
449.000	60.787	-0.016
450.000	61.146	-0.017
451.000	61.505	-0.012
452.000	61.863	-0.018
453.000	62.222	-0.005
454.000	62.581	-0.014
455.000	62.939	-0.008
456.000	63.298	-0.002
457.000	63.657	-0.004
458.000	64.015	-0.006
459.000	64.374	-0.008
460.000	64.733	-0.003
461.000	65.091	-0.008
462.000	65.450	-0.011
463.000	65.809	-0.005
464.000	66.167	-0.012
465.000	66.526	-0.006
466.000	66.885	-0.011
467.000	67.243	-0.007
468.000	67.602	-0.018
469.000	67.961	-0.017
470.000	68.320	-0.013
471.000	68.678	-0.013
472.000	69.037	-0.003
473.000	69.396	-0.001
474.000	69.754	-0.010
475.000	70.113	-0.014
476.000	70.472	-0.016
477.000	70.830	-0.018
478.000	71.189	-0.009
479.000	71.548	-0.006
480.000	71.906	-0.006
481.000	72.265	-0.003
482.000	72.624	-0.006
483.000	72.982	-0.005
484.000	73.341	-0.005
485.000	73.700	-0.004
486.000	74.058	-0.002
487.000	74.417	-0.018
488.000	74.776	-0.006
489.000	75.134	0.000
490.000	75.493	0.001
491.000	75.852	-0.006
492.000	76.211	-0.003
493.000	76.569	-0.003
494.000	76.928	0.001
495.000	77.287	0.002
496.000	77.645	-0.000
497.000	78.004	0.002
498.000	78.363	0.001
499.000	78.721	-0.010
500.000	79.080	-0.007
0.000	-100.164	0.189
1.000	-99.808	0.171
2.000	-99.452	0.141
3.000	-99.096	0.166
4.000	-98.741	0.151
5.000	-98.385	0.200
6.000	-98.029	0.190
7.000	-97.673	0.202
8.000	-97.317	0.223
9.000	-96.961	0.197
10.000	-96.605	0.197
11.000	-96.249	0.198
12.000	-95.893	0.229
13.000	-95.538	0.218
14.000	-95.182	0.196
15.000	-94.826	0.219
16.000	-94.470	0.223
17.000	-94.114	0.179
18.000	-93.758	0.186
19.000	-93.402	0.184
20.000	-93.046	0.216
21.000	-92.690	0.214
22.000	-92.335	0.204
23.000	-91.979	0.177
24.000	-91.623	0.190
25.000	-91.267	0.164
26.000	-90.911	0.175
27.000	-90.555	0.193
28.000	-90.199	0.201
29.000	-89.843	0.206
30.000	-89.487	0.194
31.000	-89.132	0.205
32.000	-88.776	0.179
33.000	-88.420	0.193
34.000	-88.064	0.178
35.000	-87.708	0.187
36.000	-87.352	0.201
37.000	-86.996	0.197
38.000	-86.640	0.210
39.000	-86.284	0.194
40.000	-85.929	0.200
41.000	-85.573	0.176
42.000	-85.217	0.199
43.000	-84.861	0.182
44.000	-84.505	0.180
45.000	-84.149	0.172
46.000	-83.793	0.198
47.000	-83.437	0.204
48.000	-83.081	0.202
49.000	-82.726	0.203
50.000	-82.370	0.174
51.000	-82.014	0.212
52.000	-81.658	0.195
53.000	-81.302	0.236
54.000	-80.946	0.213
55.000	-80.590	0.197
56.000	-80.234	0.185
57.000	-79.878	0.180
58.000	-79.523	0.179
59.000	-79.167	0.221
60.000	-78.811	0.180
61.000	-78.455	0.218
62.000	-78.099	0.214
63.000	-77.743	0.171
64.000	-77.387	0.201
65.000	-77.031	0.206
66.000	-76.675	0.203
67.000	-76.320	0.216
68.000	-75.964	0.198
69.000	-75.608	0.194
70.000	-75.252	0.208
71.000	-74.896	0.185
72.000	-74.540	0.197
73.000	-74.184	0.221
74.000	-73.828	0.203
75.000	-73.472	0.209
76.000	-73.117	0.202
77.000	-72.761	0.226
78.000	-72.405	0.185
79.000	-72.049	0.185
80.000	-71.693	0.199
81.000	-71.337	0.183
82.000	-70.981	0.159
83.000	-70.625	0.198
84.000	-70.270	0.184
85.000	-69.914	0.163
86.000	-69.558	0.215
87.000	-69.202	0.167
88.000	-68.846	0.163
89.000	-68.490	0.159
90.000	-68.134	0.162
91.000	-67.778	0.198
92.000	-67.422	0.209
93.000	-67.067	0.178
94.000	-66.711	0.193
95.000	-66.355	0.213
96.000	-65.999	0.174
97.000	-65.643	0.178
98.000	-65.287	0.195
99.000	-64.931	0.170
100.000	-64.575	0.195
101.000	-64.219	0.187
102.000	-63.864	0.195
103.000	-63.508	0.188
104.000	-63.152	0.178
105.000	-62.796	0.168
106.000	-62.440	0.162
107.000	-62.084	0.166
108.000	-61.728	0.152
109.000	-61.372	0.156
110.000	-61.016	0.148
111.000	-60.661	0.158
112.000	-60.305	0.149
113.000	-59.949	0.159
114.000	-59.593	0.195
115.000	-59.237	0.179
116.000	-58.881	0.172
117.000	-58.525	0.177
118.000	-58.169	0.183
119.000	-57.813	0.168
120.000	-57.458	0.166
121.000	-57.102	0.220
122.000	-56.746	0.226
123.000	-56.390	0.188
124.000	-56.034	0.193
125.000	-55.678	0.189
126.000	-55.322	0.159
127.000	-54.966	0.158
128.000	-54.610	0.191
129.000	-54.255	0.231
130.000	-53.899	0.204
131.000	-53.543	0.191
132.000	-53.187	0.192
133.000	-52.831	0.164
134.000	-52.475	0.205
135.000	-52.119	0.206
136.000	-51.763	0.195
137.000	-51.407	0.216
138.000	-51.052	0.232
139.000	-50.696	0.225
140.000	-50.340	0.227
141.000	-49.984	0.216
142.000	-49.628	0.212
143.000	-49.272	0.198
144.000	-48.916	0.209
145.000	-48.560	0.230
146.000	-48.204	0.210
147.000	-47.849	0.218
148.000	-47.493	0.222
149.000	-47.137	0.199
150.000	-46.781	0.187
151.000	-46.425	0.170
152.000	-46.069	0.187
153.000	-45.713	0.186
154.000	-45.357	0.208
155.000	-45.001	0.214
156.000	-44.646	0.217
157.000	-44.290	0.217
158.000	-43.934	0.214
159.000	-43.578	0.199
160.000	-43.222	0.195
161.000	-42.866	0.186
162.000	-42.510	0.177
163.000	-42.154	0.187
164.000	-41.798	0.178
165.000	-41.443	0.163
166.000	-41.087	0.171
167.000	-40.731	0.191
168.000	-40.375	0.148
169.000	-40.019	0.148
170.000	-39.663	0.168
171.000	-39.307	0.191
172.000	-38.951	0.184
173.000	-38.595	0.163
174.000	-38.240	0.149
175.000	-37.884	0.160
176.000	-37.528	0.162
177.000	-37.172	0.179
178.000	-36.816	0.172
179.000	-36.460	0.191
180.000	-36.104	0.183
181.000	-35.748	0.164
182.000	-35.392	0.165
183.000	-35.037	0.158
184.000	-34.681	0.172
185.000	-34.325	0.177
186.000	-33.969	0.159
187.000	-33.613	0.153
188.000	-33.257	0.185
189.000	-32.901	0.144
190.000	-32.545	0.180
191.000	-32.189	0.148
192.000	-31.834	0.145
193.000	-31.478	0.172
194.000	-31.122	0.136
195.000	-30.766	0.148
196.000	-30.410	0.155
197.000	-30.054	0.166
198.000	-29.698	0.159
199.000	-29.342	0.154
200.000	-28.986	0.124
201.000	-28.631	0.115
202.000	-28.275	0.137
203.000	-27.919	0.110
204.000	-27.563	0.131
205.000	-27.207	0.114
206.000	-26.851	0.120
207.000	-26.495	0.107
208.000	-26.139	0.113
209.000	-25.783	0.094
210.000	-25.428	0.120
211.000	-25.072	0.102
212.000	-24.716	0.139
213.000	-24.360	0.109
214.000	-24.004	0.133
215.000	-23.648	0.134
216.000	-23.292	0.103
217.000	-22.936	0.118
218.000	-22.580	0.105
219.000	-22.225	0.088
220.000	-21.869	0.126
221.000	-21.513	0.104
222.000	-21.157	0.121
223.000	-20.801	0.130
224.000	-20.445	0.116
225.000	-20.089	0.115
226.000	-19.733	0.124
227.000	-19.377	0.111
228.000	-19.022	0.122
229.000	-18.666	0.117
230.000	-18.310	0.109
231.000	-17.954	0.093
232.000	-17.598	0.095
233.000	-17.242	0.109
234.000	-16.886	0.119
235.000	-16.530	0.103
236.000	-16.174	0.093
237.000	-15.819	0.102
238.000	-15.463	0.111
239.000	-15.107	0.102
240.000	-14.751	0.106
241.000	-14.395	0.089
242.000	-14.039	0.122
243.000	-13.683	0.102
244.000	-13.327	0.067
245.000	-12.971	0.068
246.000	-12.616	0.084
247.000	-12.260	0.093
248.000	-11.904	0.099
249.000	-11.548	0.071
250.000	-11.192	0.076
251.000	-10.836	0.067
252.000	-10.480	0.081
253.000	-10.124	0.074
254.000	-9.769	0.068
255.000	-9.413	0.056
256.000	-9.057	0.062
257.000	-8.701	0.055
258.000	-8.345	0.064
259.000	-7.989	0.048
260.000	-7.633	0.059
261.000	-7.277	0.041
262.000	-6.921	0.054
263.000	-6.566	0.028
264.000	-6.210	0.048
265.000	-5.854	0.031
266.000	-5.498	0.049
267.000	-5.142	0.061
268.000	-4.786	0.041
269.000	-4.430	0.033
270.000	-4.074	0.024
271.000	-3.718	0.011
272.000	-3.363	0.017
273.000	-3.007	0.004
274.000	-2.651	0.010
275.000	-2.295	0.010
276.000	-1.939	0.007
277.000	-1.583	0.015
278.000	-1.227	0.004
279.000	-0.871	-0.002
280.000	-0.515	-0.002
281.000	-0.160	0.001
282.000	0.196	-0.004
283.000	0.552	-0.001
284.000	0.908	-0.014
285.000	1.264	0.002
286.000	1.620	0.001
287.000	1.976	-0.001
288.000	2.332	-0.007
289.000	2.688	-0.020
290.000	3.043	-0.026
291.000	3.399	-0.023
292.000	3.755	-0.017
293.000	4.111	-0.009
294.000	4.467	-0.005
295.000	4.823	-0.010
296.000	5.179	-0.006
297.000	5.535	-0.009
298.000	5.891	-0.010
299.000	6.246	-0.011
300.000	6.602	-0.012
301.000	6.958	-0.015
302.000	7.314	-0.014
303.000	7.670	-0.019
304.000	8.026	-0.013
305.000	8.382	-0.019
306.000	8.738	-0.025
307.000	9.094	-0.023
308.000	9.449	-0.014
309.000	9.805	-0.021
310.000	10.161	-0.011
311.000	10.517	-0.018
312.000	10.873	-0.019
313.000	11.229	-0.028
314.000	11.585	-0.014
315.000	11.941	-0.021
316.000	12.297	-0.016
317.000	12.652	-0.018
318.000	13.008	-0.020
319.000	13.364	-0.022
320.000	13.720	-0.018
321.000	14.076	-0.026
322.000	14.432	-0.025
323.000	14.788	-0.018
324.000	15.144	-0.020
325.000	15.500	-0.018
326.000	15.855	-0.022
327.000	16.211	-0.013
328.000	16.567	-0.012
329.000	16.923	-0.016
330.000	17.279	-0.025
331.000	17.635	-0.028
332.000	17.991	-0.024
333.000	18.347	-0.022
334.000	18.703	-0.028
335.000	19.058	-0.029
336.000	19.414	-0.023
337.000	19.770	-0.023
338.000	20.126	-0.027
339.000	20.482	-0.028
340.000	20.838	-0.023
341.000	21.194	-0.021
342.000	21.550	-0.020
343.000	21.906	-0.016
344.000	22.261	-0.017
345.000	22.617	-0.020
346.000	22.973	-0.016
347.000	23.329	-0.020
348.000	23.685	-0.022
349.000	24.041	-0.022
350.000	24.397	-0.021
351.000	24.753	-0.026
352.000	25.109	-0.022
353.000	25.464	-0.022
354.000	25.820	-0.020
355.000	26.176	-0.017
356.000	26.532	-0.024
357.000	26.888	-0.022
358.000	27.244	-0.025
359.000	27.600	-0.026
360.000	27.956	-0.019
361.000	28.312	-0.014
362.000	28.667	-0.015
363.000	29.023	-0.018
364.000	29.379	-0.021
365.000	29.735	-0.021
366.000	30.091	-0.010
367.000	30.447	-0.013
368.000	30.803	-0.018
369.000	31.159	-0.019
370.000	31.515	-0.016
371.000	31.870	-0.020
372.000	32.226	-0.019
373.000	32.582	-0.018
374.000	32.938	-0.014
375.000	33.294	-0.014
376.000	33.650	-0.015
377.000	34.006	-0.023
378.000	34.362	-0.020
379.000	34.718	-0.029
380.000	35.073	-0.017
381.000	35.429	-0.018
382.000	35.785	-0.015
383.000	36.141	-0.021
384.000	36.497	-0.017
385.000	36.853	-0.017
386.000	37.209	-0.009
387.000	37.565	-0.000
388.000	37.921	-0.009
389.000	38.276	-0.006
390.000	38.632	-0.008
391.000	38.988	-0.007
392.000	39.344	-0.001
393.000	39.700	-0.012
394.000	40.056	-0.005
395.000	40.412	-0.011
396.000	40.768	-0.011
397.000	41.124	-0.011
398.000	41.479	-0.014
399.000	41.835	-0.013
400.000	42.191	-0.008
401.000	42.547	-0.004
402.000	42.903	-0.006
403.000	43.259	-0.007
404.000	43.615	-0.011
405.000	43.971	-0.009
406.000	44.327	0.001
407.000	44.682	-0.002
408.000	45.038	-0.010
409.000	45.394	-0.004
410.000	45.750	-0.001
411.000	46.106	-0.001
412.000	46.462	-0.008
413.000	46.818	-0.001
414.000	47.174	-0.007
415.000	47.530	-0.010
416.000	47.885	-0.010
417.000	48.241	-0.006
418.000	48.597	-0.005
419.000	48.953	-0.003
420.000	49.309	-0.007
421.000	49.665	0.004
422.000	50.021	-0.009
423.000	50.377	-0.006
424.000	50.732	0.000
425.000	51.088	-0.002
426.000	51.444	-0.008
427.000	51.800	-0.009
428.000	52.156	-0.003
429.000	52.512	-0.007
430.000	52.868	-0.006
431.000	53.224	-0.010
432.000	53.580	-0.002
433.000	53.935	-0.009
434.000	54.291	-0.003
435.000	54.647	0.001
436.000	55.003	0.002
437.000	55.359	0.001
438.000	55.715	-0.003
439.000	56.071	-0.005
440.000	56.427	-0.003
441.000	56.783	-0.006
442.000	57.138	0.002
443.000	57.494	0.002
444.000	57.850	-0.001
445.000	58.206	-0.002
446.000	58.562	-0.001
447.000	58.918	-0.005
448.000	59.274	-0.004
449.000	59.630	-0.004
450.000	59.986	-0.009
451.000	60.341	-0.002
452.000	60.697	-0.000
453.000	61.053	0.003
454.000	61.409	-0.003
455.000	61.765	-0.009
456.000	62.121	-0.005
457.000	62.477	-0.009
458.000	62.833	-0.006
459.000	63.189	-0.004
460.000	63.544	0.001
461.000	63.900	-0.001
462.000	64.256	-0.002
463.000	64.612	0.001
464.000	64.968	-0.007
465.000	65.324	-0.010
466.000	65.680	-0.003
467.000	66.036	-0.005
468.000	66.392	-0.001
469.000	66.747	-0.004
470.000	67.103	-0.004
471.000	67.459	-0.005
472.000	67.815	-0.001
473.000	68.171	0.003
474.000	68.527	-0.002
475.000	68.883	-0.001
476.000	69.239	-0.005
477.000	69.595	-0.005
478.000	69.950	-0.010
479.000	70.306	-0.013
480.000	70.662	-0.011
481.000	71.018	-0.009
482.000	71.374	-0.009
483.000	71.730	-0.006
484.000	72.086	-0.011
485.000	72.442	-0.002
486.000	72.798	-0.005
487.000	73.153	-0.005
488.000	73.509	-0.013
489.000	73.865	-0.007
490.000	74.221	-0.011
491.000	74.577	-0.009
492.000	74.933	-0.008
493.000	75.289	-0.011
494.000	75.645	-0.009
495.000	76.001	-0.009
496.000	76.356	-0.003
497.000	76.712	-0.002
498.000	77.068	-0.007
499.000	77.424	-0.009
500.000	77.780	-0.012
0.000	-100.262	0.188
1.000	-99.903	0.174
2.000	-99.545	0.197
3.000	-99.186	0.202
4.000	-98.828	0.173
5.000	-98.469	0.178
6.000	-98.111	0.170
7.000	-97.752	0.184
8.000	-97.394	0.192
9.000	-97.035	0.148
10.000	-96.677	0.153
11.000	-96.318	0.173
12.000	-95.960	0.172
13.000	-95.601	0.149
14.000	-95.243	0.124
15.000	-94.884	0.124
16.000	-94.526	0.139
17.000	-94.167	0.143
18.000	-93.809	0.176
19.000	-93.450	0.195
20.000	-93.092	0.164
21.000	-92.733	0.133
22.000	-92.375	0.148
23.000	-92.016	0.163
24.000	-91.658	0.192
25.000	-91.299	0.215
26.000	-90.941	0.214
27.000	-90.582	0.203
28.000	-90.224	0.159
29.000	-89.866	0.142
30.000	-89.507	0.167
31.000	-89.149	0.160
32.000	-88.790	0.176
33.000	-88.432	0.197
34.000	-88.073	0.199
35.000	-87.715	0.201
36.000	-87.356	0.170
37.000	-86.998	0.206
38.000	-86.639	0.188
39.000	-86.281	0.163
40.000	-85.922	0.164
41.000	-85.564	0.176
42.000	-85.205	0.155
43.000	-84.847	0.164
44.000	-84.488	0.181
45.000	-84.130	0.172
46.000	-83.771	0.211
47.000	-83.413	0.191
48.000	-83.054	0.195
49.000	-82.696	0.208
50.000	-82.337	0.191
51.000	-81.979	0.204
52.000	-81.620	0.233
53.000	-81.262	0.224
54.000	-80.903	0.223
55.000	-80.545	0.196
56.000	-80.186	0.203
57.000	-79.828	0.194
58.000	-79.470	0.190
59.000	-79.111	0.200
60.000	-78.753	0.195
61.000	-78.394	0.175
62.000	-78.036	0.200
63.000	-77.677	0.189
64.000	-77.319	0.190
65.000	-76.960	0.193
66.000	-76.602	0.193
67.000	-76.243	0.190
68.000	-75.885	0.214
69.000	-75.526	0.189
70.000	-75.168	0.195
71.000	-74.809	0.201
72.000	-74.451	0.191
73.000	-74.092	0.213
74.000	-73.734	0.211
75.000	-73.375	0.196
76.000	-73.017	0.197
77.000	-72.658	0.206
78.000	-72.300	0.180
79.000	-71.941	0.211
80.000	-71.583	0.183
81.000	-71.224	0.212
82.000	-70.866	0.196
83.000	-70.507	0.230
84.000	-70.149	0.219
85.000	-69.790	0.197
86.000	-69.432	0.195
87.000	-69.073	0.195
88.000	-68.715	0.199
89.000	-68.357	0.198
90.000	-67.998	0.193
91.000	-67.640	0.189
92.000	-67.281	0.180
93.000	-66.923	0.183
94.000	-66.564	0.196
95.000	-66.206	0.215
96.000	-65.847	0.197
97.000	-65.489	0.170
98.000	-65.130	0.172
99.000	-64.772	0.189
100.000	-64.413	0.183
101.000	-64.055	0.171
102.000	-63.696	0.189
103.000	-63.338	0.184
104.000	-62.979	0.193
105.000	-62.621	0.190
106.000	-62.262	0.196
107.000	-61.904	0.192
108.000	-61.545	0.192
109.000	-61.187	0.220
110.000	-60.828	0.180
111.000	-60.470	0.195
112.000	-60.111	0.192
113.000	-59.753	0.206
114.000	-59.394	0.189
115.000	-59.036	0.168
116.000	-58.677	0.178
117.000	-58.319	0.202
118.000	-57.961	0.189
119.000	-57.602	0.187
120.000	-57.244	0.193
121.000	-56.885	0.146
122.000	-56.527	0.194
123.000	-56.168	0.180
124.000	-55.810	0.171
125.000	-55.451	0.168
126.000	-55.093	0.186
127.000	-54.734	0.218
128.000	-54.376	0.190
129.000	-54.017	0.200
130.000	-53.659	0.180
131.000	-53.300	0.203
132.000	-52.942	0.194
133.000	-52.583	0.218
134.000	-52.225	0.196
135.000	-51.866	0.204
136.000	-51.508	0.181
137.000	-51.149	0.207
138.000	-50.791	0.200
139.000	-50.432	0.220
140.000	-50.074	0.190
141.000	-49.715	0.209
142.000	-49.357	0.218
143.000	-48.998	0.216
144.000	-48.640	0.191
145.000	-48.281	0.195
146.000	-47.923	0.182
147.000	-47.565	0.179
148.000	-47.206	0.168
149.000	-46.848	0.177
150.000	-46.489	0.214
151.000	-46.131	0.200
152.000	-45.772	0.181
153.000	-45.414	0.211
154.000	-45.055	0.198
155.000	-44.697	0.181
156.000	-44.338	0.167
157.000	-43.980	0.188
158.000	-43.621	0.182
159.000	-43.263	0.223
160.000	-42.904	0.178
161.000	-42.546	0.218
162.000	-42.187	0.222
163.000	-41.829	0.197
164.000	-41.470	0.197
165.000	-41.112	0.192
166.000	-40.753	0.175
167.000	-40.395	0.197
168.000	-40.036	0.173
169.000	-39.678	0.223
170.000	-39.319	0.187
171.000	-38.961	0.176
172.000	-38.602	0.207
173.000	-38.244	0.166
174.000	-37.885	0.168
175.000	-37.527	0.167
176.000	-37.169	0.170
177.000	-36.810	0.160
178.000	-36.452	0.192
179.000	-36.093	0.156
180.000	-35.735	0.161
181.000	-35.376	0.180
182.000	-35.018	0.154
183.000	-34.659	0.150
184.000	-34.301	0.160
185.000	-33.942	0.201
186.000	-33.584	0.179
187.000	-33.225	0.159
188.000	-32.867	0.160
189.000	-32.508	0.166
190.000	-32.150	0.154
191.000	-31.791	0.147
192.000	-31.433	0.169
193.000	-31.074	0.153
194.000	-30.716	0.151
195.000	-30.357	0.155
196.000	-29.999	0.174
197.000	-29.640	0.157
198.000	-29.282	0.142
199.000	-28.923	0.146
200.000	-28.565	0.101
201.000	-28.206	0.130
202.000	-27.848	0.120
203.000	-27.489	0.120
204.000	-27.131	0.138
205.000	-26.772	0.137
206.000	-26.414	0.141
207.000	-26.056	0.139
208.000	-25.697	0.115
209.000	-25.339	0.104
210.000	-24.980	0.137
211.000	-24.622	0.156
212.000	-24.263	0.130
213.000	-23.905	0.142
214.000	-23.546	0.131
215.000	-23.188	0.143
216.000	-22.829	0.128
217.000	-22.471	0.146
218.000	-22.112	0.145
219.000	-21.754	0.149
220.000	-21.395	0.119
221.000	-21.037	0.144
222.000	-20.678	0.146
223.000	-20.320	0.157
224.000	-19.961	0.142
225.000	-19.603	0.123
226.000	-19.244	0.118
227.000	-18.886	0.142
228.000	-18.527	0.131
229.000	-18.169	0.106
230.000	-17.810	0.117
231.000	-17.452	0.112
232.000	-17.093	0.129
233.000	-16.735	0.104
234.000	-16.376	0.136
235.000	-16.018	0.140
236.000	-15.660	0.090
237.000	-15.301	0.091
238.000	-14.943	0.109
239.000	-14.584	0.125
240.000	-14.226	0.128
241.000	-13.867	0.121
242.000	-13.509	0.111
243.000	-13.150	0.096
244.000	-12.792	0.123
245.000	-12.433	0.105
246.000	-12.075	0.094
247.000	-11.716	0.093
248.000	-11.358	0.083
249.000	-10.999	0.105
250.000	-10.641	0.119
251.000	-10.282	0.103
252.000	-9.924	0.068
253.000	-9.565	0.088
254.000	-9.207	0.088
255.000	-8.848	0.069
256.000	-8.490	0.073
257.000	-8.131	0.066
258.000	-7.773	0.064
259.000	-7.414	0.056
260.000	-7.056	0.050
261.000	-6.697	0.059
262.000	-6.339	0.066
263.000	-5.980	0.051
264.000	-5.622	0.073
265.000	-5.264	0.054
266.000	-4.905	0.051
267.000	-4.547	0.042
268.000	-4.188	0.061
269.000	-3.830	0.048
270.000	-3.471	0.047
271.000	-3.113	0.053
272.000	-2.754	0.039
273.000	-2.396	0.028
274.000	-2.037	0.026
275.000	-1.679	0.020
276.000	-1.320	0.025
277.000	-0.962	0.030
278.000	-0.603	0.023
279.000	-0.245	0.022
280.000	0.114	0.013
281.000	0.472	0.017
282.000	0.831	0.011
283.000	1.189	0.019
284.000	1.548	0.009
285.000	1.906	0.013
286.000	2.265	0.012
287.000	2.623	0.012
288.000	2.982	0.008
289.000	3.340	0.008
290.000	3.699	0.006
291.000	4.057	0.005
292.000	4.416	0.023
293.000	4.774	0.009
294.000	5.132	0.009
295.000	5.491	0.015
296.000	5.849	0.016
297.000	6.208	0.008
298.000	6.566	0.008
299.000	6.925	0.007
300.000	7.283	0.019
301.000	7.642	0.013
302.000	8.000	0.010
303.000	8.359	0.013
304.000	8.717	0.010
305.000	9.076	0.001
306.000	9.434	0.013
307.000	9.793	0.018
308.000	10.151	0.011
309.000	10.510	0.006
310.000	10.868	0.006
311.000	11.227	0.010
312.000	11.585	0.001
313.000	11.944	0.008
314.000	12.302	0.017
315.000	12.661	0.011
316.000	13.019	0.003
317.000	13.378	0.008
318.000	13.736	0.002
319.000	14.095	0.005
320.000	14.453	0.009
321.000	14.812	0.016
322.000	15.170	0.009
323.000	15.529	0.008
324.000	15.887	0.004
325.000	16.245	0.008
326.000	16.604	0.006
327.000	16.962	0.003
328.000	17.321	0.011
329.000	17.679	0.012
330.000	18.038	0.011
331.000	18.396	0.007
332.000	18.755	0.015
333.000	19.113	0.008
334.000	19.472	0.005
335.000	19.830	0.004
336.000	20.189	0.006
337.000	20.547	0.006
338.000	20.906	0.007
339.000	21.264	0.007
340.000	21.623	0.003
341.000	21.981	-0.004
342.000	22.340	-0.003
343.000	22.698	0.009
344.000	23.057	0.009
345.000	23.415	0.007
346.000	23.774	0.007
347.000	24.132	0.004
348.000	24.491	0.012
349.000	24.849	0.009
350.000	25.208	0.005
351.000	25.566	0.013
352.000	25.925	0.011
353.000	26.283	0.008
354.000	26.641	0.012
355.000	27.000	0.008
356.000	27.358	0.008
357.000	27.717	0.001
358.000	28.075	0.010
359.000	28.434	0.008
360.000	28.792	0.014
361.000	29.151	0.013
362.000	29.509	0.006
363.000	29.868	0.007
364.000	30.226	0.011
365.000	30.585	0.013
366.000	30.943	0.009
367.000	31.302	0.006
368.000	31.660	0.006
369.000	32.019	0.006
370.000	32.377	0.017
371.000	32.736	0.015
372.000	33.094	0.006
373.000	33.453	0.007
374.000	33.811	0.011
375.000	34.170	0.015
376.000	34.528	0.010
377.000	34.887	0.011
378.000	35.245	0.011
379.000	35.604	0.007
380.000	35.962	0.005
381.000	36.321	0.001
382.000	36.679	0.010
383.000	37.037	0.013
384.000	37.396	0.009
385.000	37.754	0.013
386.000	38.113	0.013
387.000	38.471	0.008
388.000	38.830	0.009
389.000	39.188	0.008
390.000	39.547	0.007
391.000	39.905	0.013
392.000	40.264	0.010
393.000	40.622	0.018
394.000	40.981	0.013
395.000	41.339	0.004
396.000	41.698	-0.004
397.000	42.056	-0.002
398.000	42.415	0.005
399.000	42.773	0.011
400.000	43.132	0.006
401.000	43.490	0.007
402.000	43.849	0.007
403.000	44.207	0.008
404.000	44.566	0.002
405.000	44.924	0.008
406.000	45.283	0.004
407.000	45.641	0.011
408.000	46.000	0.014
409.000	46.358	0.016
410.000	46.717	0.012
411.000	47.075	0.009
412.000	47.433	0.006
413.000	47.792	0.007
414.000	48.150	0.002
415.000	48.509	0.001
416.000	48.867	-0.001
417.000	49.226	0.004
418.000	49.584	0.006
419.000	49.943	-0.002
420.000	50.301	0.010
421.000	50.660	0.004
422.000	51.018	0.002
423.000	51.377	0.006
424.000	51.735	0.002
425.000	52.094	0.005
426.000	52.452	0.007
427.000	52.811	-0.001
428.000	53.169	0.005
429.000	53.528	0.005
430.000	53.886	0.007
431.000	54.245	0.004
432.000	54.603	0.002
433.000	54.962	-0.003
434.000	55.320	-0.004
435.000	55.679	0.004
436.000	56.037	0.006
437.000	56.396	0.011
438.000	56.754	0.006
439.000	57.113	0.010
440.000	57.471	0.010
441.000	57.830	0.012
442.000	58.188	0.001
443.000	58.546	0.011
444.000	58.905	0.004
445.000	59.263	0.011
446.000	59.622	0.008
447.000	59.980	0.010
448.000	60.339	0.003
449.000	60.697	0.009
450.000	61.056	0.008
451.000	61.414	0.003
452.000	61.773	0.004
453.000	62.131	0.010
454.000	62.490	0.010
455.000	62.848	0.008
456.000	63.207	0.007
457.000	63.565	0.011
458.000	63.924	0.006
459.000	64.282	0.009
460.000	64.641	0.011
461.000	64.999	0.006
462.000	65.358	0.009
463.000	65.716	0.006
464.000	66.075	0.010
465.000	66.433	0.004
466.000	66.792	0.003
467.000	67.150	0.014
468.000	67.509	-0.003
469.000	67.867	-0.000
470.000	68.226	0.000
471.000	68.584	-0.002
472.000	68.942	0.007
473.000	69.301	0.009
474.000	69.659	-0.005
475.000	70.018	-0.001
476.000	70.376	-0.004
477.000	70.735	0.000
478.000	71.093	0.002
479.000	71.452	0.010
480.000	71.810	0.007
481.000	72.169	0.005
482.000	72.527	0.005
483.000	72.886	0.002
484.000	73.244	0.003
485.000	73.603	0.004
486.000	73.961	0.001
487.000	74.320	-0.005
488.000	74.678	0.004
489.000	75.037	0.002
490.000	75.395	0.006
491.000	75.754	-0.004
492.000	76.112	-0.001
493.000	76.471	-0.007
494.000	76.829	0.004
495.000	77.188	0.001
496.000	77.546	-0.001
497.000	77.905	-0.005
498.000	78.263	0.001
499.000	78.622	-0.007
500.000	78.980	0.000
