# MW Resoncance Scan w/ the Dye laser.
# Hittite at 18510.6 MHz & 18.6 dBm
# MW Attn at 14 dB
i	f	s
0.000	-60.364	0.068
1.000	-60.008	0.070
2.000	-59.653	0.070
3.000	-59.297	0.067
4.000	-58.941	0.073
5.000	-58.585	0.074
6.000	-58.229	0.077
7.000	-57.873	0.078
8.000	-57.518	0.073
9.000	-57.162	0.081
10.000	-56.806	0.084
11.000	-56.450	0.086
12.000	-56.094	0.077
13.000	-55.739	0.078
14.000	-55.383	0.077
15.000	-55.027	0.078
16.000	-54.671	0.078
17.000	-54.315	0.080
18.000	-53.960	0.083
19.000	-53.604	0.091
20.000	-53.248	0.089
21.000	-52.892	0.091
22.000	-52.536	0.082
23.000	-52.180	0.083
24.000	-51.825	0.084
25.000	-51.469	0.092
26.000	-51.113	0.093
27.000	-50.757	0.088
28.000	-50.401	0.090
29.000	-50.046	0.093
30.000	-49.690	0.095
31.000	-49.334	0.098
32.000	-48.978	0.103
33.000	-48.622	0.101
34.000	-48.267	0.097
35.000	-47.911	0.094
36.000	-47.555	0.097
37.000	-47.199	0.094
38.000	-46.843	0.093
39.000	-46.487	0.093
40.000	-46.132	0.100
41.000	-45.776	0.102
42.000	-45.420	0.098
43.000	-45.064	0.110
44.000	-44.708	0.107
45.000	-44.353	0.096
46.000	-43.997	0.093
47.000	-43.641	0.094
48.000	-43.285	0.100
49.000	-42.929	0.096
50.000	-42.573	0.103
51.000	-42.218	0.089
52.000	-41.862	0.084
53.000	-41.506	0.081
54.000	-41.150	0.084
55.000	-40.794	0.086
56.000	-40.439	0.085
57.000	-40.083	0.089
58.000	-39.727	0.088
59.000	-39.371	0.084
60.000	-39.015	0.091
61.000	-38.660	0.091
62.000	-38.304	0.078
63.000	-37.948	0.082
64.000	-37.592	0.080
65.000	-37.236	0.077
66.000	-36.880	0.071
67.000	-36.525	0.081
68.000	-36.169	0.075
69.000	-35.813	0.068
70.000	-35.457	0.072
71.000	-35.101	0.072
72.000	-34.746	0.072
73.000	-34.390	0.069
74.000	-34.034	0.063
75.000	-33.678	0.064
76.000	-33.322	0.066
77.000	-32.967	0.064
78.000	-32.611	0.062
79.000	-32.255	0.066
80.000	-31.899	0.062
81.000	-31.543	0.059
82.000	-31.187	0.057
83.000	-30.832	0.058
84.000	-30.476	0.054
85.000	-30.120	0.060
86.000	-29.764	0.066
87.000	-29.408	0.063
88.000	-29.053	0.063
89.000	-28.697	0.063
90.000	-28.341	0.062
91.000	-27.985	0.059
92.000	-27.629	0.056
93.000	-27.273	0.058
94.000	-26.918	0.056
95.000	-26.562	0.057
96.000	-26.206	0.059
97.000	-25.850	0.062
98.000	-25.494	0.057
99.000	-25.139	0.060
100.000	-24.783	0.062
101.000	-24.427	0.058
102.000	-24.071	0.062
103.000	-23.715	0.064
104.000	-23.360	0.062
105.000	-23.004	0.067
106.000	-22.648	0.066
107.000	-22.292	0.067
108.000	-21.936	0.067
109.000	-21.580	0.067
110.000	-21.225	0.071
111.000	-20.869	0.068
112.000	-20.513	0.067
113.000	-20.157	0.067
114.000	-19.801	0.068
115.000	-19.446	0.056
116.000	-19.090	0.060
117.000	-18.734	0.062
118.000	-18.378	0.061
119.000	-18.022	0.059
120.000	-17.667	0.065
121.000	-17.311	0.064
122.000	-16.955	0.068
123.000	-16.599	0.066
124.000	-16.243	0.069
125.000	-15.887	0.069
126.000	-15.532	0.075
127.000	-15.176	0.077
128.000	-14.820	0.071
129.000	-14.464	0.070
130.000	-14.108	0.065
131.000	-13.753	0.075
132.000	-13.397	0.075
133.000	-13.041	0.079
134.000	-12.685	0.081
135.000	-12.329	0.082
136.000	-11.973	0.078
137.000	-11.618	0.081
138.000	-11.262	0.077
139.000	-10.906	0.082
140.000	-10.550	0.084
141.000	-10.194	0.089
142.000	-9.839	0.080
143.000	-9.483	0.086
144.000	-9.127	0.079
145.000	-8.771	0.078
146.000	-8.415	0.078
147.000	-8.060	0.077
148.000	-7.704	0.080
149.000	-7.348	0.087
150.000	-6.992	0.079
151.000	-6.636	0.083
152.000	-6.280	0.087
153.000	-5.925	0.076
154.000	-5.569	0.080
155.000	-5.213	0.076
156.000	-4.857	0.076
157.000	-4.501	0.073
158.000	-4.146	0.071
159.000	-3.790	0.070
160.000	-3.434	0.074
161.000	-3.078	0.071
162.000	-2.722	0.064
163.000	-2.367	0.068
164.000	-2.011	0.063
165.000	-1.655	0.070
166.000	-1.299	0.072
167.000	-0.943	0.065
168.000	-0.587	0.065
169.000	-0.232	0.062
170.000	0.124	0.064
171.000	0.480	0.058
172.000	0.836	0.062
173.000	1.192	0.061
174.000	1.547	0.055
175.000	1.903	0.063
176.000	2.259	0.063
177.000	2.615	0.056
178.000	2.971	0.058
179.000	3.327	0.061
180.000	3.682	0.057
181.000	4.038	0.055
182.000	4.394	0.053
183.000	4.750	0.049
184.000	5.106	0.046
185.000	5.461	0.052
186.000	5.817	0.056
187.000	6.173	0.055
188.000	6.529	0.054
189.000	6.885	0.056
190.000	7.240	0.057
191.000	7.596	0.059
192.000	7.952	0.057
193.000	8.308	0.061
194.000	8.664	0.059
195.000	9.020	0.058
196.000	9.375	0.060
197.000	9.731	0.061
198.000	10.087	0.056
199.000	10.443	0.052
200.000	10.799	0.056
201.000	11.154	0.059
202.000	11.510	0.057
203.000	11.866	0.064
204.000	12.222	0.060
205.000	12.578	0.058
206.000	12.933	0.056
207.000	13.289	0.059
208.000	13.645	0.059
209.000	14.001	0.060
210.000	14.357	0.062
211.000	14.713	0.063
212.000	15.068	0.060
213.000	15.424	0.064
214.000	15.780	0.064
215.000	16.136	0.065
216.000	16.492	0.066
217.000	16.847	0.064
218.000	17.203	0.066
219.000	17.559	0.069
220.000	17.915	0.070
221.000	18.271	0.065
222.000	18.627	0.078
223.000	18.982	0.073
224.000	19.338	0.067
225.000	19.694	0.068
226.000	20.050	0.070
227.000	20.406	0.073
228.000	20.761	0.074
229.000	21.117	0.079
230.000	21.473	0.070
231.000	21.829	0.066
232.000	22.185	0.071
233.000	22.540	0.069
234.000	22.896	0.069
235.000	23.252	0.063
236.000	23.608	0.069
237.000	23.964	0.078
238.000	24.320	0.072
239.000	24.675	0.072
240.000	25.031	0.079
241.000	25.387	0.079
242.000	25.743	0.081
243.000	26.099	0.073
244.000	26.454	0.071
245.000	26.810	0.073
246.000	27.166	0.068
247.000	27.522	0.068
248.000	27.878	0.075
249.000	28.233	0.071
250.000	28.589	0.077
251.000	28.945	0.073
252.000	29.301	0.068
253.000	29.657	0.070
254.000	30.013	0.064
255.000	30.368	0.070
256.000	30.724	0.068
257.000	31.080	0.067
258.000	31.436	0.066
259.000	31.792	0.066
260.000	32.147	0.068
261.000	32.503	0.068
262.000	32.859	0.062
263.000	33.215	0.063
264.000	33.571	0.065
265.000	33.927	0.058
266.000	34.282	0.066
267.000	34.638	0.065
268.000	34.994	0.068
269.000	35.350	0.060
270.000	35.706	0.061
271.000	36.061	0.060
272.000	36.417	0.055
273.000	36.773	0.056
274.000	37.129	0.057
275.000	37.485	0.055
276.000	37.840	0.057
277.000	38.196	0.057
278.000	38.552	0.054
279.000	38.908	0.054
280.000	39.264	0.056
281.000	39.620	0.056
282.000	39.975	0.051
283.000	40.331	0.049
284.000	40.687	0.048
285.000	41.043	0.046
286.000	41.399	0.047
287.000	41.754	0.047
288.000	42.110	0.053
289.000	42.466	0.059
290.000	42.822	0.054
291.000	43.178	0.058
292.000	43.533	0.055
293.000	43.889	0.054
294.000	44.245	0.055
295.000	44.601	0.054
296.000	44.957	0.054
297.000	45.313	0.058
298.000	45.668	0.058
299.000	46.024	0.054
300.000	46.380	0.056
0.000	-60.363	0.077
1.000	-60.006	0.083
2.000	-59.650	0.085
3.000	-59.293	0.085
4.000	-58.936	0.085
5.000	-58.579	0.088
6.000	-58.222	0.089
7.000	-57.866	0.086
8.000	-57.509	0.086
9.000	-57.152	0.090
10.000	-56.795	0.083
11.000	-56.438	0.089
12.000	-56.081	0.092
13.000	-55.725	0.085
14.000	-55.368	0.082
15.000	-55.011	0.089
16.000	-54.654	0.089
17.000	-54.297	0.094
18.000	-53.941	0.086
19.000	-53.584	0.086
20.000	-53.227	0.089
21.000	-52.870	0.096
22.000	-52.513	0.093
23.000	-52.157	0.093
24.000	-51.800	0.094
25.000	-51.443	0.089
26.000	-51.086	0.093
27.000	-50.729	0.090
28.000	-50.372	0.094
29.000	-50.016	0.100
30.000	-49.659	0.097
31.000	-49.302	0.104
32.000	-48.945	0.101
33.000	-48.588	0.101
34.000	-48.232	0.113
35.000	-47.875	0.098
36.000	-47.518	0.113
37.000	-47.161	0.103
38.000	-46.804	0.095
39.000	-46.448	0.095
40.000	-46.091	0.106
41.000	-45.734	0.108
42.000	-45.377	0.106
43.000	-45.020	0.104
44.000	-44.664	0.099
45.000	-44.307	0.096
46.000	-43.950	0.101
47.000	-43.593	0.100
48.000	-43.236	0.097
49.000	-42.879	0.096
50.000	-42.523	0.094
51.000	-42.166	0.088
52.000	-41.809	0.086
53.000	-41.452	0.092
54.000	-41.095	0.093
55.000	-40.739	0.090
56.000	-40.382	0.086
57.000	-40.025	0.091
58.000	-39.668	0.090
59.000	-39.311	0.087
60.000	-38.955	0.089
61.000	-38.598	0.092
62.000	-38.241	0.091
63.000	-37.884	0.088
64.000	-37.527	0.081
65.000	-37.170	0.084
66.000	-36.814	0.087
67.000	-36.457	0.085
68.000	-36.100	0.084
69.000	-35.743	0.078
70.000	-35.386	0.080
71.000	-35.030	0.078
72.000	-34.673	0.080
73.000	-34.316	0.074
74.000	-33.959	0.071
75.000	-33.602	0.067
76.000	-33.246	0.068
77.000	-32.889	0.071
78.000	-32.532	0.071
79.000	-32.175	0.068
80.000	-31.818	0.069
81.000	-31.462	0.071
82.000	-31.105	0.065
83.000	-30.748	0.067
84.000	-30.391	0.069
85.000	-30.034	0.068
86.000	-29.677	0.068
87.000	-29.321	0.072
88.000	-28.964	0.069
89.000	-28.607	0.067
90.000	-28.250	0.063
91.000	-27.893	0.065
92.000	-27.537	0.068
93.000	-27.180	0.064
94.000	-26.823	0.069
95.000	-26.466	0.064
96.000	-26.109	0.070
97.000	-25.753	0.070
98.000	-25.396	0.065
99.000	-25.039	0.067
100.000	-24.682	0.066
101.000	-24.325	0.067
102.000	-23.969	0.064
103.000	-23.612	0.065
104.000	-23.255	0.066
105.000	-22.898	0.068
106.000	-22.541	0.063
107.000	-22.184	0.071
108.000	-21.828	0.071
109.000	-21.471	0.071
110.000	-21.114	0.069
111.000	-20.757	0.078
112.000	-20.400	0.074
113.000	-20.044	0.072
114.000	-19.687	0.070
115.000	-19.330	0.066
116.000	-18.973	0.075
117.000	-18.616	0.074
118.000	-18.260	0.075
119.000	-17.903	0.077
120.000	-17.546	0.080
121.000	-17.189	0.084
122.000	-16.832	0.082
123.000	-16.475	0.076
124.000	-16.119	0.070
125.000	-15.762	0.071
126.000	-15.405	0.071
127.000	-15.048	0.072
128.000	-14.691	0.072
129.000	-14.335	0.073
130.000	-13.978	0.079
131.000	-13.621	0.075
132.000	-13.264	0.075
133.000	-12.907	0.072
134.000	-12.551	0.082
135.000	-12.194	0.081
136.000	-11.837	0.081
137.000	-11.480	0.091
138.000	-11.123	0.082
139.000	-10.767	0.076
140.000	-10.410	0.075
141.000	-10.053	0.084
142.000	-9.696	0.075
143.000	-9.339	0.070
144.000	-8.982	0.071
145.000	-8.626	0.065
146.000	-8.269	0.077
147.000	-7.912	0.073
148.000	-7.555	0.078
149.000	-7.198	0.076
150.000	-6.842	0.075
151.000	-6.485	0.073
152.000	-6.128	0.079
153.000	-5.771	0.078
154.000	-5.414	0.074
155.000	-5.058	0.080
156.000	-4.701	0.077
157.000	-4.344	0.082
158.000	-3.987	0.074
159.000	-3.630	0.070
160.000	-3.273	0.073
161.000	-2.917	0.069
162.000	-2.560	0.071
163.000	-2.203	0.069
164.000	-1.846	0.065
165.000	-1.489	0.064
166.000	-1.133	0.065
167.000	-0.776	0.066
168.000	-0.419	0.062
169.000	-0.062	0.066
170.000	0.295	0.059
171.000	0.651	0.062
172.000	1.008	0.057
173.000	1.365	0.058
174.000	1.722	0.054
175.000	2.079	0.056
176.000	2.435	0.056
177.000	2.792	0.050
178.000	3.149	0.052
179.000	3.506	0.052
180.000	3.863	0.050
181.000	4.220	0.049
182.000	4.576	0.049
183.000	4.933	0.050
184.000	5.290	0.051
185.000	5.647	0.052
186.000	6.004	0.052
187.000	6.360	0.051
188.000	6.717	0.051
189.000	7.074	0.054
190.000	7.431	0.052
191.000	7.788	0.050
192.000	8.144	0.050
193.000	8.501	0.049
194.000	8.858	0.053
195.000	9.215	0.053
196.000	9.572	0.053
197.000	9.929	0.055
198.000	10.285	0.055
199.000	10.642	0.056
200.000	10.999	0.055
201.000	11.356	0.056
202.000	11.713	0.057
203.000	12.069	0.057
204.000	12.426	0.059
205.000	12.783	0.061
206.000	13.140	0.055
207.000	13.497	0.056
208.000	13.853	0.060
209.000	14.210	0.057
210.000	14.567	0.058
211.000	14.924	0.058
212.000	15.281	0.060
213.000	15.637	0.059
214.000	15.994	0.060
215.000	16.351	0.063
216.000	16.708	0.064
217.000	17.065	0.059
218.000	17.422	0.062
219.000	17.778	0.062
220.000	18.135	0.062
221.000	18.492	0.059
222.000	18.849	0.058
223.000	19.206	0.058
224.000	19.562	0.061
225.000	19.919	0.061
226.000	20.276	0.061
227.000	20.633	0.060
228.000	20.990	0.067
229.000	21.346	0.066
230.000	21.703	0.061
231.000	22.060	0.064
232.000	22.417	0.068
233.000	22.774	0.059
234.000	23.130	0.061
235.000	23.487	0.066
236.000	23.844	0.067
237.000	24.201	0.069
238.000	24.558	0.066
239.000	24.915	0.070
240.000	25.271	0.075
241.000	25.628	0.071
242.000	25.985	0.069
243.000	26.342	0.070
244.000	26.699	0.069
245.000	27.055	0.065
246.000	27.412	0.067
247.000	27.769	0.066
248.000	28.126	0.070
249.000	28.483	0.066
250.000	28.839	0.068
251.000	29.196	0.066
252.000	29.553	0.062
253.000	29.910	0.065
254.000	30.267	0.062
255.000	30.624	0.062
256.000	30.980	0.066
257.000	31.337	0.060
258.000	31.694	0.057
259.000	32.051	0.061
260.000	32.408	0.063
261.000	32.764	0.058
262.000	33.121	0.062
263.000	33.478	0.057
264.000	33.835	0.059
265.000	34.192	0.059
266.000	34.548	0.061
267.000	34.905	0.065
268.000	35.262	0.061
269.000	35.619	0.062
270.000	35.976	0.058
271.000	36.332	0.061
272.000	36.689	0.057
273.000	37.046	0.055
274.000	37.403	0.051
275.000	37.760	0.053
276.000	38.117	0.052
277.000	38.473	0.053
278.000	38.830	0.052
279.000	39.187	0.053
280.000	39.544	0.050
281.000	39.901	0.053
282.000	40.257	0.052
283.000	40.614	0.055
284.000	40.971	0.051
285.000	41.328	0.052
286.000	41.685	0.056
287.000	42.041	0.048
288.000	42.398	0.048
289.000	42.755	0.048
290.000	43.112	0.053
291.000	43.469	0.050
292.000	43.826	0.048
293.000	44.182	0.054
294.000	44.539	0.053
295.000	44.896	0.047
296.000	45.253	0.049
297.000	45.610	0.050
298.000	45.966	0.051
299.000	46.323	0.054
300.000	46.680	0.050
0.000	-60.164	0.074
1.000	-59.808	0.070
2.000	-59.452	0.070
3.000	-59.095	0.076
4.000	-58.739	0.074
5.000	-58.383	0.082
6.000	-58.027	0.085
7.000	-57.671	0.085
8.000	-57.315	0.081
9.000	-56.959	0.080
10.000	-56.602	0.083
11.000	-56.246	0.089
12.000	-55.890	0.081
13.000	-55.534	0.081
14.000	-55.178	0.087
15.000	-54.822	0.083
16.000	-54.466	0.081
17.000	-54.109	0.090
18.000	-53.753	0.086
19.000	-53.397	0.082
20.000	-53.041	0.088
21.000	-52.685	0.085
22.000	-52.329	0.090
23.000	-51.972	0.081
24.000	-51.616	0.081
25.000	-51.260	0.082
26.000	-50.904	0.085
27.000	-50.548	0.085
28.000	-50.192	0.090
29.000	-49.836	0.085
30.000	-49.479	0.084
31.000	-49.123	0.084
32.000	-48.767	0.087
33.000	-48.411	0.089
34.000	-48.055	0.088
35.000	-47.699	0.097
36.000	-47.343	0.097
37.000	-46.986	0.091
38.000	-46.630	0.096
39.000	-46.274	0.096
40.000	-45.918	0.093
41.000	-45.562	0.089
42.000	-45.206	0.092
43.000	-44.850	0.091
44.000	-44.493	0.088
45.000	-44.137	0.086
46.000	-43.781	0.082
47.000	-43.425	0.082
48.000	-43.069	0.087
49.000	-42.713	0.083
50.000	-42.357	0.088
51.000	-42.000	0.088
52.000	-41.644	0.079
53.000	-41.288	0.085
54.000	-40.932	0.088
55.000	-40.576	0.087
56.000	-40.220	0.078
57.000	-39.864	0.079
58.000	-39.507	0.078
59.000	-39.151	0.075
60.000	-38.795	0.079
61.000	-38.439	0.074
62.000	-38.083	0.068
63.000	-37.727	0.070
64.000	-37.370	0.071
65.000	-37.014	0.071
66.000	-36.658	0.068
67.000	-36.302	0.066
68.000	-35.946	0.069
69.000	-35.590	0.069
70.000	-35.234	0.065
71.000	-34.877	0.070
72.000	-34.521	0.066
73.000	-34.165	0.064
74.000	-33.809	0.069
75.000	-33.453	0.069
76.000	-33.097	0.068
77.000	-32.741	0.064
78.000	-32.384	0.063
79.000	-32.028	0.064
80.000	-31.672	0.072
81.000	-31.316	0.068
82.000	-30.960	0.067
83.000	-30.604	0.067
84.000	-30.248	0.069
85.000	-29.891	0.069
86.000	-29.535	0.069
87.000	-29.179	0.069
88.000	-28.823	0.070
89.000	-28.467	0.071
90.000	-28.111	0.067
91.000	-27.755	0.068
92.000	-27.398	0.070
93.000	-27.042	0.068
94.000	-26.686	0.068
95.000	-26.330	0.070
96.000	-25.974	0.074
97.000	-25.618	0.066
98.000	-25.262	0.072
99.000	-24.905	0.071
100.000	-24.549	0.075
101.000	-24.193	0.071
102.000	-23.837	0.071
103.000	-23.481	0.074
104.000	-23.125	0.074
105.000	-22.769	0.073
106.000	-22.412	0.072
107.000	-22.056	0.073
108.000	-21.700	0.072
109.000	-21.344	0.077
110.000	-20.988	0.070
111.000	-20.632	0.076
112.000	-20.275	0.072
113.000	-19.919	0.072
114.000	-19.563	0.074
115.000	-19.207	0.072
116.000	-18.851	0.072
117.000	-18.495	0.080
118.000	-18.139	0.074
119.000	-17.782	0.069
120.000	-17.426	0.075
121.000	-17.070	0.080
122.000	-16.714	0.078
123.000	-16.358	0.081
124.000	-16.002	0.077
125.000	-15.646	0.083
126.000	-15.289	0.083
127.000	-14.933	0.079
128.000	-14.577	0.082
129.000	-14.221	0.088
130.000	-13.865	0.079
131.000	-13.509	0.086
132.000	-13.153	0.093
133.000	-12.796	0.081
134.000	-12.440	0.076
135.000	-12.084	0.084
136.000	-11.728	0.080
137.000	-11.372	0.080
138.000	-11.016	0.081
139.000	-10.660	0.085
140.000	-10.303	0.081
141.000	-9.947	0.090
142.000	-9.591	0.085
143.000	-9.235	0.084
144.000	-8.879	0.082
145.000	-8.523	0.084
146.000	-8.167	0.080
147.000	-7.810	0.094
148.000	-7.454	0.084
149.000	-7.098	0.077
150.000	-6.742	0.082
151.000	-6.386	0.078
152.000	-6.030	0.081
153.000	-5.673	0.081
154.000	-5.317	0.082
155.000	-4.961	0.081
156.000	-4.605	0.080
157.000	-4.249	0.076
158.000	-3.893	0.075
159.000	-3.537	0.069
160.000	-3.180	0.071
161.000	-2.824	0.077
162.000	-2.468	0.077
163.000	-2.112	0.074
164.000	-1.756	0.073
165.000	-1.400	0.073
166.000	-1.044	0.070
167.000	-0.687	0.066
168.000	-0.331	0.064
169.000	0.025	0.066
170.000	0.381	0.066
171.000	0.737	0.061
172.000	1.093	0.060
173.000	1.449	0.058
174.000	1.806	0.058
175.000	2.162	0.058
176.000	2.518	0.056
177.000	2.874	0.055
178.000	3.230	0.053
179.000	3.586	0.054
180.000	3.942	0.055
181.000	4.299	0.050
182.000	4.655	0.054
183.000	5.011	0.051
184.000	5.367	0.052
185.000	5.723	0.053
186.000	6.079	0.057
187.000	6.435	0.057
188.000	6.792	0.058
189.000	7.148	0.053
190.000	7.504	0.055
191.000	7.860	0.053
192.000	8.216	0.053
193.000	8.572	0.052
194.000	8.929	0.051
195.000	9.285	0.056
196.000	9.641	0.054
197.000	9.997	0.053
198.000	10.353	0.060
199.000	10.709	0.058
200.000	11.065	0.056
201.000	11.422	0.062
202.000	11.778	0.055
203.000	12.134	0.060
204.000	12.490	0.061
205.000	12.846	0.058
206.000	13.202	0.056
207.000	13.558	0.054
208.000	13.915	0.058
209.000	14.271	0.058
210.000	14.627	0.059
211.000	14.983	0.061
212.000	15.339	0.056
213.000	15.695	0.060
214.000	16.051	0.068
215.000	16.408	0.063
216.000	16.764	0.064
217.000	17.120	0.063
218.000	17.476	0.057
219.000	17.832	0.058
220.000	18.188	0.058
221.000	18.544	0.064
222.000	18.901	0.066
223.000	19.257	0.068
224.000	19.613	0.065
225.000	19.969	0.063
226.000	20.325	0.070
227.000	20.681	0.064
228.000	21.037	0.066
229.000	21.394	0.066
230.000	21.750	0.069
231.000	22.106	0.065
232.000	22.462	0.062
233.000	22.818	0.063
234.000	23.174	0.064
235.000	23.530	0.069
236.000	23.887	0.068
237.000	24.243	0.070
238.000	24.599	0.070
239.000	24.955	0.068
240.000	25.311	0.074
241.000	25.667	0.078
242.000	26.024	0.076
243.000	26.380	0.077
244.000	26.736	0.075
245.000	27.092	0.072
246.000	27.448	0.072
247.000	27.804	0.074
248.000	28.160	0.068
249.000	28.517	0.072
250.000	28.873	0.070
251.000	29.229	0.073
252.000	29.585	0.077
253.000	29.941	0.070
254.000	30.297	0.072
255.000	30.653	0.073
256.000	31.010	0.070
257.000	31.366	0.066
258.000	31.722	0.064
259.000	32.078	0.068
260.000	32.434	0.068
261.000	32.790	0.065
262.000	33.146	0.069
263.000	33.503	0.067
264.000	33.859	0.064
265.000	34.215	0.065
266.000	34.571	0.062
267.000	34.927	0.058
268.000	35.283	0.060
269.000	35.639	0.056
270.000	35.996	0.062
271.000	36.352	0.058
272.000	36.708	0.059
273.000	37.064	0.058
274.000	37.420	0.055
275.000	37.776	0.054
276.000	38.132	0.052
277.000	38.489	0.058
278.000	38.845	0.054
279.000	39.201	0.050
280.000	39.557	0.058
281.000	39.913	0.055
282.000	40.269	0.053
283.000	40.626	0.053
284.000	40.982	0.054
285.000	41.338	0.057
286.000	41.694	0.053
287.000	42.050	0.055
288.000	42.406	0.054
289.000	42.762	0.058
290.000	43.119	0.053
291.000	43.475	0.055
292.000	43.831	0.055
293.000	44.187	0.060
294.000	44.543	0.062
295.000	44.899	0.058
296.000	45.255	0.059
297.000	45.612	0.054
298.000	45.968	0.055
299.000	46.324	0.052
300.000	46.680	0.054
