# Title: Dye Laser Frequency Scan, no MW or Modulation, 18 V static, looking for Stark States
# Note:	Frequency Scan at n=27. -9 V on Bot, +9 V on Top, no MW or PM. Looking for stark state transitions of 3d 3/2,5/2 -> 27f
# Type:	Frequency
# Hittite Freq:	19635.40 MHz
# Hittite: Power	14 dBm
# Laser Freq:	NaN
# Laser Mod:	NaN
# Laser Mod Attn:	NaN
# MW Attn:	MAX
# Delay:	1000 ns
# MW Off:	NaN
# Top w/o Static:	-90 mV
# Static:	-9 V on Bot +9 V on Top
# Static Off:	NaN
i	f	n	nb	s	sb
0	-4522.72	1	0	-0.00268886	-0.00858494	
1	-4522.82	1	0	-0.00528668	-0.00858494	
2	-4522.82	1	0	-0.00571417	-0.00858494	
3	-4522.82	1	0	7.33882E-5	-0.00858494	
4	-4522.82	1	0	-0.00193253	-0.00858494	
5	-4522.82	1	0	-0.00189964	-0.00858494	
6	-4522.82	1	0	-0.00400421	-0.00858494	
7	-4522.72	1	0	-0.00719395	-0.00858494	
8	-4522.72	1	0	0.000336459	-0.00858494	
9	-4522.72	1	0	-0.0052538	-0.00858494	
10	-4522.72	1	0	-0.000386986	-0.00858494	
11	-4522.72	1	0	-0.00166946	-0.00858494	
12	-4522.72	1	0	-0.00206406	-0.00858494	
13	-4522.72	1	0	-0.00653627	-0.00858494	
14	-4522.72	1	0	0.000862601	-0.00858494	
15	-4522.72	1	0	-0.00249155	-0.00858494	
16	-4522.72	1	0	-0.00311635	-0.00858494	
17	-4522.72	1	0	-0.00515515	-0.00858494	
18	-4522.72	1	0	-0.00554975	-0.00858494	
19	-4522.62	1	0	-0.00367537	-0.00858494	
20	-4522.72	1	0	-2.52634E-5	-0.00858494	
21	-4522.62	1	0	-0.000354102	-0.00858494	
22	-4522.62	1	0	-0.00383979	-0.00858494	
23	-4522.62	1	0	-5.81473E-5	-0.00858494	
24	-4522.62	1	0	0.00227661	-0.00858494	
25	-4522.62	1	0	-0.000781593	-0.00858494	
26	-4522.62	1	0	-0.00245867	-0.00858494	
27	-4522.62	1	0	-0.00739125	-0.00858494	
28	-4522.62	1	0	-0.00163657	-0.00858494	
29	-4522.62	1	0	-0.00308346	-0.00858494	
30	-4522.62	1	0	-0.000551405	-0.00858494	
31	-4522.62	1	0	-0.00203118	-0.00858494	
32	-4522.62	1	0	0.00191489	-0.00858494	
33	-4522.52	1	0	-0.00311635	-0.00858494	
34	-4522.52	1	0	0.00283563	-0.00858494	
35	-4522.52	1	0	0.0020793	-0.00858494	
36	-4522.52	1	0	-0.00295193	-0.00858494	
37	-4522.52	1	0	-0.00212983	-0.00858494	
38	-4522.52	1	0	-0.00232713	-0.00858494	
39	-4522.52	1	0	-0.00485919	-0.00858494	
40	-4522.52	1	0	-0.00282039	-0.00858494	
41	-4522.52	1	0	-0.00189964	-0.00858494	
42	-4522.52	1	0	-0.00173523	-0.00858494	
43	-4522.52	1	0	-0.000978896	-0.00858494	
44	-4522.42	1	0	-0.00328077	-0.00858494	
45	-4522.42	1	0	-0.00337942	-0.00858494	
46	-4522.42	1	0	0.00155316	-0.00858494	
47	-4522.42	1	0	-0.00183388	-0.00858494	
48	-4522.42	1	0	-0.00406998	-0.00858494	
49	-4522.42	1	0	0.000862601	-0.00858494	
50	-4522.42	1	0	-0.000354102	-0.00858494	
51	-4522.42	1	0	-0.000584289	-0.00858494	
52	-4522.42	1	0	-0.00140639	-0.00858494	
53	-4522.42	1	0	-0.00413575	-0.00858494	
54	-4522.42	1	0	-0.000288334	-0.00858494	
55	-4522.32	1	0	-0.00318212	-0.00858494	
56	-4522.32	1	0	-0.00357672	-0.00858494	
57	-4522.32	1	0	-0.00212983	-0.00858494	
58	-4522.32	1	0	0.00145451	-0.00858494	
59	-4522.32	1	0	-0.00041987	-0.00858494	
60	-4522.32	1	0	0.00447983	-0.00858494	
61	-4522.32	1	0	-0.00180099	-0.00858494	
62	-4522.32	1	0	-0.00259021	-0.00858494	
63	-4522.32	1	0	-0.000288334	-0.00858494	
64	-4522.22	1	0	-0.00041987	-0.00858494	
65	-4522.22	1	0	0.00349331	-0.00858494	
66	-4522.22	1	0	-0.00189964	-0.00858494	
67	-4522.22	1	0	-0.00459612	-0.00858494	
68	-4522.22	1	0	-0.00114332	-0.00858494	
69	-4522.22	1	0	-0.00189964	-0.00858494	
70	-4522.22	1	0	0.000928369	-0.00858494	
71	-4522.22	1	0	-0.00101178	-0.00858494	
72	-4522.22	1	0	-0.00489208	-0.00858494	
73	-4522.22	1	0	-0.00275463	-0.00858494	
74	-4522.22	1	0	-0.00558264	-0.00858494	
75	-4522.12	1	0	-0.00426728	-0.00858494	
76	-4522.12	1	0	-0.00370826	-0.00858494	
77	-4522.12	1	0	-0.00282039	-0.00858494	
78	-4522.12	1	0	-0.00285328	-0.00858494	
79	-4522.12	1	0	-0.000880244	-0.00858494	
80	-4522.12	1	0	-0.000518522	-0.00858494	
81	-4522.12	1	0	0.00227661	-0.00858494	
82	-4522.12	1	0	-0.00084736	-0.00858494	
83	-4522.12	1	0	-0.00397133	-0.00858494	
84	-4522.12	1	0	0.00293429	-0.00858494	
85	-4522.02	1	0	-0.00380691	-0.00858494	
86	-4522.02	1	0	-0.00466189	-0.00858494	
87	-4522.02	1	0	0.000500879	-0.00858494	
88	-4522.02	1	0	-0.00140639	-0.00858494	
89	-4522.02	1	0	0.00142163	-0.00858494	
90	-4522.02	1	0	-0.000485638	-0.00858494	
91	-4522.02	1	0	-0.000682941	-0.00858494	
92	-4522.02	1	0	-0.00637185	-0.00858494	
93	-4522.02	1	0	-0.0034123	-0.00858494	
94	-4522.02	1	0	0.00253968	-0.00858494	
95	-4522.02	1	0	-0.0070953	-0.00858494	
96	-4522.02	1	0	-0.00166946	-0.00858494	
97	-4521.92	1	0	0.00355908	-0.00858494	
98	-4522.02	1	0	-0.0021956	-0.00858494	
99	-4521.92	1	0	-0.00374114	-0.00858494	
100	-4521.92	1	0	-0.00393844	-0.00858494	
101	-4521.92	1	0	0.00234238	-0.00858494	
102	-4521.92	1	0	0.00211219	-0.00858494	
103	-4521.92	1	0	0.000566646	-0.00858494	
104	-4521.92	1	0	-0.00459612	-0.00858494	
105	-4521.92	1	0	-0.00114332	-0.00858494	
106	-4521.82	1	0	-0.00492496	-0.00858494	
107	-4521.82	1	0	-0.00150504	-0.00858494	
108	-4521.82	1	0	0.00257256	-0.00858494	
109	-4521.82	1	0	-0.00130773	-0.00858494	
110	-4521.82	1	0	0.000139156	-0.00858494	
111	-4521.82	1	0	0.00323024	-0.00858494	
112	-4521.82	1	0	0.000961253	-0.00858494	
113	-4521.82	1	0	0.00244103	-0.00858494	
114	-4521.82	1	0	0.00138874	-0.00858494	
115	-4521.72	1	0	-0.0011762	-0.00858494	
116	-4521.72	1	0	0.0045456	-0.00858494	
117	-4521.72	1	0	0.00171758	-0.00858494	
118	-4521.72	1	0	0.000467995	-0.00858494	
119	-4521.72	1	0	-0.00147215	-0.00858494	
120	-4521.72	1	0	-0.00134062	-0.00858494	
121	-4521.72	1	0	-0.000189683	-0.00858494	
122	-4521.72	1	0	0.000500879	-0.00858494	
123	-4521.72	1	0	-0.00120908	-0.00858494	
124	-4521.72	1	0	0.00227661	-0.00858494	
125	-4521.72	1	0	0.00115856	-0.00858494	
126	-4521.72	1	0	-0.00134062	-0.00858494	
127	-4521.72	1	0	0.00286852	-0.00858494	
128	-4521.72	1	0	0.00283563	-0.00858494	
129	-4521.72	1	0	-0.00107755	-0.00858494	
130	-4521.72	1	0	0.00316447	-0.00858494	
131	-4521.62	1	0	-0.00331365	-0.00858494	
132	-4521.62	1	0	0.000467995	-0.00858494	
133	-4521.62	1	0	-0.00170234	-0.00858494	
134	-4521.62	1	0	0.0027041	-0.00858494	
135	-4521.62	1	0	0.00313159	-0.00858494	
136	-4521.62	1	0	-0.00206406	-0.00858494	
137	-4521.62	1	0	0.00905069	-0.00858494	
138	-4521.62	1	0	-0.00259021	-0.00858494	
139	-4521.52	1	0	0.00316447	-0.00858494	
140	-4521.52	1	0	-0.000650057	-0.00858494	
141	-4521.52	1	0	-0.000946012	-0.00858494	
142	-4521.52	1	0	-0.000189683	-0.00858494	
143	-4521.52	1	0	0.00431541	-0.00858494	
144	-4521.52	1	0	0.00490732	-0.00858494	
145	-4521.52	1	0	0.000862601	-0.00858494	
146	-4521.52	1	0	0.00339466	-0.00858494	
147	-4521.52	1	0	-0.00189964	-0.00858494	
148	-4521.42	1	0	0.00122432	-0.00858494	
149	-4521.52	1	0	0.00477578	-0.00858494	
150	-4521.42	1	0	0.0049402	-0.00858494	
151	-4521.42	1	0	0.000961253	-0.00858494	
152	-4521.42	1	0	0.000402227	-0.00858494	
153	-4521.42	1	0	-0.000288334	-0.00858494	
154	-4521.42	1	0	-0.000518522	-0.00858494	
155	-4521.42	1	0	0.00283563	-0.00858494	
156	-4521.42	1	0	-0.00222848	-0.00858494	
157	-4521.42	1	0	-0.00166946	-0.00858494	
158	-4521.42	1	0	-0.00176811	-0.00858494	
159	-4521.32	1	0	-0.00176811	-0.00858494	
160	-4521.32	1	0	0.00102702	-0.00858494	
161	-4521.32	1	0	-0.000946012	-0.00858494	
162	-4521.32	1	0	-0.00374114	-0.00858494	
163	-4521.32	1	0	0.00175047	-0.00858494	
164	-4521.32	1	0	0.00369061	-0.00858494	
165	-4521.32	1	0	-0.000255451	-0.00858494	
166	-4521.32	1	0	-0.00189964	-0.00858494	
167	-4521.32	1	0	0.00227661	-0.00858494	
168	-4521.22	1	0	0.00510462	-0.00858494	
169	-4521.22	1	0	0.00730784	-0.00858494	
170	-4521.22	1	0	-0.00041987	-0.00858494	
171	-4521.22	1	0	-0.00226137	-0.00858494	
172	-4521.22	1	0	-0.00041987	-0.00858494	
173	-4521.22	1	0	-0.00170234	-0.00858494	
174	-4521.22	1	0	0.000106272	-0.00858494	
175	-4521.22	1	0	-0.000781593	-0.00858494	
176	-4521.12	1	0	-0.00587859	-0.00858494	
177	-4521.12	1	0	0.00526904	-0.00858494	
178	-4521.12	1	0	0.00198065	-0.00858494	
179	-4521.12	1	0	0.00142163	-0.00858494	
180	-4521.12	1	0	7.33882E-5	-0.00858494	
181	-4521.12	1	0	0.00467713	-0.00858494	
182	-4521.12	1	0	0.000862601	-0.00858494	
183	-4521.02	1	0	0.00408522	-0.00858494	
184	-4521.02	1	0	-0.00288616	-0.00858494	
185	-4521.02	1	0	0.000862601	-0.00858494	
186	-4521.02	1	0	-0.00147215	-0.00858494	
187	-4521.02	1	0	-9.10312E-5	-0.00858494	
188	-4521.02	1	0	0.0016847	-0.00858494	
189	-4521.02	1	0	0.00237526	-0.00858494	
190	-4521.02	1	0	-0.000650057	-0.00858494	
191	-4521.02	1	0	-9.10312E-5	-0.00858494	
192	-4521.02	1	0	0.00112567	-0.00858494	
193	-4520.92	1	0	0.000336459	-0.00858494	
194	-4520.92	1	0	-0.00347807	-0.00858494	
195	-4520.92	1	0	0.000467995	-0.00858494	
196	-4520.92	1	0	-0.00101178	-0.00858494	
197	-4520.92	1	0	0.00461136	-0.00858494	
198	-4520.92	1	0	4.05043E-5	-0.00858494	
199	-4520.92	1	0	0.00424964	-0.00858494	
200	-4520.92	1	0	7.62044E-6	-0.00858494	
201	-4520.92	1	0	-0.00291904	-0.00858494	
202	-4520.82	1	0	-0.00360961	-0.00858494	
203	-4520.82	1	0	0.00017204	-0.00858494	
204	-4520.82	1	0	-0.000452754	-0.00858494	
205	-4520.82	1	0	0.00362485	-0.00858494	
206	-4520.82	1	0	0.00155316	-0.00858494	
207	-4520.82	1	0	-0.00367537	-0.00858494	
208	-4520.82	1	0	0.00421676	-0.00858494	
209	-4520.82	1	0	0.000402227	-0.00858494	
210	-4520.72	1	0	0.00214507	-0.00858494	
211	-4520.72	1	0	-0.00107755	-0.00858494	
212	-4520.72	1	0	0.0035262	-0.00858494	
213	-4520.72	1	0	0.00461136	-0.00858494	
214	-4520.72	1	0	-0.00084736	-0.00858494	
215	-4520.72	1	0	0.00313159	-0.00858494	
216	-4520.72	1	0	-0.00189964	-0.00858494	
217	-4520.62	1	0	0.00135586	-0.00858494	
218	-4520.62	1	0	0.00283563	-0.00858494	
219	-4520.62	1	0	0.00234238	-0.00858494	
220	-4520.62	1	0	0.00441406	-0.00858494	
221	-4520.62	1	0	0.0057623	-0.00858494	
222	-4520.62	1	0	0.000566646	-0.00858494	
223	-4520.62	1	0	0.00112567	-0.00858494	
224	-4520.52	1	0	-0.0021956	-0.00858494	
225	-4520.52	1	0	0.00829436	-0.00858494	
226	-4520.52	1	0	0.0037235	-0.00858494	
227	-4520.52	1	0	0.00572942	-0.00858494	
228	-4520.52	1	0	0.00230949	-0.00858494	
229	-4520.52	1	0	-0.00104466	-0.00858494	
230	-4520.52	1	0	-0.00101178	-0.00858494	
231	-4520.42	1	0	-0.00183388	-0.00858494	
232	-4520.42	1	0	0.0027041	-0.00858494	
233	-4520.42	1	0	0.00388792	-0.00858494	
234	-4520.42	1	0	-0.00084736	-0.00858494	
235	-4520.42	1	0	0.00194777	-0.00858494	
236	-4520.42	1	0	0.00276987	-0.00858494	
237	-4520.42	1	0	-0.000518522	-0.00858494	
238	-4520.32	1	0	0.00142163	-0.00858494	
239	-4520.32	1	0	-2.52634E-5	-0.00858494	
240	-4520.32	1	0	0.00859031	-0.00858494	
241	-4520.32	1	0	0.00645286	-0.00858494	
242	-4520.32	1	0	0.0104318	-0.00858494	
243	-4520.32	1	0	0.0140819	-0.00858494	
244	-4520.32	1	0	0.00816282	-0.00858494	
245	-4520.22	1	0	0.00622267	-0.00858494	
246	-4520.22	1	0	0.00957683	-0.00858494	
247	-4520.22	1	0	0.00602537	-0.00858494	
248	-4520.22	1	0	0.0114841	-0.00858494	
249	-4520.22	1	0	0.00865608	-0.00858494	
250	-4520.12	1	0	0.00977413	-0.00858494	
251	-4520.12	1	0	0.00563076	-0.00858494	
252	-4520.12	1	0	0.00931376	-0.00858494	
253	-4520.12	1	0	0.0020793	-0.00858494	
254	-4520.12	1	0	0.0078011	-0.00858494	
255	-4520.12	1	0	0.00651863	-0.00858494	
256	-4520.02	1	0	0.00224372	-0.00858494	
257	-4520.02	1	0	0.00267121	-0.00858494	
258	-4520.02	1	0	0.00303294	-0.00858494	
259	-4520.02	1	0	0.0104647	-0.00858494	
260	-4520.02	1	0	0.00438118	-0.00858494	
261	-4520.02	1	0	0.00566365	-0.00858494	
262	-4520.02	1	0	0.000467995	-0.00858494	
263	-4519.92	1	0	0.0045456	-0.00858494	
264	-4519.92	1	0	0.00589383	-0.00858494	
265	-4519.92	1	0	0.005565	-0.00858494	
266	-4519.92	1	0	0.00977413	-0.00858494	
267	-4519.92	1	0	0.00773533	-0.00858494	
268	-4519.92	1	0	0.0079984	-0.00858494	
269	-4519.92	1	0	0.00589383	-0.00858494	
270	-4519.92	1	0	0.0057623	-0.00858494	
271	-4519.92	1	0	0.00671593	-0.00858494	
272	-4519.82	1	0	0.00766956	-0.00858494	
273	-4519.82	1	0	0.0045456	-0.00858494	
274	-4519.82	1	0	0.00836013	-0.00858494	
275	-4519.82	1	0	0.0168442	-0.00858494	
276	-4519.82	1	0	0.00684747	-0.00858494	
277	-4519.82	1	0	0.00059953	-0.00858494	
278	-4519.82	1	0	0.00839301	-0.00858494	
279	-4519.82	1	0	0.00513751	-0.00858494	
280	-4519.82	1	0	0.00484155	-0.00858494	
281	-4519.82	1	0	0.0131283	-0.00858494	
282	-4519.72	1	0	0.00286852	-0.00858494	
283	-4519.72	1	0	0.0045456	-0.00858494	
284	-4519.72	1	0	0.00300005	-0.00858494	
285	-4519.72	1	0	0.0102674	-0.00858494	
286	-4519.72	1	0	0.000106272	-0.00858494	
287	-4519.62	1	0	0.00648574	-0.00858494	
288	-4519.62	1	0	0.00586095	-0.00858494	
289	-4519.62	1	0	0.00424964	-0.00858494	
290	-4519.62	1	0	0.00569653	-0.00858494	
291	-4519.62	1	0	0.0104647	-0.00858494	
292	-4519.62	1	0	0.00855743	-0.00858494	
293	-4519.62	1	0	0.00826147	-0.00858494	
294	-4519.62	1	0	0.00872185	-0.00858494	
295	-4519.62	1	0	0.00908357	-0.00858494	
296	-4519.62	1	0	0.0138517	-0.00858494	
297	-4519.52	1	0	0.01178	-0.00858494	
298	-4519.52	1	0	0.00668305	-0.00858494	
299	-4519.52	1	0	0.00868896	-0.00858494	
300	-4519.52	1	0	0.0102674	-0.00858494	
301	-4519.52	1	0	0.014345	-0.00858494	
302	-4519.52	1	0	0.0126679	-0.00858494	
303	-4519.52	1	0	0.01349	-0.00858494	
304	-4519.52	1	0	0.0096426	-0.00858494	
305	-4519.42	1	0	0.00319736	-0.00858494	
306	-4519.42	1	0	0.00711054	-0.00858494	
307	-4519.42	1	0	0.00934664	-0.00858494	
308	-4519.42	1	0	0.00385503	-0.00858494	
309	-4519.42	1	0	0.00533481	-0.00858494	
310	-4519.42	1	0	0.00125721	-0.00858494	
311	-4519.42	1	0	0.00431541	-0.00858494	
312	-4519.42	1	0	0.00523616	-0.00858494	
313	-4519.32	1	0	0.00648574	-0.00858494	
314	-4519.32	1	0	0.00385503	-0.00858494	
315	-4519.32	1	0	0.00622267	-0.00858494	
316	-4519.32	1	0	0.00300005	-0.00858494	
317	-4519.32	1	0	0.0127008	-0.00858494	
318	-4519.32	1	0	0.00951106	-0.00858494	
319	-4519.22	1	0	0.00793264	-0.00858494	
320	-4519.22	1	0	0.00970836	-0.00858494	
321	-4519.22	1	0	0.0118787	-0.00858494	
322	-4519.22	1	0	0.00816282	-0.00858494	
323	-4519.22	1	0	0.0158248	-0.00858494	
324	-4519.22	1	0	0.0155288	-0.00858494	
325	-4519.22	1	0	0.0127666	-0.00858494	
326	-4519.22	1	0	0.0139504	-0.00858494	
327	-4519.22	1	0	0.0150356	-0.00858494	
328	-4519.22	1	0	0.00806417	-0.00858494	
329	-4519.12	1	0	0.0199024	-0.00858494	
330	-4519.12	1	0	0.0144108	-0.00858494	
331	-4519.12	1	0	0.00934664	-0.00858494	
332	-4519.12	1	0	0.00905069	-0.00858494	
333	-4519.12	1	0	0.0104318	-0.00858494	
334	-4519.12	1	0	0.0174032	-0.00858494	
335	-4519.12	1	0	0.0104647	-0.00858494	
336	-4519.12	1	0	0.0131612	-0.00858494	
337	-4519.12	1	0	0.0105962	-0.00858494	
338	-4519.12	1	0	0.00842589	-0.00858494	
339	-4519.02	1	0	0.0154302	-0.00858494	
340	-4519.02	1	0	0.00789975	-0.00858494	
341	-4519.02	1	0	0.00691323	-0.00858494	
342	-4519.02	1	0	0.00859031	-0.00858494	
343	-4519.02	1	0	0.010662	-0.00858494	
344	-4519.02	1	0	0.0110566	-0.00858494	
345	-4518.92	1	0	0.0103332	-0.00858494	
346	-4518.92	1	0	0.00937953	-0.00858494	
347	-4518.92	1	0	0.0121418	-0.00858494	
348	-4518.92	1	0	0.0104318	-0.00858494	
349	-4518.92	1	0	0.0139504	-0.00858494	
350	-4518.92	1	0	0.0163509	-0.00858494	
351	-4518.92	1	0	0.0136544	-0.00858494	
352	-4518.92	1	0	0.0155288	-0.00858494	
353	-4518.92	1	0	0.0172388	-0.00858494	
354	-4518.92	1	0	0.0131612	-0.00858494	
355	-4518.92	1	0	0.0161207	-0.00858494	
356	-4518.92	1	0	0.020001	-0.00858494	
357	-4518.92	1	0	0.0177649	-0.00858494	
358	-4518.82	1	0	0.0200339	-0.00858494	
359	-4518.82	1	0	0.00717631	-0.00858494	
360	-4518.82	1	0	0.0186528	-0.00858494	
361	-4518.82	1	0	0.0166797	-0.00858494	
362	-4518.82	1	0	0.0139175	-0.00858494	
363	-4518.82	1	0	0.0215137	-0.00858494	
364	-4518.82	1	0	0.00980702	-0.00858494	
365	-4518.72	1	0	0.0145423	-0.00858494	
366	-4518.72	1	0	0.00931376	-0.00858494	
367	-4518.72	1	0	0.00484155	-0.00858494	
368	-4518.72	1	0	0.0117143	-0.00858494	
369	-4518.72	1	0	0.00599249	-0.00858494	
370	-4518.72	1	0	0.0134571	-0.00858494	
371	-4518.72	1	0	0.00954395	-0.00858494	
372	-4518.72	1	0	0.00849166	-0.00858494	
373	-4518.72	1	0	0.0117472	-0.00858494	
374	-4518.62	1	0	0.00668305	-0.00858494	
375	-4518.62	1	0	0.00980702	-0.00858494	
376	-4518.62	1	0	0.00661728	-0.00858494	
377	-4518.62	1	0	0.0137202	-0.00858494	
378	-4518.62	1	0	0.0148054	-0.00858494	
379	-4518.62	1	0	0.0127008	-0.00858494	
380	-4518.62	1	0	0.0177649	-0.00858494	
381	-4518.62	1	0	0.0172717	-0.00858494	
382	-4518.62	1	0	0.0105633	-0.00858494	
383	-4518.62	1	0	0.00849166	-0.00858494	
384	-4518.62	1	0	0.012372	-0.00858494	
385	-4518.62	1	0	0.00605825	-0.00858494	
386	-4518.62	1	0	0.0146409	-0.00858494	
387	-4518.52	1	0	0.0141148	-0.00858494	
388	-4518.52	1	0	0.0173703	-0.00858494	
389	-4518.52	1	0	0.0125364	-0.00858494	
390	-4518.52	1	0	0.0105633	-0.00858494	
391	-4518.52	1	0	0.00730784	-0.00858494	
392	-4518.52	1	0	0.00852454	-0.00858494	
393	-4518.52	1	0	0.0120431	-0.00858494	
394	-4518.52	1	0	0.0112539	-0.00858494	
395	-4518.42	1	0	0.0102345	-0.00858494	
396	-4518.42	1	0	0.00849166	-0.00858494	
397	-4518.42	1	0	0.00947818	-0.00858494	
398	-4518.42	1	0	0.00349331	-0.00858494	
399	-4518.42	1	0	0.0124377	-0.00858494	
400	-4518.42	1	0	0.0122075	-0.00858494	
401	-4518.42	1	0	0.00688035	-0.00858494	
402	-4518.32	1	0	0.00819571	-0.00858494	
403	-4518.42	1	0	0.0131283	-0.00858494	
404	-4518.32	1	0	0.0135229	-0.00858494	
405	-4518.32	1	0	0.0114512	-0.00858494	
406	-4518.32	1	0	0.0175347	-0.00858494	
407	-4518.32	1	0	0.012372	-0.00858494	
408	-4518.32	1	0	0.0173374	-0.00858494	
409	-4518.32	1	0	0.0137202	-0.00858494	
410	-4518.32	1	0	0.0186199	-0.00858494	
411	-4518.22	1	0	0.0174032	-0.00858494	
412	-4518.22	1	0	0.0175018	-0.00858494	
413	-4518.22	1	0	0.00803129	-0.00858494	
414	-4518.22	1	0	0.0178307	-0.00858494	
415	-4518.22	1	0	0.010366	-0.00858494	
416	-4518.22	1	0	0.0107935	-0.00858494	
417	-4518.22	1	0	0.012635	-0.00858494	
418	-4518.22	1	0	0.0115499	-0.00858494	
419	-4518.12	1	0	0.00717631	-0.00858494	
420	-4518.12	1	0	0.00990567	-0.00858494	
421	-4518.12	1	0	0.00895204	-0.00858494	
422	-4518.12	1	0	0.00717631	-0.00858494	
423	-4518.12	1	0	0.00839301	-0.00858494	
424	-4518.12	1	0	0.012931	-0.00858494	
425	-4518.12	1	0	0.01349	-0.00858494	
426	-4518.12	1	0	0.0100372	-0.00858494	
427	-4518.02	1	0	0.00227661	-0.00858494	
428	-4518.02	1	0	0.00970836	-0.00858494	
429	-4518.02	1	0	0.00586095	-0.00858494	
430	-4518.02	1	0	0.0145423	-0.00858494	
431	-4518.02	1	0	0.0115499	-0.00858494	
432	-4518.02	1	0	0.015463	-0.00858494	
433	-4517.92	1	0	0.0123062	-0.00858494	
434	-4517.92	1	0	0.0122404	-0.00858494	
435	-4517.92	1	0	0.00734073	-0.00858494	
436	-4517.92	1	0	0.0141806	-0.00858494	
437	-4517.92	1	0	0.0139175	-0.00858494	
438	-4517.92	1	0	0.0158905	-0.00858494	
439	-4517.92	1	0	0.0148382	-0.00858494	
440	-4517.92	1	0	0.0111881	-0.00858494	
441	-4517.82	1	0	0.016055	-0.00858494	
442	-4517.92	1	0	0.015463	-0.00858494	
443	-4517.82	1	0	0.0156932	-0.00858494	
444	-4517.82	1	0	0.0140162	-0.00858494	
445	-4517.82	1	0	0.0102345	-0.00858494	
446	-4517.82	1	0	0.0145423	-0.00858494	
447	-4517.82	1	0	0.00816282	-0.00858494	
448	-4517.82	1	0	0.0120102	-0.00858494	
449	-4517.72	1	0	0.00655151	-0.00858494	
450	-4517.72	1	0	0.010662	-0.00858494	
451	-4517.72	1	0	0.00931376	-0.00858494	
452	-4517.72	1	0	0.00829436	-0.00858494	
453	-4517.72	1	0	0.00434829	-0.00858494	
454	-4517.62	1	0	0.0098399	-0.00858494	
455	-4517.62	1	0	0.00773533	-0.00858494	
456	-4517.62	1	0	0.0130954	-0.00858494	
457	-4517.62	1	0	0.012076	-0.00858494	
458	-4517.62	1	0	0.0110895	-0.00858494	
459	-4517.62	1	0	0.0113526	-0.00858494	
460	-4517.62	1	0	0.015463	-0.00858494	
461	-4517.52	1	0	0.0167126	-0.00858494	
462	-4517.52	1	0	0.0235854	-0.00858494	
463	-4517.52	1	0	0.0156275	-0.00858494	
464	-4517.52	1	0	0.0086232	-0.00858494	
465	-4517.52	1	0	0.016055	-0.00858494	
466	-4517.42	1	0	0.0126679	-0.00858494	
467	-4517.52	1	0	0.0122733	-0.00858494	
468	-4517.42	1	0	0.0137202	-0.00858494	
469	-4517.42	1	0	0.0159563	-0.00858494	
470	-4517.42	1	0	0.0117472	-0.00858494	
471	-4517.42	1	0	0.00960971	-0.00858494	
472	-4517.42	1	0	0.0139833	-0.00858494	
473	-4517.42	1	0	0.0130625	-0.00858494	
474	-4517.42	1	0	0.0134242	-0.00858494	
475	-4517.42	1	0	0.00829436	-0.00858494	
476	-4517.42	1	0	0.00997144	-0.00858494	
477	-4517.32	1	0	0.0171072	-0.00858494	
478	-4517.32	1	0	0.0110566	-0.00858494	
479	-4517.32	1	0	0.00908357	-0.00858494	
480	-4517.32	1	0	0.00701189	-0.00858494	
481	-4517.32	1	0	0.0113197	-0.00858494	
482	-4517.32	1	0	0.0150684	-0.00858494	
483	-4517.22	1	0	0.00793264	-0.00858494	
484	-4517.22	1	0	0.0108922	-0.00858494	
485	-4517.22	1	0	0.0121418	-0.00858494	
486	-4517.22	1	0	0.0158576	-0.00858494	
487	-4517.22	1	0	0.0113526	-0.00858494	
488	-4517.22	1	0	0.0105305	-0.00858494	
489	-4517.22	1	0	0.0180609	-0.00858494	
490	-4517.12	1	0	0.0132269	-0.00858494	
491	-4517.12	1	0	0.0184226	-0.00858494	
492	-4517.12	1	0	0.00849166	-0.00858494	
493	-4517.12	1	0	0.0118787	-0.00858494	
494	-4517.12	1	0	0.0226317	-0.00858494	
495	-4517.12	1	0	0.0148711	-0.00858494	
496	-4517.12	1	0	0.0158248	-0.00858494	
497	-4517.02	1	0	0.00924799	-0.00858494	
498	-4517.02	1	0	0.0142792	-0.00858494	
499	-4517.02	1	0	0.0167126	-0.00858494	
500	-4517.02	1	0	0.0198366	-0.00858494	
501	-4517.02	1	0	0.00977413	-0.00858494	
502	-4517.02	1	0	0.0158248	-0.00858494	
503	-4516.92	1	0	0.0125035	-0.00858494	
504	-4516.92	1	0	0.0115499	-0.00858494	
505	-4516.92	1	0	0.00786687	-0.00858494	
506	-4516.92	1	0	0.0132927	-0.00858494	
507	-4516.92	1	0	0.0114183	-0.00858494	
508	-4516.92	1	0	0.010958	-0.00858494	
509	-4516.92	1	0	0.0151342	-0.00858494	
510	-4516.92	1	0	0.0158248	-0.00858494	
511	-4516.82	1	0	0.0110566	-0.00858494	
512	-4516.82	1	0	0.0181924	-0.00858494	
513	-4516.82	1	0	0.0160878	-0.00858494	
514	-4516.82	1	0	0.0118458	-0.00858494	
515	-4516.82	1	0	0.0181595	-0.00858494	
516	-4516.82	1	0	0.0169757	-0.00858494	
517	-4516.82	1	0	0.0137202	-0.00858494	
518	-4516.82	1	0	0.0146738	-0.00858494	
519	-4516.72	1	0	0.0132927	-0.00858494	
520	-4516.72	1	0	0.0164167	-0.00858494	
521	-4516.72	1	0	0.0155617	-0.00858494	
522	-4516.72	1	0	0.0165811	-0.00858494	
523	-4516.72	1	0	0.0166469	-0.00858494	
524	-4516.72	1	0	0.0116814	-0.00858494	
525	-4516.72	1	0	0.0196722	-0.00858494	
526	-4516.72	1	0	0.0132269	-0.00858494	
527	-4516.72	1	0	0.0128981	-0.00858494	
528	-4516.62	1	0	0.0113197	-0.00858494	
529	-4516.62	1	0	0.01349	-0.00858494	
530	-4516.62	1	0	0.0152	-0.00858494	
531	-4516.62	1	0	0.0119774	-0.00858494	
532	-4516.62	1	0	0.0135229	-0.00858494	
533	-4516.62	1	0	0.0096426	-0.00858494	
534	-4516.52	1	0	0.0139175	-0.00858494	
535	-4516.52	1	0	0.0180938	-0.00858494	
536	-4516.52	1	0	0.0152329	-0.00858494	
537	-4516.52	1	0	0.0122733	-0.00858494	
538	-4516.52	1	0	0.0104976	-0.00858494	
539	-4516.52	1	0	0.0169099	-0.00858494	
540	-4516.52	1	0	0.012635	-0.00858494	
541	-4516.52	1	0	0.0155617	-0.00858494	
542	-4516.52	1	0	0.0145094	-0.00858494	
543	-4516.42	1	0	0.0221385	-0.00858494	
544	-4516.42	1	0	0.0176663	-0.00858494	
545	-4516.42	1	0	0.0132269	-0.00858494	
546	-4516.42	1	0	0.010958	-0.00858494	
547	-4516.42	1	0	0.0180938	-0.00858494	
548	-4516.42	1	0	0.0169757	-0.00858494	
549	-4516.42	1	0	0.013786	-0.00858494	
550	-4516.42	1	0	0.020856	-0.00858494	
551	-4516.32	1	0	0.0150027	-0.00858494	
552	-4516.32	1	0	0.0149698	-0.00858494	
553	-4516.32	1	0	0.0127994	-0.00858494	
554	-4516.32	1	0	0.00980702	-0.00858494	
555	-4516.32	1	0	0.0114512	-0.00858494	
556	-4516.32	1	0	0.0146409	-0.00858494	
557	-4516.22	1	0	0.0179622	-0.00858494	
558	-4516.22	1	0	0.0213821	-0.00858494	
559	-4516.22	1	0	0.0174032	-0.00858494	
560	-4516.22	1	0	0.0181924	-0.00858494	
561	-4516.22	1	0	0.0245061	-0.00858494	
562	-4516.22	1	0	0.0223687	-0.00858494	
563	-4516.22	1	0	0.0259859	-0.00858494	
564	-4516.22	1	0	0.0216123	-0.00858494	
565	-4516.12	1	0	0.0241444	-0.00858494	
566	-4516.12	1	0	0.0204943	-0.00858494	
567	-4516.12	1	0	0.0287152	-0.00858494	
568	-4516.12	1	0	0.0191789	-0.00858494	
569	-4516.12	1	0	0.0215466	-0.00858494	
570	-4516.12	1	0	0.0191132	-0.00858494	
571	-4516.12	1	0	0.0169099	-0.00858494	
572	-4516.12	1	0	0.0230921	-0.00858494	
573	-4516.12	1	0	0.0229606	-0.00858494	
574	-4516.12	1	0	0.0251967	-0.00858494	
575	-4516.12	1	0	0.0190145	-0.00858494	
576	-4516.02	1	0	0.0213821	-0.00858494	
577	-4516.02	1	0	0.0280247	-0.00858494	
578	-4516.02	1	0	0.0167455	-0.00858494	
579	-4516.02	1	0	0.0161207	-0.00858494	
580	-4516.02	1	0	0.0203956	-0.00858494	
581	-4515.92	1	0	0.0168442	-0.00858494	
582	-4515.92	1	0	0.0179951	-0.00858494	
583	-4515.92	1	0	0.0266107	-0.00858494	
584	-4515.92	1	0	0.0258543	-0.00858494	
585	-4515.82	1	0	0.0286166	-0.00858494	
586	-4515.82	1	0	0.0325298	-0.00858494	
587	-4515.82	1	0	0.0272026	-0.00858494	
588	-4515.82	1	0	0.0248678	-0.00858494	
589	-4515.82	1	0	0.0328257	-0.00858494	
590	-4515.82	1	0	0.0272355	-0.00858494	
591	-4515.72	1	0	0.0341411	-0.00858494	
592	-4515.82	1	0	0.0312144	-0.00858494	
593	-4515.72	1	0	0.0299648	-0.00858494	
594	-4515.72	1	0	0.0307212	-0.00858494	
595	-4515.72	1	0	0.0315761	-0.00858494	
596	-4515.72	1	0	0.0345028	-0.00858494	
597	-4515.72	1	0	0.0342397	-0.00858494	
598	-4515.72	1	0	0.0329573	-0.00858494	
599	-4515.72	1	0	0.0376268	-0.00858494	
600	-4515.72	1	0	0.0392381	-0.00858494	
601	-4515.72	1	0	0.0448283	-0.00858494	
602	-4515.72	1	0	0.0531151	-0.00858494	
603	-4515.72	1	0	0.0538714	-0.00858494	
604	-4515.72	1	0	0.049169	-0.00858494	
605	-4515.72	1	0	0.0594288	-0.00858494	
606	-4515.72	1	0	0.0575215	-0.00858494	
607	-4515.62	1	0	0.0690309	-0.00858494	
608	-4515.62	1	0	0.0746869	-0.00858494	
609	-4515.62	1	0	0.100303	-0.00858494	
610	-4515.62	1	0	0.11566	-0.00858494	
611	-4515.62	1	0	0.130951	-0.00858494	
612	-4515.62	1	0	0.164032	-0.00858494	
613	-4515.62	1	0	0.167518	-0.00858494	
614	-4515.62	1	0	0.192378	-0.00858494	
615	-4515.52	1	0	0.21132	-0.00858494	
616	-4515.52	1	0	0.209281	-0.00858494	
617	-4515.52	1	0	0.220626	-0.00858494	
618	-4515.52	1	0	0.203493	-0.00858494	
619	-4515.52	1	0	0.202836	-0.00858494	
620	-4515.52	1	0	0.179159	-0.00858494	
621	-4515.52	1	0	0.141047	-0.00858494	
622	-4515.52	1	0	0.12102	-0.00858494	
623	-4515.52	1	0	0.117239	-0.00858494	
624	-4515.52	1	0	0.0968178	-0.00858494	
625	-4515.42	1	0	0.0838615	-0.00858494	
626	-4515.52	1	0	0.0794222	-0.00858494	
627	-4515.42	1	0	0.0765942	-0.00858494	
628	-4515.42	1	0	0.0856044	-0.00858494	
629	-4515.42	1	0	0.0853413	-0.00858494	
630	-4515.42	1	0	0.0911946	-0.00858494	
631	-4515.42	1	0	0.0758707	-0.00858494	
632	-4515.42	1	0	0.0831052	-0.00858494	
633	-4515.42	1	0	0.0894189	-0.00858494	
634	-4515.42	1	0	0.102901	-0.00858494	
635	-4515.42	1	0	0.0959957	-0.00858494	
636	-4515.42	1	0	0.111254	-0.00858494	
637	-4515.32	1	0	0.137232	-0.00858494	
638	-4515.32	1	0	0.18156	-0.00858494	
639	-4515.32	1	0	0.188399	-0.00858494	
640	-4515.32	1	0	0.218455	-0.00858494	
641	-4515.32	1	0	0.236903	-0.00858494	
642	-4515.32	1	0	0.256634	-0.00858494	
643	-4515.32	1	0	0.246703	-0.00858494	
644	-4515.32	1	0	0.228222	-0.00858494	
645	-4515.32	1	0	0.178501	-0.00858494	
646	-4515.22	1	0	0.173108	-0.00858494	
647	-4515.22	1	0	0.141375	-0.00858494	
648	-4515.22	1	0	0.106617	-0.00858494	
649	-4515.22	1	0	0.108097	-0.00858494	
650	-4515.22	1	0	0.0944173	-0.00858494	
651	-4515.22	1	0	0.0968835	-0.00858494	
652	-4515.22	1	0	0.0986922	-0.00858494	
653	-4515.22	1	0	0.0818227	-0.00858494	
654	-4515.12	1	0	0.0846507	-0.00858494	
655	-4515.12	1	0	0.0897477	-0.00858494	
656	-4515.12	1	0	0.0765942	-0.00858494	
657	-4515.12	1	0	0.0951078	-0.00858494	
658	-4515.12	1	0	0.0935952	-0.00858494	
659	-4515.02	1	0	0.0970808	-0.00858494	
660	-4515.02	1	0	0.0904383	-0.00858494	
661	-4515.02	1	0	0.108985	-0.00858494	
662	-4515.02	1	0	0.133154	-0.00858494	
663	-4515.02	1	0	0.154167	-0.00858494	
664	-4515.02	1	0	0.198725	-0.00858494	
665	-4515.02	1	0	0.224934	-0.00858494	
666	-4515.02	1	0	0.242855	-0.00858494	
667	-4514.92	1	0	0.243447	-0.00858494	
668	-4514.92	1	0	0.221316	-0.00858494	
669	-4514.92	1	0	0.20175	-0.00858494	
670	-4514.92	1	0	0.189057	-0.00858494	
671	-4514.92	1	0	0.142099	-0.00858494	
672	-4514.92	1	0	0.133845	-0.00858494	
673	-4514.92	1	0	0.115956	-0.00858494	
674	-4514.92	1	0	0.113621	-0.00858494	
675	-4514.92	1	0	0.0997444	-0.00858494	
676	-4514.92	1	0	0.095042	-0.00858494	
677	-4514.82	1	0	0.0920825	-0.00858494	
678	-4514.82	1	0	0.0911617	-0.00858494	
679	-4514.82	1	0	0.0818227	-0.00858494	
680	-4514.82	1	0	0.0862949	-0.00858494	
681	-4514.82	1	0	0.0885639	-0.00858494	
682	-4514.82	1	0	0.0897149	-0.00858494	
683	-4514.82	1	0	0.0922469	-0.00858494	
684	-4514.72	1	0	0.103954	-0.00858494	
685	-4514.72	1	0	0.127202	-0.00858494	
686	-4514.72	1	0	0.120165	-0.00858494	
687	-4514.72	1	0	0.14519	-0.00858494	
688	-4514.72	1	0	0.169261	-0.00858494	
689	-4514.62	1	0	0.206157	-0.00858494	
690	-4514.62	1	0	0.237857	-0.00858494	
691	-4514.62	1	0	0.260711	-0.00858494	
692	-4514.62	1	0	0.291754	-0.00858494	
693	-4514.62	1	0	0.277975	-0.00858494	
694	-4514.62	1	0	0.258705	-0.00858494	
695	-4514.62	1	0	0.241244	-0.00858494	
696	-4514.62	1	0	0.232628	-0.00858494	
697	-4514.52	1	0	0.234569	-0.00858494	
698	-4514.52	1	0	0.206223	-0.00858494	
699	-4514.52	1	0	0.202605	-0.00858494	
700	-4514.52	1	0	0.180014	-0.00858494	
701	-4514.52	1	0	0.168636	-0.00858494	
702	-4514.52	1	0	0.157324	-0.00858494	
703	-4514.52	1	0	0.129735	-0.00858494	
704	-4514.42	1	0	0.133911	-0.00858494	
705	-4514.42	1	0	0.121152	-0.00858494	
706	-4514.42	1	0	0.124769	-0.00858494	
707	-4514.42	1	0	0.119771	-0.00858494	
708	-4514.32	1	0	0.113983	-0.00858494	
709	-4514.32	1	0	0.110399	-0.00858494	
710	-4514.32	1	0	0.12444	-0.00858494	
711	-4514.32	1	0	0.1225	-0.00858494	
712	-4514.32	1	0	0.150747	-0.00858494	
713	-4514.32	1	0	0.176068	-0.00858494	
714	-4514.32	1	0	0.184881	-0.00858494	
715	-4514.22	1	0	0.210629	-0.00858494	
716	-4514.22	1	0	0.231313	-0.00858494	
717	-4514.22	1	0	0.256568	-0.00858494	
718	-4514.22	1	0	0.245453	-0.00858494	
719	-4514.22	1	0	0.258738	-0.00858494	
720	-4514.22	1	0	0.246144	-0.00858494	
721	-4514.12	1	0	0.231938	-0.00858494	
722	-4514.12	1	0	0.221283	-0.00858494	
723	-4514.12	1	0	0.220132	-0.00858494	
724	-4514.12	1	0	0.213556	-0.00858494	
725	-4514.12	1	0	0.186295	-0.00858494	
726	-4514.12	1	0	0.181428	-0.00858494	
727	-4514.12	1	0	0.153937	-0.00858494	
728	-4514.02	1	0	0.133681	-0.00858494	
729	-4514.02	1	0	0.11908	-0.00858494	
730	-4514.02	1	0	0.121053	-0.00858494	
731	-4514.02	1	0	0.121974	-0.00858494	
732	-4514.02	1	0	0.125788	-0.00858494	
733	-4514.02	1	0	0.11714	-0.00858494	
734	-4514.02	1	0	0.108656	-0.00858494	
735	-4513.92	1	0	0.12102	-0.00858494	
736	-4513.92	1	0	0.146538	-0.00858494	
737	-4513.92	1	0	0.133944	-0.00858494	
738	-4513.92	1	0	0.163441	-0.00858494	
739	-4513.92	1	0	0.157489	-0.00858494	
740	-4513.82	1	0	0.201882	-0.00858494	
741	-4513.82	1	0	0.219508	-0.00858494	
742	-4513.82	1	0	0.211122	-0.00858494	
743	-4513.82	1	0	0.229176	-0.00858494	
744	-4513.82	1	0	0.225065	-0.00858494	
745	-4513.82	1	0	0.201816	-0.00858494	
746	-4513.82	1	0	0.200303	-0.00858494	
747	-4513.82	1	0	0.208031	-0.00858494	
748	-4513.82	1	0	0.205927	-0.00858494	
749	-4513.72	1	0	0.208393	-0.00858494	
750	-4513.72	1	0	0.181165	-0.00858494	
751	-4513.72	1	0	0.154003	-0.00858494	
752	-4513.72	1	0	0.12467	-0.00858494	
753	-4513.72	1	0	0.120593	-0.00858494	
754	-4513.72	1	0	0.129504	-0.00858494	
755	-4513.72	1	0	0.110761	-0.00858494	
756	-4513.72	1	0	0.10984	-0.00858494	
757	-4513.62	1	0	0.101093	-0.00858494	
758	-4513.62	1	0	0.109774	-0.00858494	
759	-4513.62	1	0	0.118554	-0.00858494	
760	-4513.62	1	0	0.112471	-0.00858494	
761	-4513.62	1	0	0.113852	-0.00858494	
762	-4513.62	1	0	0.126348	-0.00858494	
763	-4513.62	1	0	0.15614	-0.00858494	
764	-4513.52	1	0	0.156666	-0.00858494	
765	-4513.52	1	0	0.192313	-0.00858494	
766	-4513.52	1	0	0.193957	-0.00858494	
767	-4513.52	1	0	0.180902	-0.00858494	
768	-4513.52	1	0	0.190504	-0.00858494	
769	-4513.52	1	0	0.18054	-0.00858494	
770	-4513.42	1	0	0.159758	-0.00858494	
771	-4513.42	1	0	0.18077	-0.00858494	
772	-4513.42	1	0	0.186624	-0.00858494	
773	-4513.42	1	0	0.169886	-0.00858494	
774	-4513.42	1	0	0.167288	-0.00858494	
775	-4513.42	1	0	0.164164	-0.00858494	
776	-4513.42	1	0	0.116252	-0.00858494	
777	-4513.42	1	0	0.114378	-0.00858494	
778	-4513.42	1	0	0.104513	-0.00858494	
779	-4513.42	1	0	0.0945159	-0.00858494	
780	-4513.32	1	0	0.0892216	-0.00858494	
781	-4513.32	1	0	0.0874788	-0.00858494	
782	-4513.32	1	0	0.0831052	-0.00858494	
783	-4513.32	1	0	0.103493	-0.00858494	
784	-4513.32	1	0	0.0937596	-0.00858494	
785	-4513.32	1	0	0.0977056	-0.00858494	
786	-4513.32	1	0	0.112438	-0.00858494	
787	-4513.22	1	0	0.107275	-0.00858494	
788	-4513.22	1	0	0.139764	-0.00858494	
789	-4513.22	1	0	0.148577	-0.00858494	
790	-4513.22	1	0	0.15591	-0.00858494	
791	-4513.22	1	0	0.170215	-0.00858494	
792	-4513.22	1	0	0.157785	-0.00858494	
793	-4513.22	1	0	0.146308	-0.00858494	
794	-4513.22	1	0	0.139961	-0.00858494	
795	-4513.12	1	0	0.13766	-0.00858494	
796	-4513.12	1	0	0.136805	-0.00858494	
797	-4513.12	1	0	0.139435	-0.00858494	
798	-4513.12	1	0	0.139074	-0.00858494	
799	-4513.12	1	0	0.145486	-0.00858494	
800	-4513.12	1	0	0.117633	-0.00858494	
801	-4513.12	1	0	0.116647	-0.00858494	
802	-4513.12	1	0	0.0829079	-0.00858494	
803	-4513.02	1	0	0.0830394	-0.00858494	
804	-4513.02	1	0	0.0753775	-0.00858494	
805	-4513.02	1	0	0.0849467	-0.00858494	
806	-4513.02	1	0	0.0737004	-0.00858494	
807	-4513.02	1	0	0.0786659	-0.00858494	
808	-4513.02	1	0	0.0798497	-0.00858494	
809	-4513.02	1	0	0.0714643	-0.00858494	
810	-4512.92	1	0	0.0801785	-0.00858494	
811	-4512.92	1	0	0.0777122	-0.00858494	
812	-4512.92	1	0	0.0835327	-0.00858494	
813	-4512.92	1	0	0.111451	-0.00858494	
814	-4512.92	1	0	0.117568	-0.00858494	
815	-4512.82	1	0	0.128912	-0.00858494	
816	-4512.82	1	0	0.119277	-0.00858494	
817	-4512.82	1	0	0.106814	-0.00858494	
818	-4512.82	1	0	0.116219	-0.00858494	
819	-4512.82	1	0	0.104282	-0.00858494	
820	-4512.82	1	0	0.111155	-0.00858494	
821	-4512.72	1	0	0.116088	-0.00858494	
822	-4512.72	1	0	0.121349	-0.00858494	
823	-4512.72	1	0	0.113753	-0.00858494	
824	-4512.72	1	0	0.114148	-0.00858494	
825	-4512.72	1	0	0.0913262	-0.00858494	
826	-4512.72	1	0	0.0821516	-0.00858494	
827	-4512.72	1	0	0.0658083	-0.00858494	
828	-4512.72	1	0	0.0708724	-0.00858494	
829	-4512.72	1	0	0.0631118	-0.00858494	
830	-4512.72	1	0	0.0663015	-0.00858494	
831	-4512.72	1	0	0.0568967	-0.00858494	
832	-4512.62	1	0	0.0641641	-0.00858494	
833	-4512.62	1	0	0.0776465	-0.00858494	
834	-4512.62	1	0	0.0694913	-0.00858494	
835	-4512.62	1	0	0.0670907	-0.00858494	
836	-4512.62	1	0	0.0568967	-0.00858494	
837	-4512.62	1	0	0.0814939	-0.00858494	
838	-4512.62	1	0	0.0830065	-0.00858494	
839	-4512.62	1	0	0.111714	-0.00858494	
840	-4512.62	1	0	0.112569	-0.00858494	
841	-4512.62	1	0	0.101158	-0.00858494	
842	-4512.52	1	0	0.0924442	-0.00858494	
843	-4512.52	1	0	0.0860319	-0.00858494	
844	-4512.52	1	0	0.0962259	-0.00858494	
845	-4512.52	1	0	0.106847	-0.00858494	
846	-4512.52	1	0	0.100731	-0.00858494	
847	-4512.52	1	0	0.100205	-0.00858494	
848	-4512.52	1	0	0.100632	-0.00858494	
849	-4512.52	1	0	0.0918194	-0.00858494	
850	-4512.52	1	0	0.0740621	-0.00858494	
851	-4512.52	1	0	0.0665646	-0.00858494	
852	-4512.42	1	0	0.0590013	-0.00858494	
853	-4512.42	1	0	0.0604482	-0.00858494	
854	-4512.42	1	0	0.0561404	-0.00858494	
855	-4512.42	1	0	0.0488402	-0.00858494	
856	-4512.42	1	0	0.0485442	-0.00858494	
857	-4512.42	1	0	0.0488073	-0.00858494	
858	-4512.32	1	0	0.0539701	-0.00858494	
859	-4512.32	1	0	0.0456176	-0.00858494	
860	-4512.32	1	0	0.0460779	-0.00858494	
861	-4512.32	1	0	0.0635722	-0.00858494	
862	-4512.32	1	0	0.0672223	-0.00858494	
863	-4512.22	1	0	0.0799155	-0.00858494	
864	-4512.22	1	0	0.0761338	-0.00858494	
865	-4512.22	1	0	0.0867882	-0.00858494	
866	-4512.22	1	0	0.0620924	-0.00858494	
867	-4512.22	1	0	0.0573571	-0.00858494	
868	-4512.22	1	0	0.067025	-0.00858494	
869	-4512.22	1	0	0.0749171	-0.00858494	
870	-4512.22	1	0	0.0993498	-0.00858494	
871	-4512.22	1	0	0.0853742	-0.00858494	
872	-4512.22	1	0	0.0691295	-0.00858494	
873	-4512.22	1	0	0.0680773	-0.00858494	
874	-4512.22	1	0	0.0576202	-0.00858494	
875	-4512.22	1	0	0.0517011	-0.00858494	
876	-4512.12	1	0	0.0476892	-0.00858494	
877	-4512.12	1	0	0.0485113	-0.00858494	
878	-4512.12	1	0	0.0364101	-0.00858494	
879	-4512.12	1	0	0.0303594	-0.00858494	
880	-4512.12	1	0	0.0348645	-0.00858494	
881	-4512.12	1	0	0.034174	-0.00858494	
882	-4512.12	1	0	0.0374624	-0.00858494	
883	-4512.12	1	0	0.0390079	-0.00858494	
884	-4512.02	1	0	0.0320694	-0.00858494	
885	-4512.02	1	0	0.0390737	-0.00858494	
886	-4512.02	1	0	0.0425265	-0.00858494	
887	-4512.02	1	0	0.0495307	-0.00858494	
888	-4512.02	1	0	0.0539043	-0.00858494	
889	-4512.02	1	0	0.0437103	-0.00858494	
890	-4511.92	1	0	0.0444995	-0.00858494	
891	-4511.92	1	0	0.0549566	-0.00858494	
892	-4511.92	1	0	0.0512407	-0.00858494	
893	-4511.92	1	0	0.0615005	-0.00858494	
894	-4511.92	1	0	0.0654465	-0.00858494	
895	-4511.92	1	0	0.0731085	-0.00858494	
896	-4511.82	1	0	0.0736017	-0.00858494	
897	-4511.82	1	0	0.0520299	-0.00858494	
898	-4511.82	1	0	0.0484127	-0.00858494	
899	-4511.82	1	0	0.0308527	-0.00858494	
900	-4511.82	1	0	0.0298004	-0.00858494	
901	-4511.82	1	0	0.037002	-0.00858494	
902	-4511.72	1	0	0.0390079	-0.00858494	
903	-4511.72	1	0	0.0287481	-0.00858494	
904	-4511.72	1	0	0.0299648	-0.00858494	
905	-4511.72	1	0	0.0332203	-0.00858494	
906	-4511.72	1	0	0.0331546	-0.00858494	
907	-4511.72	1	0	0.0455518	-0.00858494	
908	-4511.62	1	0	0.0434472	-0.00858494	
909	-4511.62	1	0	0.0559431	-0.00858494	
910	-4511.62	1	0	0.0652164	-0.00858494	
911	-4511.62	1	0	0.0884982	-0.00858494	
912	-4511.62	1	0	0.0965876	-0.00858494	
913	-4511.52	1	0	0.0924442	-0.00858494	
914	-4511.52	1	0	0.0701818	-0.00858494	
915	-4511.52	1	0	0.0515038	-0.00858494	
916	-4511.52	1	0	0.0440391	-0.00858494	
917	-4511.52	1	0	0.0539701	-0.00858494	
918	-4511.52	1	0	0.0621582	-0.00858494	
919	-4511.42	1	0	0.0619937	-0.00858494	
920	-4511.42	1	0	0.0509119	-0.00858494	
921	-4511.42	1	0	0.0447297	-0.00858494	
922	-4511.42	1	0	0.0422963	-0.00858494	
923	-4511.32	1	0	0.0350618	-0.00858494	
924	-4511.32	1	0	0.0358839	-0.00858494	
925	-4511.32	1	0	0.0311815	-0.00858494	
926	-4511.32	1	0	0.0320365	-0.00858494	
927	-4511.32	1	0	0.0310171	-0.00858494	
928	-4511.32	1	0	0.0339109	-0.00858494	
929	-4511.22	1	0	0.033319	-0.00858494	
930	-4511.22	1	0	0.0346672	-0.00858494	
931	-4511.22	1	0	0.0438089	-0.00858494	
932	-4511.22	1	0	0.0533453	-0.00858494	
933	-4511.22	1	0	0.0762982	-0.00858494	
934	-4511.22	1	0	0.0926744	-0.00858494	
935	-4511.22	1	0	0.110629	-0.00858494	
936	-4511.22	1	0	0.111846	-0.00858494	
937	-4511.12	1	0	0.106584	-0.00858494	
938	-4511.12	1	0	0.0794551	-0.00858494	
939	-4511.12	1	0	0.0631447	-0.00858494	
940	-4511.12	1	0	0.0508132	-0.00858494	
941	-4511.12	1	0	0.0480839	-0.00858494	
942	-4511.12	1	0	0.0460122	-0.00858494	
943	-4511.02	1	0	0.05568	-0.00858494	
944	-4511.02	1	0	0.0391066	-0.00858494	
945	-4511.02	1	0	0.0467027	-0.00858494	
946	-4510.92	1	0	0.0391394	-0.00858494	
947	-4510.92	1	0	0.0314117	-0.00858494	
948	-4510.92	1	0	0.0380214	-0.00858494	
949	-4510.92	1	0	0.0292743	-0.00858494	
950	-4510.92	1	0	0.03983	-0.00858494	
951	-4510.82	1	0	0.0421319	-0.00858494	
952	-4510.82	1	0	0.0476892	-0.00858494	
953	-4510.82	1	0	0.0384489	-0.00858494	
954	-4510.82	1	0	0.0435788	-0.00858494	
955	-4510.82	1	0	0.0610072	-0.00858494	
956	-4510.82	1	0	0.0664331	-0.00858494	
957	-4510.72	1	0	0.0962259	-0.00858494	
958	-4510.72	1	0	0.124934	-0.00858494	
959	-4510.72	1	0	0.131675	-0.00858494	
960	-4510.72	1	0	0.145979	-0.00858494	
961	-4510.72	1	0	0.131576	-0.00858494	
962	-4510.72	1	0	0.0866567	-0.00858494	
963	-4510.62	1	0	0.0709053	-0.00858494	
964	-4510.62	1	0	0.0623883	-0.00858494	
965	-4510.62	1	0	0.0554498	-0.00858494	
966	-4510.62	1	0	0.0504515	-0.00858494	
967	-4510.62	1	0	0.0478537	-0.00858494	
968	-4510.62	1	0	0.0450585	-0.00858494	
969	-4510.52	1	0	0.0442693	-0.00858494	
970	-4510.52	1	0	0.0365416	-0.00858494	
971	-4510.52	1	0	0.0433157	-0.00858494	
972	-4510.42	1	0	0.0367389	-0.00858494	
973	-4510.42	1	0	0.0379556	-0.00858494	
974	-4510.42	1	0	0.040389	-0.00858494	
975	-4510.42	1	0	0.0425594	-0.00858494	
976	-4510.42	1	0	0.0524903	-0.00858494	
977	-4510.32	1	0	0.0525889	-0.00858494	
978	-4510.32	1	0	0.0656438	-0.00858494	
979	-4510.32	1	0	0.0737333	-0.00858494	
980	-4510.32	1	0	0.0941542	-0.00858494	
981	-4510.32	1	0	0.10517	-0.00858494	
982	-4510.32	1	0	0.143875	-0.00858494	
983	-4510.32	1	0	0.163112	-0.00858494	
984	-4510.32	1	0	0.176528	-0.00858494	
985	-4510.32	1	0	0.15864	-0.00858494	
986	-4510.32	1	0	0.117008	-0.00858494	
987	-4510.22	1	0	0.0987908	-0.00858494	
988	-4510.32	1	0	0.0761009	-0.00858494	
989	-4510.22	1	0	0.0760023	-0.00858494	
990	-4510.22	1	0	0.0866238	-0.00858494	
991	-4510.22	1	0	0.0899122	-0.00858494	
992	-4510.22	1	0	0.081461	-0.00858494	
993	-4510.22	1	0	0.0640983	-0.00858494	
994	-4510.22	1	0	0.0535097	-0.00858494	
995	-4510.22	1	0	0.0555156	-0.00858494	
996	-4510.22	1	0	0.0513394	-0.00858494	
997	-4510.22	1	0	0.0464725	-0.00858494	
998	-4510.12	1	0	0.0601522	-0.00858494	
999	-4510.12	1	0	0.060514	-0.00858494	
1000	-4510.12	1	0	0.0694913	-0.00858494	
1001	-4510.12	1	0	0.0813623	-0.00858494	
1002	-4510.12	1	0	0.0887941	-0.00858494	
1003	-4510.12	1	0	0.0918523	-0.00858494	
1004	-4510.12	1	0	0.115101	-0.00858494	
1005	-4510.12	1	0	0.147623	-0.00858494	
1006	-4510.12	1	0	0.165118	-0.00858494	
1007	-4510.12	1	0	0.186426	-0.00858494	
1008	-4510.12	1	0	0.179948	-0.00858494	
1009	-4510.02	1	0	0.150386	-0.00858494	
1010	-4510.02	1	0	0.143842	-0.00858494	
1011	-4510.02	1	0	0.125887	-0.00858494	
1012	-4510.02	1	0	0.123618	-0.00858494	
1013	-4510.02	1	0	0.130622	-0.00858494	
1014	-4510.02	1	0	0.123454	-0.00858494	
1015	-4510.02	1	0	0.0980345	-0.00858494	
1016	-4509.92	1	0	0.0902081	-0.00858494	
1017	-4509.92	1	0	0.0789618	-0.00858494	
1018	-4509.92	1	0	0.0738648	-0.00858494	
1019	-4509.92	1	0	0.0584094	-0.00858494	
1020	-4509.92	1	0	0.0665317	-0.00858494	
1021	-4509.82	1	0	0.0706751	-0.00858494	
1022	-4509.82	1	0	0.0697543	-0.00858494	
1023	-4509.82	1	0	0.0730756	-0.00858494	
1024	-4509.82	1	0	0.0833025	-0.00858494	
1025	-4509.82	1	0	0.0938911	-0.00858494	
1026	-4509.82	1	0	0.0964232	-0.00858494	
1027	-4509.82	1	0	0.120067	-0.00858494	
1028	-4509.82	1	0	0.137429	-0.00858494	
1029	-4509.82	1	0	0.171563	-0.00858494	
1030	-4509.72	1	0	0.208031	-0.00858494	
1031	-4509.72	1	0	0.213687	-0.00858494	
1032	-4509.72	1	0	0.196949	-0.00858494	
1033	-4509.72	1	0	0.176956	-0.00858494	
1034	-4509.72	1	0	0.154496	-0.00858494	
1035	-4509.62	1	0	0.147919	-0.00858494	
1036	-4509.62	1	0	0.151898	-0.00858494	
1037	-4509.62	1	0	0.149629	-0.00858494	
1038	-4509.62	1	0	0.148478	-0.00858494	
1039	-4509.52	1	0	0.132234	-0.00858494	
1040	-4509.52	1	0	0.112898	-0.00858494	
1041	-4509.52	1	0	0.0984291	-0.00858494	
1042	-4509.52	1	0	0.0901752	-0.00858494	
1043	-4509.52	1	0	0.0808362	-0.00858494	
1044	-4509.52	1	0	0.0824475	-0.00858494	
1045	-4509.42	1	0	0.0724179	-0.00858494	
1046	-4509.42	1	0	0.072385	-0.00858494	
1047	-4509.42	1	0	0.0914906	-0.00858494	
1048	-4509.42	1	0	0.0861305	-0.00858494	
1049	-4509.42	1	0	0.0963245	-0.00858494	
1050	-4509.42	1	0	0.118455	-0.00858494	
1051	-4509.42	1	0	0.139633	-0.00858494	
1052	-4509.42	1	0	0.164131	-0.00858494	
1053	-4509.32	1	0	0.198889	-0.00858494	
1054	-4509.42	1	0	0.211648	-0.00858494	
1055	-4509.32	1	0	0.244828	-0.00858494	
1056	-4509.32	1	0	0.222303	-0.00858494	
1057	-4509.32	1	0	0.189649	-0.00858494	
1058	-4509.32	1	0	0.187183	-0.00858494	
1059	-4509.32	1	0	0.150714	-0.00858494	
1060	-4509.32	1	0	0.181099	-0.00858494	
1061	-4509.32	1	0	0.169787	-0.00858494	
1062	-4509.22	1	0	0.142592	-0.00858494	
1063	-4509.22	1	0	0.129504	-0.00858494	
1064	-4509.22	1	0	0.104809	-0.00858494	
1065	-4509.22	1	0	0.0955353	-0.00858494	
1066	-4509.22	1	0	0.0930032	-0.00858494	
1067	-4509.22	1	0	0.0900766	-0.00858494	
1068	-4509.12	1	0	0.0951736	-0.00858494	
1069	-4509.22	1	0	0.087972	-0.00858494	
1070	-4509.12	1	0	0.0932663	-0.00858494	
1071	-4509.12	1	0	0.10175	-0.00858494	
1072	-4509.12	1	0	0.102112	-0.00858494	
1073	-4509.12	1	0	0.109018	-0.00858494	
1074	-4509.12	1	0	0.129669	-0.00858494	
1075	-4509.12	1	0	0.15032	-0.00858494	
1076	-4509.12	1	0	0.192806	-0.00858494	
1077	-4509.22	1	0	0.221119	-0.00858494	
1078	-4509.12	1	0	0.235884	-0.00858494	
1079	-4509.12	1	0	0.235588	-0.00858494	
1080	-4509.12	1	0	0.231773	-0.00858494	
1081	-4509.12	1	0	0.19376	-0.00858494	
1082	-4509.12	1	0	0.196522	-0.00858494	
1083	-4509.12	1	0	0.166663	-0.00858494	
1084	-4509.02	1	0	0.18715	-0.00858494	
1085	-4509.02	1	0	0.165841	-0.00858494	
1086	-4509.02	1	0	0.159823	-0.00858494	
1087	-4509.02	1	0	0.129208	-0.00858494	
1088	-4509.02	1	0	0.121283	-0.00858494	
1089	-4509.02	1	0	0.126446	-0.00858494	
1090	-4508.92	1	0	0.101717	-0.00858494	
1091	-4508.92	1	0	0.0892216	-0.00858494	
1092	-4508.92	1	0	0.104513	-0.00858494	
1093	-4508.92	1	0	0.102441	-0.00858494	
1094	-4508.92	1	0	0.114378	-0.00858494	
1095	-4508.92	1	0	0.118028	-0.00858494	
1096	-4508.92	1	0	0.127235	-0.00858494	
1097	-4508.92	1	0	0.117206	-0.00858494	
1098	-4508.82	1	0	0.160613	-0.00858494	
1099	-4508.82	1	0	0.180902	-0.00858494	
1100	-4508.82	1	0	0.219343	-0.00858494	
1101	-4508.82	1	0	0.265841	-0.00858494	
1102	-4508.82	1	0	0.275082	-0.00858494	
1103	-4508.82	1	0	0.248248	-0.00858494	
1104	-4508.82	1	0	0.23641	-0.00858494	
1105	-4508.72	1	0	0.219837	-0.00858494	
1106	-4508.72	1	0	0.216351	-0.00858494	
1107	-4508.62	1	0	0.203986	-0.00858494	
1108	-4508.62	1	0	0.2152	-0.00858494	
1109	-4508.62	1	0	0.18955	-0.00858494	
1110	-4508.62	1	0	0.166334	-0.00858494	
1111	-4508.52	1	0	0.156732	-0.00858494	
1112	-4508.52	1	0	0.119672	-0.00858494	
1113	-4508.52	1	0	0.118718	-0.00858494	
1114	-4508.52	1	0	0.109971	-0.00858494	
1115	-4508.52	1	0	0.109675	-0.00858494	
1116	-4508.52	1	0	0.112339	-0.00858494	
1117	-4508.42	1	0	0.115134	-0.00858494	
1118	-4508.42	1	0	0.121283	-0.00858494	
1119	-4508.42	1	0	0.125394	-0.00858494	
1120	-4508.42	1	0	0.137988	-0.00858494	
1121	-4508.42	1	0	0.148248	-0.00858494	
1122	-4508.52	1	0	0.181494	-0.00858494	
1123	-4508.52	1	0	0.235654	-0.00858494	
1124	-4508.42	1	0	0.264329	-0.00858494	
1125	-4508.42	1	0	0.28419	-0.00858494	
1126	-4508.42	1	0	0.288137	-0.00858494	
1127	-4508.42	1	0	0.283204	-0.00858494	
1128	-4508.42	1	0	0.230622	-0.00858494	
1129	-4508.42	1	0	0.214838	-0.00858494	
1130	-4508.42	1	0	0.223224	-0.00858494	
1131	-4508.42	1	0	0.223388	-0.00858494	
1132	-4508.42	1	0	0.201093	-0.00858494	
1133	-4508.32	1	0	0.183368	-0.00858494	
1134	-4508.32	1	0	0.160777	-0.00858494	
1135	-4508.32	1	0	0.130984	-0.00858494	
1136	-4508.32	1	0	0.114904	-0.00858494	
1137	-4508.22	1	0	0.115923	-0.00858494	
1138	-4508.22	1	0	0.119639	-0.00858494	
1139	-4508.22	1	0	0.109478	-0.00858494	
1140	-4508.22	1	0	0.12717	-0.00858494	
1141	-4508.22	1	0	0.132398	-0.00858494	
1142	-4508.22	1	0	0.135818	-0.00858494	
1143	-4508.12	1	0	0.121119	-0.00858494	
1144	-4508.12	1	0	0.129636	-0.00858494	
1145	-4508.12	1	0	0.143053	-0.00858494	
1146	-4508.12	1	0	0.169952	-0.00858494	
1147	-4508.12	1	0	0.193003	-0.00858494	
1148	-4508.12	1	0	0.233845	-0.00858494	
1149	-4508.12	1	0	0.256568	-0.00858494	
1150	-4508.12	1	0	0.258968	-0.00858494	
1151	-4508.02	1	0	0.232135	-0.00858494	
1152	-4508.02	1	0	0.234864	-0.00858494	
1153	-4508.02	1	0	0.235489	-0.00858494	
1154	-4508.02	1	0	0.217272	-0.00858494	
1155	-4508.02	1	0	0.209642	-0.00858494	
1156	-4508.02	1	0	0.190405	-0.00858494	
1157	-4508.02	1	0	0.172221	-0.00858494	
1158	-4507.92	1	0	0.148643	-0.00858494	
1159	-4507.92	1	0	0.127038	-0.00858494	
1160	-4507.92	1	0	0.13345	-0.00858494	
1161	-4507.92	1	0	0.102868	-0.00858494	
1162	-4507.92	1	0	0.105664	-0.00858494	
1163	-4507.92	1	0	0.113424	-0.00858494	
1164	-4507.92	1	0	0.0992512	-0.00858494	
1165	-4507.92	1	0	0.0979358	-0.00858494	
1166	-4507.82	1	0	0.117535	-0.00858494	
1167	-4507.82	1	0	0.130326	-0.00858494	
1168	-4507.82	1	0	0.132004	-0.00858494	
1169	-4507.82	1	0	0.156075	-0.00858494	
1170	-4507.82	1	0	0.191293	-0.00858494	
1171	-4507.82	1	0	0.23766	-0.00858494	
1172	-4507.82	1	0	0.262717	-0.00858494	
1173	-4507.82	1	0	0.283467	-0.00858494	
1174	-4507.82	1	0	0.299054	-0.00858494	
1175	-4507.82	1	0	0.287249	-0.00858494	
1176	-4507.72	1	0	0.282513	-0.00858494	
1177	-4507.72	1	0	0.262421	-0.00858494	
1178	-4507.72	1	0	0.241967	-0.00858494	
1179	-4507.72	1	0	0.235588	-0.00858494	
1180	-4507.72	1	0	0.209314	-0.00858494	
1181	-4507.72	1	0	0.185769	-0.00858494	
1182	-4507.72	1	0	0.155351	-0.00858494	
1183	-4507.72	1	0	0.125361	-0.00858494	
1184	-4507.72	1	0	0.110859	-0.00858494	
1185	-4507.72	1	0	0.105861	-0.00858494	
1186	-4507.72	1	0	0.10665	-0.00858494	
1187	-4507.72	1	0	0.100205	-0.00858494	
1188	-4507.72	1	0	0.0986264	-0.00858494	
1189	-4507.62	1	0	0.105696	-0.00858494	
1190	-4507.62	1	0	0.10813	-0.00858494	
1191	-4507.62	1	0	0.118028	-0.00858494	
1192	-4507.62	1	0	0.12467	-0.00858494	
1193	-4507.62	1	0	0.161994	-0.00858494	
1194	-4507.62	1	0	0.167683	-0.00858494	
1195	-4507.52	1	0	0.200567	-0.00858494	
1196	-4507.52	1	0	0.248281	-0.00858494	
1197	-4507.52	1	0	0.237857	-0.00858494	
1198	-4507.52	1	0	0.260448	-0.00858494	
1199	-4507.52	1	0	0.253608	-0.00858494	
1200	-4507.42	1	0	0.266269	-0.00858494	
1201	-4507.42	1	0	0.251931	-0.00858494	
1202	-4507.42	1	0	0.244532	-0.00858494	
1203	-4507.42	1	0	0.214115	-0.00858494	
1204	-4507.42	1	0	0.184059	-0.00858494	
1205	-4507.42	1	0	0.143118	-0.00858494	
1206	-4507.32	1	0	0.129044	-0.00858494	
1207	-4507.32	1	0	0.101915	-0.00858494	
1208	-4507.32	1	0	0.08373	-0.00858494	
1209	-4507.32	1	0	0.0773176	-0.00858494	
1210	-4507.32	1	0	0.0711355	-0.00858494	
1211	-4507.22	1	0	0.063605	-0.00858494	
1212	-4507.22	1	0	0.0618951	-0.00858494	
1213	-4507.22	1	0	0.0566337	-0.00858494	
1214	-4507.22	1	0	0.0543318	-0.00858494	
1215	-4507.22	1	0	0.0627501	-0.00858494	
1216	-4507.12	1	0	0.0669921	-0.00858494	
1217	-4507.12	1	0	0.0746869	-0.00858494	
1218	-4507.12	1	0	0.0713656	-0.00858494	
1219	-4507.12	1	0	0.0696886	-0.00858494	
1220	-4507.12	1	0	0.0743581	-0.00858494	
1221	-4507.12	1	0	0.0863278	-0.00858494	
1222	-4507.12	1	0	0.0855715	-0.00858494	
1223	-4507.12	1	0	0.0890572	-0.00858494	
1224	-4507.12	1	0	0.105828	-0.00858494	
1225	-4507.02	1	0	0.126874	-0.00858494	
1226	-4507.02	1	0	0.134075	-0.00858494	
1227	-4507.02	1	0	0.12421	-0.00858494	
1228	-4507.02	1	0	0.118949	-0.00858494	
1229	-4507.02	1	0	0.103592	-0.00858494	
1230	-4507.02	1	0	0.093924	-0.00858494	
1231	-4507.02	1	0	0.0553512	-0.00858494	
1232	-4507.02	1	0	0.0610072	-0.00858494	
1233	-4507.02	1	0	0.051734	-0.00858494	
1234	-4506.92	1	0	0.0443022	-0.00858494	
1235	-4506.92	1	0	0.0430197	-0.00858494	
1236	-4506.92	1	0	0.0464725	-0.00858494	
1237	-4506.92	1	0	0.0459135	-0.00858494	
1238	-4506.92	1	0	0.0520957	-0.00858494	
1239	-4506.92	1	0	0.0571269	-0.00858494	
1240	-4506.92	1	0	0.0569296	-0.00858494	
1241	-4506.92	1	0	0.058508	-0.00858494	
1242	-4506.92	1	0	0.0532466	-0.00858494	
1243	-4506.92	1	0	0.0536083	-0.00858494	
1244	-4506.92	1	0	0.069294	-0.00858494	
1245	-4506.92	1	0	0.0725495	-0.00858494	
1246	-4506.82	1	0	0.0885968	-0.00858494	
1247	-4506.82	1	0	0.1079	-0.00858494	
1248	-4506.82	1	0	0.121086	-0.00858494	
1249	-4506.82	1	0	0.14736	-0.00858494	
1250	-4506.82	1	0	0.148577	-0.00858494	
1251	-4506.82	1	0	0.129011	-0.00858494	
1252	-4506.82	1	0	0.130031	-0.00858494	
1253	-4506.82	1	0	0.105203	-0.00858494	
1254	-4506.82	1	0	0.0664002	-0.00858494	
1255	-4506.82	1	0	0.0644271	-0.00858494	
1256	-4506.82	1	0	0.0554498	-0.00858494	
1257	-4506.82	1	0	0.04861	-0.00858494	
1258	-4506.82	1	0	0.0487086	-0.00858494	
1259	-4506.82	1	0	0.0473933	-0.00858494	
1260	-4506.72	1	0	0.0422634	-0.00858494	
1261	-4506.72	1	0	0.0475906	-0.00858494	
1262	-4506.72	1	0	0.0484456	-0.00858494	
1263	-4506.72	1	0	0.0452558	-0.00858494	
1264	-4506.72	1	0	0.0450914	-0.00858494	
1265	-4506.62	1	0	0.0438418	-0.00858494	
1266	-4506.62	1	0	0.041803	-0.00858494	
1267	-4506.62	1	0	0.0605797	-0.00858494	
1268	-4506.62	1	0	0.0587053	-0.00858494	
1269	-4506.62	1	0	0.0709053	-0.00858494	
1270	-4506.62	1	0	0.0766271	-0.00858494	
1271	-4506.52	1	0	0.0979358	-0.00858494	
1272	-4506.52	1	0	0.108097	-0.00858494	
1273	-4506.52	1	0	0.115562	-0.00858494	
1274	-4506.52	1	0	0.109708	-0.00858494	
1275	-4506.52	1	0	0.11885	-0.00858494	
1276	-4506.52	1	0	0.0998431	-0.00858494	
1277	-4506.52	1	0	0.0798826	-0.00858494	
1278	-4506.52	1	0	0.0617307	-0.00858494	
1279	-4506.42	1	0	0.0549566	-0.00858494	
1280	-4506.42	1	0	0.0367718	-0.00858494	
1281	-4506.42	1	0	0.0339438	-0.00858494	
1282	-4506.42	1	0	0.0363772	-0.00858494	
1283	-4506.42	1	0	0.0277945	-0.00858494	
1284	-4506.42	1	0	0.0264463	-0.00858494	
1285	-4506.42	1	0	0.0245719	-0.00858494	
1286	-4506.42	1	0	0.0288139	-0.00858494	
1287	-4506.42	1	0	0.0186857	-0.00858494	
1288	-4506.42	1	0	0.0178307	-0.00858494	
1289	-4506.42	1	0	0.0211848	-0.00858494	
1290	-4506.42	1	0	0.0194091	-0.00858494	
1291	-4506.42	1	0	0.0182582	-0.00858494	
1292	-4506.42	1	0	0.0249336	-0.00858494	
1293	-4506.42	1	0	0.010958	-0.00858494	
1294	-4506.42	1	0	0.0170415	-0.00858494	
1295	-4506.32	1	0	0.015463	-0.00858494	
1296	-4506.32	1	0	0.0207573	-0.00858494	
1297	-4506.32	1	0	0.0124048	-0.00858494	
1298	-4506.32	1	0	0.0154302	-0.00858494	
1299	-4506.32	1	0	0.020001	-0.00858494	
1300	-4506.32	1	0	0.0135229	-0.00858494	
1301	-4506.32	1	0	0.0122404	-0.00858494	
1302	-4506.32	1	0	0.0175676	-0.00858494	
1303	-4506.22	1	0	0.012635	-0.00858494	
1304	-4506.22	1	0	0.00740649	-0.00858494	
1305	-4506.22	1	0	0.0161207	-0.00858494	
1306	-4506.22	1	0	0.00918222	-0.00858494	
1307	-4506.22	1	0	0.0152329	-0.00858494	
1308	-4506.22	1	0	0.0135887	-0.00858494	
1309	-4506.12	1	0	0.0163838	-0.00858494	
1310	-4506.12	1	0	0.0104976	-0.00858494	
1311	-4506.12	1	0	0.0134571	-0.00858494	
1312	-4506.12	1	0	0.0100043	-0.00858494	
1313	-4506.12	1	0	0.0154302	-0.00858494	
1314	-4506.12	1	0	0.0128323	-0.00858494	
1315	-4506.12	1	0	0.00951106	-0.00858494	
1316	-4506.12	1	0	0.0139175	-0.00858494	
1317	-4506.12	1	0	0.0120102	-0.00858494	
1318	-4506.02	1	0	0.0159563	-0.00858494	
1319	-4506.02	1	0	0.00770245	-0.00858494	
1320	-4506.02	1	0	0.00724207	-0.00858494	
1321	-4506.02	1	0	0.0103332	-0.00858494	
1322	-4506.02	1	0	0.013786	-0.00858494	
1323	-4506.02	1	0	0.0127337	-0.00858494	
1324	-4505.92	1	0	0.00796552	-0.00858494	
1325	-4505.92	1	0	0.0147067	-0.00858494	
1326	-4505.92	1	0	0.00612402	-0.00858494	
1327	-4505.92	1	0	0.00796552	-0.00858494	
1328	-4505.92	1	0	0.0152	-0.00858494	
1329	-4505.92	1	0	0.00980702	-0.00858494	
1330	-4505.82	1	0	0.0128652	-0.00858494	
1331	-4505.82	1	0	0.0113854	-0.00858494	
1332	-4505.82	1	0	0.0138517	-0.00858494	
1333	-4505.82	1	0	0.010103	-0.00858494	
1334	-4505.82	1	0	0.012635	-0.00858494	
1335	-4505.82	1	0	0.00766956	-0.00858494	
1336	-4505.82	1	0	0.0107606	-0.00858494	
1337	-4505.82	1	0	0.012372	-0.00858494	
1338	-4505.72	1	0	0.0140819	-0.00858494	
1339	-4505.72	1	0	0.00931376	-0.00858494	
1340	-4505.72	1	0	0.0126679	-0.00858494	
1341	-4505.72	1	0	0.00987278	-0.00858494	
1342	-4505.62	1	0	0.00859031	-0.00858494	
1343	-4505.62	1	0	0.0113854	-0.00858494	
1344	-4505.62	1	0	0.0121418	-0.00858494	
1345	-4505.62	1	0	0.0114512	-0.00858494	
1346	-4505.62	1	0	0.0131612	-0.00858494	
1347	-4505.62	1	0	0.0105962	-0.00858494	
1348	-4505.52	1	0	0.00286852	-0.00858494	
1349	-4505.52	1	0	0.00891915	-0.00858494	
1350	-4505.52	1	0	0.0158905	-0.00858494	
1351	-4505.52	1	0	0.00500597	-0.00858494	
1352	-4505.52	1	0	0.00609114	-0.00858494	
1353	-4505.42	1	0	0.0047429	-0.00858494	
1354	-4505.42	1	0	0.0105633	-0.00858494	
1355	-4505.42	1	0	0.00500597	-0.00858494	
1356	-4505.42	1	0	0.00332889	-0.00858494	
1357	-4505.42	1	0	0.00937953	-0.00858494	
1358	-4505.42	1	0	0.0086232	-0.00858494	
1359	-4505.42	1	0	0.010958	-0.00858494	
1360	-4505.32	1	0	0.0111224	-0.00858494	
1361	-4505.32	1	0	0.00507174	-0.00858494	
1362	-4505.32	1	0	0.0185212	-0.00858494	
1363	-4505.32	1	0	0.00944529	-0.00858494	
1364	-4505.32	1	0	0.00918222	-0.00858494	
1365	-4505.22	1	0	0.0123391	-0.00858494	
1366	-4505.22	1	0	0.0118787	-0.00858494	
1367	-4505.22	1	0	0.00428252	-0.00858494	
1368	-4505.22	1	0	0.00743938	-0.00858494	
1369	-4505.22	1	0	0.00911645	-0.00858494	
1370	-4505.12	1	0	0.00918222	-0.00858494	
1371	-4505.12	1	0	0.0150027	-0.00858494	
1372	-4505.12	1	0	0.00888627	-0.00858494	
1373	-4505.12	1	0	0.00517039	-0.00858494	
1374	-4505.12	1	0	0.00836013	-0.00858494	
1375	-4505.12	1	0	0.0101359	-0.00858494	
1376	-4505.02	1	0	0.0108264	-0.00858494	
1377	-4505.02	1	0	0.00507174	-0.00858494	
1378	-4505.02	1	0	0.0191132	-0.00858494	
1379	-4505.02	1	0	0.00503885	-0.00858494	
1380	-4505.02	1	0	0.00543346	-0.00858494	
1381	-4505.02	1	0	0.012931	-0.00858494	
1382	-4505.02	1	0	0.00776822	-0.00858494	
1383	-4505.02	1	0	0.00714342	-0.00858494	
1384	-4504.92	1	0	0.00424964	-0.00858494	
1385	-4504.92	1	0	0.00500597	-0.00858494	
1386	-4504.92	1	0	0.00510462	-0.00858494	
1387	-4504.92	1	0	0.00342754	-0.00858494	
1388	-4504.92	1	0	0.0104647	-0.00858494	
1389	-4504.92	1	0	0.00868896	-0.00858494	
1390	-4504.92	1	0	0.00842589	-0.00858494	
1391	-4504.82	1	0	0.00615691	-0.00858494	
1392	-4504.82	1	0	0.00625556	-0.00858494	
1393	-4504.82	1	0	0.00845878	-0.00858494	
1394	-4504.82	1	0	0.00934664	-0.00858494	
1395	-4504.82	1	0	0.00668305	-0.00858494	
1396	-4504.82	1	0	0.00559788	-0.00858494	
1397	-4504.82	1	0	0.00411811	-0.00858494	
1398	-4504.82	1	0	0.0124706	-0.00858494	
1399	-4504.72	1	0	0.00388792	-0.00858494	
1400	-4504.72	1	0	0.00464425	-0.00858494	
1401	-4504.72	1	0	0.0045456	-0.00858494	
1402	-4504.72	1	0	0.00579518	-0.00858494	
1403	-4504.72	1	0	0.00993855	-0.00858494	
1404	-4504.72	1	0	0.00530192	-0.00858494	
1405	-4504.72	1	0	0.00355908	-0.00858494	
1406	-4504.72	1	0	0.0076038	-0.00858494	
1407	-4504.72	1	0	0.00645286	-0.00858494	
1408	-4504.62	1	0	0.00405234	-0.00858494	
1409	-4504.62	1	0	0.0110895	-0.00858494	
1410	-4504.62	1	0	0.00688035	-0.00858494	
1411	-4504.62	1	0	0.00786687	-0.00858494	
1412	-4504.62	1	0	0.0106949	-0.00858494	
1413	-4504.62	1	0	0.0104318	-0.00858494	
1414	-4504.52	1	0	0.00898492	-0.00858494	
1415	-4504.52	1	0	0.00816282	-0.00858494	
1416	-4504.52	1	0	0.00553211	-0.00858494	
1417	-4504.52	1	0	0.00579518	-0.00858494	
1418	-4504.52	1	0	0.00323024	-0.00858494	
1419	-4504.52	1	0	0.00217796	-0.00858494	
1420	-4504.52	1	0	0.0016847	-0.00858494	
1421	-4504.52	1	0	0.00641998	-0.00858494	
1422	-4504.52	1	0	0.00497309	-0.00858494	
1423	-4504.42	1	0	0.00806417	-0.00858494	
1424	-4504.42	1	0	0.00267121	-0.00858494	
1425	-4504.42	1	0	0.00730784	-0.00858494	
1426	-4504.42	1	0	0.00145451	-0.00858494	
1427	-4504.42	1	0	0.00747226	-0.00858494	
1428	-4504.42	1	0	0.00434829	-0.00858494	
1429	-4504.42	1	0	0.00171758	-0.00858494	
1430	-4504.42	1	0	0.00609114	-0.00858494	
1431	-4504.32	1	0	0.00326312	-0.00858494	
1432	-4504.32	1	0	0.00457848	-0.00858494	
1433	-4504.32	1	0	0.00665016	-0.00858494	
1434	-4504.32	1	0	0.00740649	-0.00858494	
1435	-4504.32	1	0	0.000303575	-0.00858494	
1436	-4504.32	1	0	0.00457848	-0.00858494	
1437	-4504.32	1	0	0.0115827	-0.00858494	
1438	-4504.32	1	0	0.00234238	-0.00858494	
1439	-4504.22	1	0	0.00273698	-0.00858494	
1440	-4504.22	1	0	0.00503885	-0.00858494	
1441	-4504.22	1	0	0.00477578	-0.00858494	
1442	-4504.22	1	0	0.000928369	-0.00858494	
1443	-4504.22	1	0	0.00349331	-0.00858494	
1444	-4504.22	1	0	0.00549923	-0.00858494	
1445	-4504.22	1	0	0.00878762	-0.00858494	
1446	-4504.22	1	0	0.00684747	-0.00858494	
1447	-4504.12	1	0	0.0107606	-0.00858494	
1448	-4504.12	1	0	0.00148739	-0.00858494	
1449	-4504.12	1	0	0.00730784	-0.00858494	
1450	-4504.12	1	0	0.00599249	-0.00858494	
1451	-4504.12	1	0	0.00868896	-0.00858494	
1452	-4504.12	1	0	0.00388792	-0.00858494	
1453	-4504.12	1	0	0.000500879	-0.00858494	
1454	-4504.12	1	0	0.00743938	-0.00858494	
1455	-4504.02	1	0	0.00688035	-0.00858494	
1456	-4504.02	1	0	0.00793264	-0.00858494	
1457	-4504.12	1	0	0.00868896	-0.00858494	
1458	-4504.02	1	0	0.00119144	-0.00858494	
1459	-4504.02	1	0	0.0102345	-0.00858494	
1460	-4504.02	1	0	0.00789975	-0.00858494	
1461	-4504.02	1	0	0.00227661	-0.00858494	
1462	-4504.02	1	0	0.00602537	-0.00858494	
1463	-4504.02	1	0	0.00457848	-0.00858494	
1464	-4504.02	1	0	0.00484155	-0.00858494	
1465	-4503.92	1	0	0.0027041	-0.00858494	
1466	-4503.92	1	0	0.0047429	-0.00858494	
1467	-4503.92	1	0	0.00332889	-0.00858494	
1468	-4503.92	1	0	0.00316447	-0.00858494	
1469	-4503.92	1	0	0.00707765	-0.00858494	
1470	-4503.92	1	0	0.00517039	-0.00858494	
1471	-4503.92	1	0	0.0079984	-0.00858494	
1472	-4503.82	1	0	0.000961253	-0.00858494	
1473	-4503.92	1	0	0.00743938	-0.00858494	
1474	-4503.82	1	0	0.000928369	-0.00858494	
1475	-4503.82	1	0	0.00240814	-0.00858494	
1476	-4503.82	1	0	0.00155316	-0.00858494	
1477	-4503.82	1	0	0.00408522	-0.00858494	
1478	-4503.82	1	0	0.00017204	-0.00858494	
1479	-4503.82	1	0	0.00283563	-0.00858494	
1480	-4503.82	1	0	0.00635421	-0.00858494	
1481	-4503.82	1	0	0.00484155	-0.00858494	
1482	-4503.72	1	0	0.0065844	-0.00858494	
1483	-4503.72	1	0	0.000862601	-0.00858494	
1484	-4503.72	1	0	-0.00127485	-0.00858494	
1485	-4503.72	1	0	0.0107278	-0.00858494	
1486	-4503.72	1	0	0.00411811	-0.00858494	
1487	-4503.72	1	0	0.0029014	-0.00858494	
1488	-4503.72	1	0	0.00362485	-0.00858494	
1489	-4503.62	1	0	0.000336459	-0.00858494	
1490	-4503.62	1	0	0.00161893	-0.00858494	
1491	-4503.62	1	0	0.00464425	-0.00858494	
1492	-4503.62	1	0	0.00605825	-0.00858494	
1493	-4503.62	1	0	0.00431541	-0.00858494	
1494	-4503.62	1	0	0.00730784	-0.00858494	
1495	-4503.52	1	0	0.0037235	-0.00858494	
1496	-4503.52	1	0	0.000106272	-0.00858494	
1497	-4503.52	1	0	0.0025068	-0.00858494	
1498	-4503.52	1	0	-0.00124197	-0.00858494	
1499	-4503.52	1	0	0.00355908	-0.00858494	
1500	-4503.52	1	0	-0.000617173	-0.0116694	
