# Title:	Delay with 18 V static at n=27, 10 dB on MW Attn, AM = 1.4.
# Note:	Delay scan at n=27 with +9 V Bot, -9 V Top applied static field. 10 dB on MW Attn, 31.5 dB on PM Attn, PM = 1.4. High-frequency Stark state of 3d3/2 -> 27f targeted.
# Type:	Delay
# Hittite Freq:	19635.40 MHz
# Hittite: Power	14 dBm
# Laser Freq:	361362.8 GHz
# Laser Mod:	NaN
# Laser Mod Attn:	31.5 dB
# MW Attn:	10.5 dB
# Delay:	1000 ns
# MW Off:	NaN
# Top w/o Static:	-90 mV
# Static:	+9 V Bot, -9V Top
# Static Off:	NaN
i	d	n	nb	s	sb
0.000	50000.000	1.000	0.000	0.052	-0.009
1.000	50667.000	1.000	0.000	0.061	-0.009
2.000	51333.000	1.000	0.000	0.062	-0.009
3.000	52000.000	1.000	0.000	0.057	-0.009
4.000	52667.000	1.000	0.000	0.069	-0.009
5.000	53333.000	1.000	0.000	0.065	-0.009
6.000	54000.000	1.000	0.000	0.071	-0.009
7.000	54667.000	1.000	0.000	0.068	-0.009
8.000	55333.000	1.000	0.000	0.078	-0.009
9.000	56000.000	1.000	0.000	0.074	-0.009
10.000	56667.000	1.000	0.000	0.069	-0.009
11.000	57333.000	1.000	0.000	0.068	-0.009
12.000	58000.000	1.000	0.000	0.066	-0.009
13.000	58667.000	1.000	0.000	0.067	-0.009
14.000	59333.000	1.000	0.000	0.054	-0.009
15.000	60000.000	1.000	0.000	0.055	-0.009
16.000	60667.000	1.000	0.000	0.061	-0.009
17.000	61333.000	1.000	0.000	0.061	-0.009
18.000	62000.000	1.000	0.000	0.042	-0.009
19.000	62667.000	1.000	0.000	0.047	-0.009
20.000	63333.000	1.000	0.000	0.048	-0.009
21.000	64000.000	1.000	0.000	0.058	-0.009
22.000	64667.000	1.000	0.000	0.054	-0.009
23.000	65333.000	1.000	0.000	0.058	-0.009
24.000	66000.000	1.000	0.000	0.058	-0.009
25.000	66667.000	1.000	0.000	0.066	-0.009
26.000	67333.000	1.000	0.000	0.075	-0.009
27.000	68000.000	1.000	0.000	0.066	-0.009
28.000	68667.000	1.000	0.000	0.073	-0.009
29.000	69333.000	1.000	0.000	0.079	-0.009
30.000	70000.000	1.000	0.000	0.077	-0.009
31.000	70667.000	1.000	0.000	0.083	-0.009
32.000	71333.000	1.000	0.000	0.071	-0.009
33.000	72000.000	1.000	0.000	0.070	-0.009
34.000	72667.000	1.000	0.000	0.076	-0.009
35.000	73333.000	1.000	0.000	0.069	-0.009
36.000	74000.000	1.000	0.000	0.071	-0.009
37.000	74667.000	1.000	0.000	0.060	-0.009
38.000	75333.000	1.000	0.000	0.054	-0.009
39.000	76000.000	1.000	0.000	0.050	-0.009
40.000	76667.000	1.000	0.000	0.060	-0.009
41.000	77333.000	1.000	0.000	0.065	-0.009
42.000	78000.000	1.000	0.000	0.062	-0.009
43.000	78667.000	1.000	0.000	0.062	-0.009
44.000	79333.000	1.000	0.000	0.059	-0.009
45.000	80000.000	1.000	0.000	0.060	-0.009
46.000	80667.000	1.000	0.000	0.060	-0.009
47.000	81333.000	1.000	0.000	0.067	-0.009
48.000	82000.000	1.000	0.000	0.075	-0.009
49.000	82667.000	1.000	0.000	0.069	-0.009
50.000	83333.000	1.000	0.000	0.063	-0.009
51.000	84000.000	1.000	0.000	0.076	-0.009
52.000	84667.000	1.000	0.000	0.079	-0.009
53.000	85333.000	1.000	0.000	0.082	-0.009
54.000	86000.000	1.000	0.000	0.088	-0.009
55.000	86667.000	1.000	0.000	0.067	-0.009
56.000	87333.000	1.000	0.000	0.080	-0.009
57.000	88000.000	1.000	0.000	0.072	-0.009
58.000	88667.000	1.000	0.000	0.066	-0.009
59.000	89333.000	1.000	0.000	0.065	-0.009
60.000	90000.000	1.000	0.000	0.053	-0.009
61.000	90667.000	1.000	0.000	0.051	-0.009
62.000	91333.000	1.000	0.000	0.053	-0.009
63.000	92000.000	1.000	0.000	0.057	-0.009
64.000	92667.000	1.000	0.000	0.051	-0.009
65.000	93333.000	1.000	0.000	0.060	-0.009
66.000	94000.000	1.000	0.000	0.049	-0.009
67.000	94667.000	1.000	0.000	0.064	-0.009
68.000	95333.000	1.000	0.000	0.057	-0.009
69.000	96000.000	1.000	0.000	0.070	-0.009
70.000	96667.000	1.000	0.000	0.068	-0.009
71.000	97333.000	1.000	0.000	0.076	-0.009
72.000	98000.000	1.000	0.000	0.072	-0.009
73.000	98667.000	1.000	0.000	0.077	-0.009
74.000	99333.000	1.000	0.000	0.069	-0.009
75.000	100000.000	1.000	0.000	0.074	-0.009
76.000	100667.000	1.000	0.000	0.079	-0.009
77.000	101333.000	1.000	0.000	0.077	-0.009
78.000	102000.000	1.000	0.000	0.060	-0.009
79.000	102667.000	1.000	0.000	0.074	-0.009
80.000	103333.000	1.000	0.000	0.075	-0.009
81.000	104000.000	1.000	0.000	0.059	-0.009
82.000	104667.000	1.000	0.000	0.059	-0.009
83.000	105333.000	1.000	0.000	0.044	-0.009
84.000	106000.000	1.000	0.000	0.055	-0.009
85.000	106667.000	1.000	0.000	0.064	-0.009
86.000	107333.000	1.000	0.000	0.057	-0.009
87.000	108000.000	1.000	0.000	0.048	-0.009
88.000	108667.000	1.000	0.000	0.055	-0.009
89.000	109333.000	1.000	0.000	0.057	-0.009
90.000	110000.000	1.000	0.000	0.057	-0.009
91.000	110667.000	1.000	0.000	0.060	-0.009
92.000	111333.000	1.000	0.000	0.056	-0.009
93.000	112000.000	1.000	0.000	0.060	-0.009
94.000	112667.000	1.000	0.000	0.069	-0.009
95.000	113333.000	1.000	0.000	0.069	-0.009
96.000	114000.000	1.000	0.000	0.081	-0.009
97.000	114667.000	1.000	0.000	0.071	-0.009
98.000	115333.000	1.000	0.000	0.079	-0.009
99.000	116000.000	1.000	0.000	0.075	-0.009
100.000	116667.000	1.000	0.000	0.077	-0.009
101.000	117333.000	1.000	0.000	0.059	-0.009
102.000	118000.000	1.000	0.000	0.064	-0.009
103.000	118667.000	1.000	0.000	0.057	-0.009
104.000	119333.000	1.000	0.000	0.044	-0.009
105.000	120000.000	1.000	0.000	0.053	-0.009
106.000	120667.000	1.000	0.000	0.056	-0.009
107.000	121333.000	1.000	0.000	0.062	-0.009
108.000	122000.000	1.000	0.000	0.056	-0.009
109.000	122667.000	1.000	0.000	0.050	-0.009
110.000	123333.000	1.000	0.000	0.053	-0.009
111.000	124000.000	1.000	0.000	0.054	-0.009
112.000	124667.000	1.000	0.000	0.052	-0.009
113.000	125333.000	1.000	0.000	0.056	-0.009
114.000	126000.000	1.000	0.000	0.052	-0.009
115.000	126667.000	1.000	0.000	0.063	-0.009
116.000	127333.000	1.000	0.000	0.076	-0.009
117.000	128000.000	1.000	0.000	0.064	-0.009
118.000	128667.000	1.000	0.000	0.082	-0.009
119.000	129333.000	1.000	0.000	0.079	-0.009
120.000	130000.000	1.000	0.000	0.074	-0.009
121.000	130667.000	1.000	0.000	0.076	-0.009
122.000	131333.000	1.000	0.000	0.083	-0.009
123.000	132000.000	1.000	0.000	0.076	-0.009
124.000	132667.000	1.000	0.000	0.074	-0.009
125.000	133333.000	1.000	0.000	0.062	-0.009
126.000	134000.000	1.000	0.000	0.051	-0.009
127.000	134667.000	1.000	0.000	0.058	-0.009
128.000	135333.000	1.000	0.000	0.059	-0.009
129.000	136000.000	1.000	0.000	0.050	-0.009
130.000	136667.000	1.000	0.000	0.050	-0.009
131.000	137333.000	1.000	0.000	0.060	-0.009
132.000	138000.000	1.000	0.000	0.063	-0.009
133.000	138667.000	1.000	0.000	0.066	-0.009
134.000	139333.000	1.000	0.000	0.053	-0.009
135.000	140000.000	1.000	0.000	0.058	-0.009
136.000	140667.000	1.000	0.000	0.058	-0.009
137.000	141333.000	1.000	0.000	0.063	-0.009
138.000	142000.000	1.000	0.000	0.056	-0.009
139.000	142667.000	1.000	0.000	0.065	-0.009
140.000	143333.000	1.000	0.000	0.070	-0.009
141.000	144000.000	1.000	0.000	0.076	-0.009
142.000	144667.000	1.000	0.000	0.070	-0.009
143.000	145333.000	1.000	0.000	0.073	-0.009
144.000	146000.000	1.000	0.000	0.080	-0.009
145.000	146667.000	1.000	0.000	0.073	-0.009
146.000	147333.000	1.000	0.000	0.073	-0.009
147.000	148000.000	1.000	0.000	0.058	-0.009
148.000	148667.000	1.000	0.000	0.057	-0.009
149.000	149333.000	1.000	0.000	0.057	-0.009
150.000	150000.000	1.000	0.000	0.060	-0.009
151.000	149500.000	1.000	0.000	0.057	-0.009
152.000	148833.000	1.000	0.000	0.056	-0.009
153.000	148167.000	1.000	0.000	0.061	-0.009
154.000	147500.000	1.000	0.000	0.059	-0.009
155.000	146833.000	1.000	0.000	0.082	-0.009
156.000	146167.000	1.000	0.000	0.081	-0.009
157.000	145500.000	1.000	0.000	0.074	-0.009
158.000	144833.000	1.000	0.000	0.085	-0.009
159.000	144167.000	1.000	0.000	0.071	-0.009
160.000	143500.000	1.000	0.000	0.068	-0.009
161.000	142833.000	1.000	0.000	0.070	-0.009
162.000	142167.000	1.000	0.000	0.068	-0.009
163.000	141500.000	1.000	0.000	0.071	-0.009
164.000	140833.000	1.000	0.000	0.058	-0.009
165.000	140167.000	1.000	0.000	0.064	-0.009
166.000	139500.000	1.000	0.000	0.066	-0.009
167.000	138833.000	1.000	0.000	0.052	-0.009
168.000	138167.000	1.000	0.000	0.051	-0.009
169.000	137500.000	1.000	0.000	0.043	-0.009
170.000	136833.000	1.000	0.000	0.058	-0.009
171.000	136167.000	1.000	0.000	0.060	-0.009
172.000	135500.000	1.000	0.000	0.050	-0.009
173.000	134833.000	1.000	0.000	0.060	-0.009
174.000	134167.000	1.000	0.000	0.069	-0.009
175.000	133500.000	1.000	0.000	0.067	-0.009
176.000	132833.000	1.000	0.000	0.062	-0.009
177.000	132167.000	1.000	0.000	0.066	-0.009
178.000	131500.000	1.000	0.000	0.079	-0.009
179.000	130833.000	1.000	0.000	0.074	-0.009
180.000	130167.000	1.000	0.000	0.074	-0.009
181.000	129500.000	1.000	0.000	0.079	-0.009
182.000	128833.000	1.000	0.000	0.082	-0.009
183.000	128167.000	1.000	0.000	0.070	-0.009
184.000	127500.000	1.000	0.000	0.061	-0.009
185.000	126833.000	1.000	0.000	0.063	-0.009
186.000	126167.000	1.000	0.000	0.060	-0.009
187.000	125500.000	1.000	0.000	0.060	-0.009
188.000	124833.000	1.000	0.000	0.057	-0.009
189.000	124167.000	1.000	0.000	0.058	-0.009
190.000	123500.000	1.000	0.000	0.044	-0.009
191.000	122833.000	1.000	0.000	0.052	-0.009
192.000	122167.000	1.000	0.000	0.052	-0.009
193.000	121500.000	1.000	0.000	0.052	-0.009
194.000	120833.000	1.000	0.000	0.049	-0.009
195.000	120167.000	1.000	0.000	0.056	-0.009
196.000	119500.000	1.000	0.000	0.049	-0.009
197.000	118833.000	1.000	0.000	0.052	-0.009
198.000	118167.000	1.000	0.000	0.066	-0.009
199.000	117500.000	1.000	0.000	0.073	-0.009
200.000	116833.000	1.000	0.000	0.069	-0.009
201.000	116167.000	1.000	0.000	0.074	-0.009
202.000	115500.000	1.000	0.000	0.070	-0.009
203.000	114833.000	1.000	0.000	0.068	-0.009
204.000	114167.000	1.000	0.000	0.076	-0.009
205.000	113500.000	1.000	0.000	0.066	-0.009
206.000	112833.000	1.000	0.000	0.062	-0.009
207.000	112167.000	1.000	0.000	0.057	-0.009
208.000	111500.000	1.000	0.000	0.063	-0.009
209.000	110833.000	1.000	0.000	0.051	-0.009
210.000	110167.000	1.000	0.000	0.063	-0.009
211.000	109500.000	1.000	0.000	0.044	-0.009
212.000	108833.000	1.000	0.000	0.056	-0.009
213.000	108167.000	1.000	0.000	0.057	-0.009
214.000	107500.000	1.000	0.000	0.052	-0.009
215.000	106833.000	1.000	0.000	0.054	-0.009
216.000	106167.000	1.000	0.000	0.066	-0.009
217.000	105500.000	1.000	0.000	0.056	-0.009
218.000	104833.000	1.000	0.000	0.052	-0.009
219.000	104167.000	1.000	0.000	0.049	-0.009
220.000	103500.000	1.000	0.000	0.061	-0.009
221.000	102833.000	1.000	0.000	0.061	-0.009
222.000	102167.000	1.000	0.000	0.075	-0.009
223.000	101500.000	1.000	0.000	0.077	-0.009
224.000	100833.000	1.000	0.000	0.077	-0.009
225.000	100167.000	1.000	0.000	0.067	-0.009
226.000	99500.000	1.000	0.000	0.075	-0.009
227.000	98833.000	1.000	0.000	0.072	-0.009
228.000	98167.000	1.000	0.000	0.066	-0.009
229.000	97500.000	1.000	0.000	0.070	-0.009
230.000	96833.000	1.000	0.000	0.049	-0.009
231.000	96167.000	1.000	0.000	0.055	-0.009
232.000	95500.000	1.000	0.000	0.056	-0.009
233.000	94833.000	1.000	0.000	0.055	-0.009
234.000	94167.000	1.000	0.000	0.054	-0.009
235.000	93500.000	1.000	0.000	0.062	-0.009
236.000	92833.000	1.000	0.000	0.056	-0.009
237.000	92167.000	1.000	0.000	0.045	-0.009
238.000	91500.000	1.000	0.000	0.048	-0.009
239.000	90833.000	1.000	0.000	0.054	-0.009
240.000	90167.000	1.000	0.000	0.058	-0.009
241.000	89500.000	1.000	0.000	0.058	-0.009
242.000	88833.000	1.000	0.000	0.061	-0.009
243.000	88167.000	1.000	0.000	0.060	-0.009
244.000	87500.000	1.000	0.000	0.061	-0.009
245.000	86833.000	1.000	0.000	0.070	-0.009
246.000	86167.000	1.000	0.000	0.069	-0.009
247.000	85500.000	1.000	0.000	0.064	-0.009
248.000	84833.000	1.000	0.000	0.064	-0.009
249.000	84167.000	1.000	0.000	0.078	-0.009
250.000	83500.000	1.000	0.000	0.065	-0.009
251.000	82833.000	1.000	0.000	0.063	-0.009
252.000	82167.000	1.000	0.000	0.055	-0.009
253.000	81500.000	1.000	0.000	0.061	-0.009
254.000	80833.000	1.000	0.000	0.065	-0.009
255.000	80167.000	1.000	0.000	0.053	-0.009
256.000	79500.000	1.000	0.000	0.053	-0.009
257.000	78833.000	1.000	0.000	0.048	-0.009
258.000	78167.000	1.000	0.000	0.061	-0.009
259.000	77500.000	1.000	0.000	0.050	-0.009
260.000	76833.000	1.000	0.000	0.046	-0.009
261.000	76167.000	1.000	0.000	0.042	-0.009
262.000	75500.000	1.000	0.000	0.054	-0.009
263.000	74833.000	1.000	0.000	0.052	-0.009
264.000	74167.000	1.000	0.000	0.053	-0.009
265.000	73500.000	1.000	0.000	0.072	-0.009
266.000	72833.000	1.000	0.000	0.067	-0.009
267.000	72167.000	1.000	0.000	0.061	-0.009
268.000	71500.000	1.000	0.000	0.069	-0.009
269.000	70833.000	1.000	0.000	0.070	-0.009
270.000	70167.000	1.000	0.000	0.076	-0.009
271.000	69500.000	1.000	0.000	0.064	-0.009
272.000	68833.000	1.000	0.000	0.074	-0.009
273.000	68167.000	1.000	0.000	0.071	-0.009
274.000	67500.000	1.000	0.000	0.069	-0.009
275.000	66833.000	1.000	0.000	0.062	-0.009
276.000	66167.000	1.000	0.000	0.053	-0.009
277.000	65500.000	1.000	0.000	0.048	-0.009
278.000	64833.000	1.000	0.000	0.046	-0.009
279.000	64167.000	1.000	0.000	0.059	-0.009
280.000	63500.000	1.000	0.000	0.038	-0.009
281.000	62833.000	1.000	0.000	0.049	-0.009
282.000	62167.000	1.000	0.000	0.040	-0.009
283.000	61500.000	1.000	0.000	0.055	-0.009
284.000	60833.000	1.000	0.000	0.049	-0.009
285.000	60167.000	1.000	0.000	0.053	-0.009
286.000	59500.000	1.000	0.000	0.058	-0.009
287.000	58833.000	1.000	0.000	0.056	-0.009
288.000	58167.000	1.000	0.000	0.070	-0.009
289.000	57500.000	1.000	0.000	0.063	-0.009
290.000	56833.000	1.000	0.000	0.068	-0.009
291.000	56167.000	1.000	0.000	0.070	-0.009
292.000	55500.000	1.000	0.000	0.072	-0.009
293.000	54833.000	1.000	0.000	0.070	-0.009
294.000	54167.000	1.000	0.000	0.072	-0.009
295.000	53500.000	1.000	0.000	0.066	-0.009
296.000	52833.000	1.000	0.000	0.065	-0.009
297.000	52167.000	1.000	0.000	0.069	-0.009
298.000	51500.000	1.000	0.000	0.060	-0.009
299.000	50833.000	1.000	0.000	0.053	-0.009
300.000	50167.000	1.000	0.000	0.054	-0.009
301.000	50333.000	1.000	0.000	0.058	-0.009
302.000	51000.000	1.000	0.000	0.058	-0.009
303.000	51667.000	1.000	0.000	0.065	-0.009
304.000	52333.000	1.000	0.000	0.078	-0.009
305.000	53000.000	1.000	0.000	0.070	-0.009
306.000	53667.000	1.000	0.000	0.066	-0.009
307.000	54333.000	1.000	0.000	0.079	-0.009
308.000	55000.000	1.000	0.000	0.081	-0.009
309.000	55667.000	1.000	0.000	0.094	-0.009
310.000	56333.000	1.000	0.000	0.072	-0.009
311.000	57000.000	1.000	0.000	0.074	-0.009
312.000	57667.000	1.000	0.000	0.065	-0.009
313.000	58333.000	1.000	0.000	0.064	-0.009
314.000	59000.000	1.000	0.000	0.052	-0.009
315.000	59667.000	1.000	0.000	0.061	-0.009
316.000	60333.000	1.000	0.000	0.056	-0.009
317.000	61000.000	1.000	0.000	0.053	-0.009
318.000	61667.000	1.000	0.000	0.047	-0.009
319.000	62333.000	1.000	0.000	0.066	-0.009
320.000	63000.000	1.000	0.000	0.059	-0.009
321.000	63667.000	1.000	0.000	0.062	-0.009
322.000	64333.000	1.000	0.000	0.063	-0.009
323.000	65000.000	1.000	0.000	0.066	-0.009
324.000	65667.000	1.000	0.000	0.063	-0.009
325.000	66333.000	1.000	0.000	0.060	-0.009
326.000	67000.000	1.000	0.000	0.061	-0.009
327.000	67667.000	1.000	0.000	0.067	-0.009
328.000	68333.000	1.000	0.000	0.068	-0.009
329.000	69000.000	1.000	0.000	0.075	-0.009
330.000	69667.000	1.000	0.000	0.078	-0.009
331.000	70333.000	1.000	0.000	0.077	-0.009
332.000	71000.000	1.000	0.000	0.084	-0.009
333.000	71667.000	1.000	0.000	0.066	-0.009
334.000	72333.000	1.000	0.000	0.063	-0.009
335.000	73000.000	1.000	0.000	0.076	-0.009
336.000	73667.000	1.000	0.000	0.068	-0.009
337.000	74333.000	1.000	0.000	0.060	-0.009
338.000	75000.000	1.000	0.000	0.055	-0.009
339.000	75667.000	1.000	0.000	0.052	-0.009
340.000	76333.000	1.000	0.000	0.047	-0.009
341.000	77000.000	1.000	0.000	0.060	-0.009
342.000	77667.000	1.000	0.000	0.050	-0.009
343.000	78333.000	1.000	0.000	0.050	-0.009
344.000	79000.000	1.000	0.000	0.056	-0.009
345.000	79667.000	1.000	0.000	0.061	-0.009
346.000	80333.000	1.000	0.000	0.060	-0.009
347.000	81000.000	1.000	0.000	0.061	-0.009
348.000	81667.000	1.000	0.000	0.053	-0.009
349.000	82333.000	1.000	0.000	0.057	-0.009
350.000	83000.000	1.000	0.000	0.076	-0.009
351.000	83667.000	1.000	0.000	0.075	-0.009
352.000	84333.000	1.000	0.000	0.064	-0.009
353.000	85000.000	1.000	0.000	0.075	-0.009
354.000	85667.000	1.000	0.000	0.066	-0.009
355.000	86333.000	1.000	0.000	0.069	-0.009
356.000	87000.000	1.000	0.000	0.068	-0.009
357.000	87667.000	1.000	0.000	0.075	-0.009
358.000	88333.000	1.000	0.000	0.063	-0.009
359.000	89000.000	1.000	0.000	0.062	-0.009
360.000	89667.000	1.000	0.000	0.061	-0.009
361.000	90333.000	1.000	0.000	0.059	-0.009
362.000	91000.000	1.000	0.000	0.059	-0.009
363.000	91667.000	1.000	0.000	0.054	-0.009
364.000	92333.000	1.000	0.000	0.049	-0.009
365.000	93000.000	1.000	0.000	0.054	-0.009
366.000	93667.000	1.000	0.000	0.066	-0.009
367.000	94333.000	1.000	0.000	0.056	-0.009
368.000	95000.000	1.000	0.000	0.057	-0.009
369.000	95667.000	1.000	0.000	0.061	-0.009
370.000	96333.000	1.000	0.000	0.062	-0.009
371.000	97000.000	1.000	0.000	0.067	-0.009
372.000	97667.000	1.000	0.000	0.075	-0.009
373.000	98333.000	1.000	0.000	0.075	-0.009
374.000	99000.000	1.000	0.000	0.073	-0.009
375.000	99667.000	1.000	0.000	0.071	-0.009
376.000	100333.000	1.000	0.000	0.083	-0.009
377.000	101000.000	1.000	0.000	0.081	-0.009
378.000	101667.000	1.000	0.000	0.063	-0.009
379.000	102333.000	1.000	0.000	0.065	-0.009
380.000	103000.000	1.000	0.000	0.078	-0.009
381.000	103667.000	1.000	0.000	0.062	-0.009
382.000	104333.000	1.000	0.000	0.063	-0.009
383.000	105000.000	1.000	0.000	0.056	-0.009
384.000	105667.000	1.000	0.000	0.048	-0.009
385.000	106333.000	1.000	0.000	0.057	-0.009
386.000	107000.000	1.000	0.000	0.056	-0.009
387.000	107667.000	1.000	0.000	0.062	-0.009
388.000	108333.000	1.000	0.000	0.052	-0.009
389.000	109000.000	1.000	0.000	0.056	-0.009
390.000	109667.000	1.000	0.000	0.055	-0.009
391.000	110333.000	1.000	0.000	0.043	-0.009
392.000	111000.000	1.000	0.000	0.066	-0.009
393.000	111667.000	1.000	0.000	0.069	-0.009
394.000	112333.000	1.000	0.000	0.058	-0.009
395.000	113000.000	1.000	0.000	0.067	-0.009
396.000	113667.000	1.000	0.000	0.072	-0.009
397.000	114333.000	1.000	0.000	0.074	-0.009
398.000	115000.000	1.000	0.000	0.067	-0.009
399.000	115667.000	1.000	0.000	0.078	-0.009
400.000	116333.000	1.000	0.000	0.076	-0.009
401.000	117000.000	1.000	0.000	0.070	-0.009
402.000	117667.000	1.000	0.000	0.071	-0.009
403.000	118333.000	1.000	0.000	0.071	-0.009
404.000	119000.000	1.000	0.000	0.055	-0.009
405.000	119667.000	1.000	0.000	0.069	-0.009
406.000	120333.000	1.000	0.000	0.056	-0.009
407.000	121000.000	1.000	0.000	0.056	-0.009
408.000	121667.000	1.000	0.000	0.054	-0.009
409.000	122333.000	1.000	0.000	0.052	-0.009
410.000	123000.000	1.000	0.000	0.053	-0.009
411.000	123667.000	1.000	0.000	0.049	-0.009
412.000	124333.000	1.000	0.000	0.048	-0.009
413.000	125000.000	1.000	0.000	0.058	-0.009
414.000	125667.000	1.000	0.000	0.060	-0.009
415.000	126333.000	1.000	0.000	0.061	-0.009
416.000	127000.000	1.000	0.000	0.062	-0.009
417.000	127667.000	1.000	0.000	0.069	-0.009
418.000	128333.000	1.000	0.000	0.083	-0.009
419.000	129000.000	1.000	0.000	0.073	-0.009
420.000	129667.000	1.000	0.000	0.083	-0.009
421.000	130333.000	1.000	0.000	0.080	-0.009
422.000	131000.000	1.000	0.000	0.072	-0.009
423.000	131667.000	1.000	0.000	0.081	-0.009
424.000	132333.000	1.000	0.000	0.064	-0.009
425.000	133000.000	1.000	0.000	0.065	-0.009
426.000	133667.000	1.000	0.000	0.073	-0.009
427.000	134333.000	1.000	0.000	0.067	-0.009
428.000	135000.000	1.000	0.000	0.071	-0.009
429.000	135667.000	1.000	0.000	0.057	-0.009
430.000	136333.000	1.000	0.000	0.055	-0.009
431.000	137000.000	1.000	0.000	0.056	-0.009
432.000	137667.000	1.000	0.000	0.048	-0.009
433.000	138333.000	1.000	0.000	0.060	-0.009
434.000	139000.000	1.000	0.000	0.053	-0.009
435.000	139667.000	1.000	0.000	0.051	-0.009
436.000	140333.000	1.000	0.000	0.054	-0.009
437.000	141000.000	1.000	0.000	0.053	-0.009
438.000	141667.000	1.000	0.000	0.071	-0.009
439.000	142333.000	1.000	0.000	0.074	-0.009
440.000	143000.000	1.000	0.000	0.074	-0.009
441.000	143667.000	1.000	0.000	0.073	-0.009
442.000	144333.000	1.000	0.000	0.077	-0.009
443.000	145000.000	1.000	0.000	0.079	-0.009
444.000	145667.000	1.000	0.000	0.083	-0.009
445.000	146333.000	1.000	0.000	0.079	-0.009
446.000	147000.000	1.000	0.000	0.088	-0.009
447.000	147667.000	1.000	0.000	0.064	-0.009
448.000	148333.000	1.000	0.000	0.063	-0.009
449.000	149000.000	1.000	0.000	0.072	-0.009
450.000	149667.000	1.000	0.000	0.056	-0.009
451.000	149833.000	1.000	0.000	0.064	-0.009
452.000	149167.000	1.000	0.000	0.063	-0.009
453.000	148500.000	1.000	0.000	0.059	-0.009
454.000	147833.000	1.000	0.000	0.073	-0.009
455.000	147167.000	1.000	0.000	0.078	-0.009
456.000	146500.000	1.000	0.000	0.071	-0.009
457.000	145833.000	1.000	0.000	0.073	-0.009
458.000	145167.000	1.000	0.000	0.073	-0.009
459.000	144500.000	1.000	0.000	0.078	-0.009
460.000	143833.000	1.000	0.000	0.077	-0.009
461.000	143167.000	1.000	0.000	0.073	-0.009
462.000	142500.000	1.000	0.000	0.065	-0.009
463.000	141833.000	1.000	0.000	0.062	-0.009
464.000	141167.000	1.000	0.000	0.061	-0.009
465.000	140500.000	1.000	0.000	0.054	-0.009
466.000	139833.000	1.000	0.000	0.059	-0.009
467.000	139167.000	1.000	0.000	0.058	-0.009
468.000	138500.000	1.000	0.000	0.058	-0.009
469.000	137833.000	1.000	0.000	0.052	-0.009
470.000	137167.000	1.000	0.000	0.052	-0.009
471.000	136500.000	1.000	0.000	0.058	-0.009
472.000	135833.000	1.000	0.000	0.053	-0.009
473.000	135167.000	1.000	0.000	0.060	-0.009
474.000	134500.000	1.000	0.000	0.056	-0.009
475.000	133833.000	1.000	0.000	0.054	-0.009
476.000	133167.000	1.000	0.000	0.061	-0.009
477.000	132500.000	1.000	0.000	0.064	-0.009
478.000	131833.000	1.000	0.000	0.080	-0.009
479.000	131167.000	1.000	0.000	0.086	-0.009
480.000	130500.000	1.000	0.000	0.082	-0.009
481.000	129833.000	1.000	0.000	0.069	-0.009
482.000	129167.000	1.000	0.000	0.070	-0.009
483.000	128500.000	1.000	0.000	0.067	-0.009
484.000	127833.000	1.000	0.000	0.068	-0.009
485.000	127167.000	1.000	0.000	0.044	-0.009
486.000	126500.000	1.000	0.000	0.065	-0.009
487.000	125833.000	1.000	0.000	0.065	-0.009
488.000	125167.000	1.000	0.000	0.062	-0.009
489.000	124500.000	1.000	0.000	0.062	-0.009
490.000	123833.000	1.000	0.000	0.045	-0.009
491.000	123167.000	1.000	0.000	0.054	-0.009
492.000	122500.000	1.000	0.000	0.058	-0.009
493.000	121833.000	1.000	0.000	0.059	-0.009
494.000	121167.000	1.000	0.000	0.039	-0.009
495.000	120500.000	1.000	0.000	0.056	-0.009
496.000	119833.000	1.000	0.000	0.057	-0.009
497.000	119167.000	1.000	0.000	0.055	-0.009
498.000	118500.000	1.000	0.000	0.062	-0.009
499.000	117833.000	1.000	0.000	0.069	-0.009
500.000	117167.000	1.000	0.000	0.065	-0.009
501.000	116500.000	1.000	0.000	0.081	-0.009
502.000	115833.000	1.000	0.000	0.081	-0.009
503.000	115167.000	1.000	0.000	0.078	-0.009
504.000	114500.000	1.000	0.000	0.066	-0.009
505.000	113833.000	1.000	0.000	0.066	-0.009
506.000	113167.000	1.000	0.000	0.071	-0.009
507.000	112500.000	1.000	0.000	0.066	-0.009
508.000	111833.000	1.000	0.000	0.058	-0.009
509.000	111167.000	1.000	0.000	0.056	-0.009
510.000	110500.000	1.000	0.000	0.052	-0.009
511.000	109833.000	1.000	0.000	0.052	-0.009
512.000	109167.000	1.000	0.000	0.059	-0.009
513.000	108500.000	1.000	0.000	0.046	-0.009
514.000	107833.000	1.000	0.000	0.054	-0.009
515.000	107167.000	1.000	0.000	0.054	-0.009
516.000	106500.000	1.000	0.000	0.051	-0.009
517.000	105833.000	1.000	0.000	0.050	-0.009
518.000	105167.000	1.000	0.000	0.052	-0.009
519.000	104500.000	1.000	0.000	0.047	-0.009
520.000	103833.000	1.000	0.000	0.060	-0.009
521.000	103167.000	1.000	0.000	0.070	-0.009
522.000	102500.000	1.000	0.000	0.071	-0.009
523.000	101833.000	1.000	0.000	0.068	-0.009
524.000	101167.000	1.000	0.000	0.084	-0.009
525.000	100500.000	1.000	0.000	0.070	-0.009
526.000	99833.000	1.000	0.000	0.076	-0.009
527.000	99167.000	1.000	0.000	0.065	-0.009
528.000	98500.000	1.000	0.000	0.076	-0.009
529.000	97833.000	1.000	0.000	0.067	-0.009
530.000	97167.000	1.000	0.000	0.065	-0.009
531.000	96500.000	1.000	0.000	0.070	-0.009
532.000	95833.000	1.000	0.000	0.062	-0.009
533.000	95167.000	1.000	0.000	0.050	-0.009
534.000	94500.000	1.000	0.000	0.051	-0.009
535.000	93833.000	1.000	0.000	0.054	-0.009
536.000	93167.000	1.000	0.000	0.047	-0.009
537.000	92500.000	1.000	0.000	0.050	-0.009
538.000	91833.000	1.000	0.000	0.059	-0.009
539.000	91167.000	1.000	0.000	0.043	-0.009
540.000	90500.000	1.000	0.000	0.054	-0.009
541.000	89833.000	1.000	0.000	0.051	-0.009
542.000	89167.000	1.000	0.000	0.054	-0.009
543.000	88500.000	1.000	0.000	0.057	-0.009
544.000	87833.000	1.000	0.000	0.064	-0.009
545.000	87167.000	1.000	0.000	0.068	-0.009
546.000	86500.000	1.000	0.000	0.068	-0.009
547.000	85833.000	1.000	0.000	0.080	-0.009
548.000	85167.000	1.000	0.000	0.086	-0.009
549.000	84500.000	1.000	0.000	0.076	-0.009
550.000	83833.000	1.000	0.000	0.071	-0.009
551.000	83167.000	1.000	0.000	0.067	-0.009
552.000	82500.000	1.000	0.000	0.070	-0.009
553.000	81833.000	1.000	0.000	0.072	-0.009
554.000	81167.000	1.000	0.000	0.052	-0.009
555.000	80500.000	1.000	0.000	0.055	-0.009
556.000	79833.000	1.000	0.000	0.058	-0.009
557.000	79167.000	1.000	0.000	0.053	-0.009
558.000	78500.000	1.000	0.000	0.064	-0.009
559.000	77833.000	1.000	0.000	0.049	-0.009
560.000	77167.000	1.000	0.000	0.043	-0.009
561.000	76500.000	1.000	0.000	0.050	-0.009
562.000	75833.000	1.000	0.000	0.056	-0.009
563.000	75167.000	1.000	0.000	0.053	-0.009
564.000	74500.000	1.000	0.000	0.058	-0.009
565.000	73833.000	1.000	0.000	0.074	-0.009
566.000	73167.000	1.000	0.000	0.055	-0.009
567.000	72500.000	1.000	0.000	0.063	-0.009
568.000	71833.000	1.000	0.000	0.069	-0.009
569.000	71167.000	1.000	0.000	0.064	-0.009
570.000	70500.000	1.000	0.000	0.083	-0.009
571.000	69833.000	1.000	0.000	0.067	-0.009
572.000	69167.000	1.000	0.000	0.069	-0.009
573.000	68500.000	1.000	0.000	0.058	-0.009
574.000	67833.000	1.000	0.000	0.064	-0.009
575.000	67167.000	1.000	0.000	0.052	-0.009
576.000	66500.000	1.000	0.000	0.064	-0.009
577.000	65833.000	1.000	0.000	0.048	-0.009
578.000	65167.000	1.000	0.000	0.061	-0.009
579.000	64500.000	1.000	0.000	0.055	-0.009
580.000	63833.000	1.000	0.000	0.057	-0.009
581.000	63167.000	1.000	0.000	0.049	-0.009
582.000	62500.000	1.000	0.000	0.068	-0.009
583.000	61833.000	1.000	0.000	0.053	-0.009
584.000	61167.000	1.000	0.000	0.049	-0.009
585.000	60500.000	1.000	0.000	0.052	-0.009
586.000	59833.000	1.000	0.000	0.054	-0.009
587.000	59167.000	1.000	0.000	0.061	-0.009
588.000	58500.000	1.000	0.000	0.070	-0.009
589.000	57833.000	1.000	0.000	0.065	-0.009
590.000	57167.000	1.000	0.000	0.063	-0.009
591.000	56500.000	1.000	0.000	0.072	-0.009
592.000	55833.000	1.000	0.000	0.069	-0.009
593.000	55167.000	1.000	0.000	0.079	-0.009
594.000	54500.000	1.000	0.000	0.077	-0.009
595.000	53833.000	1.000	0.000	0.072	-0.009
596.000	53167.000	1.000	0.000	0.069	-0.009
597.000	52500.000	1.000	0.000	0.068	-0.009
598.000	51833.000	1.000	0.000	0.066	-0.009
599.000	51167.000	1.000	0.000	0.059	-0.009
600.000	50500.000	1.000	0.000	0.056	-0.012
