# Title:	Delay with 18 V static at n=27, 10 dB on MW Attn, AM = 1.4.
# Note:	Delay scan at n=27 with +9 V Bot, -9 V Top applied static field. 10 dB on MW Attn, 31.5 dB on PM Attn, PM = 1.4. Low-frequency Stark state of 3d3/2 -> 27f targeted.
# Type:	Delay
# Hittite Freq:	19635.40 MHz
# Hittite: Power	14 dBm
# Laser Freq:	361361.2 GHz
# Laser Mod:	NaN
# Laser Mod Attn:	31.5 dB
# MW Attn:	10.5 dB
# Delay:	1000 ns
# MW Off:	NaN
# Top w/o Static:	-90 mV
# Static:	+9 V Bot, -9V Top
# Static Off:	NaN
i	d	n	nb	s	sb
0.000	50000.000	1.000	0.000	0.059	-0.016
1.000	50667.000	1.000	0.000	0.053	-0.016
2.000	51333.000	1.000	0.000	0.067	-0.016
3.000	52000.000	1.000	0.000	0.060	-0.016
4.000	52667.000	1.000	0.000	0.067	-0.016
5.000	53333.000	1.000	0.000	0.077	-0.016
6.000	54000.000	1.000	0.000	0.073	-0.016
7.000	54667.000	1.000	0.000	0.075	-0.016
8.000	55333.000	1.000	0.000	0.085	-0.016
9.000	56000.000	1.000	0.000	0.082	-0.016
10.000	56667.000	1.000	0.000	0.068	-0.016
11.000	57333.000	1.000	0.000	0.080	-0.016
12.000	58000.000	1.000	0.000	0.075	-0.016
13.000	58667.000	1.000	0.000	0.065	-0.016
14.000	59333.000	1.000	0.000	0.069	-0.016
15.000	60000.000	1.000	0.000	0.047	-0.016
16.000	60667.000	1.000	0.000	0.057	-0.016
17.000	61333.000	1.000	0.000	0.043	-0.016
18.000	62000.000	1.000	0.000	0.062	-0.016
19.000	62667.000	1.000	0.000	0.061	-0.016
20.000	63333.000	1.000	0.000	0.042	-0.016
21.000	64000.000	1.000	0.000	0.060	-0.016
22.000	64667.000	1.000	0.000	0.057	-0.016
23.000	65333.000	1.000	0.000	0.058	-0.016
24.000	66000.000	1.000	0.000	0.063	-0.016
25.000	66667.000	1.000	0.000	0.065	-0.016
26.000	67333.000	1.000	0.000	0.066	-0.016
27.000	68000.000	1.000	0.000	0.077	-0.016
28.000	68667.000	1.000	0.000	0.068	-0.016
29.000	69333.000	1.000	0.000	0.063	-0.016
30.000	70000.000	1.000	0.000	0.081	-0.016
31.000	70667.000	1.000	0.000	0.087	-0.016
32.000	71333.000	1.000	0.000	0.083	-0.016
33.000	72000.000	1.000	0.000	0.085	-0.016
34.000	72667.000	1.000	0.000	0.071	-0.016
35.000	73333.000	1.000	0.000	0.070	-0.016
36.000	74000.000	1.000	0.000	0.065	-0.016
37.000	74667.000	1.000	0.000	0.058	-0.016
38.000	75333.000	1.000	0.000	0.058	-0.016
39.000	76000.000	1.000	0.000	0.060	-0.016
40.000	76667.000	1.000	0.000	0.060	-0.016
41.000	77333.000	1.000	0.000	0.050	-0.016
42.000	78000.000	1.000	0.000	0.050	-0.016
43.000	78667.000	1.000	0.000	0.057	-0.016
44.000	79333.000	1.000	0.000	0.059	-0.016
45.000	80000.000	1.000	0.000	0.061	-0.016
46.000	80667.000	1.000	0.000	0.064	-0.016
47.000	81333.000	1.000	0.000	0.064	-0.016
48.000	82000.000	1.000	0.000	0.070	-0.016
49.000	82667.000	1.000	0.000	0.084	-0.016
50.000	83333.000	1.000	0.000	0.081	-0.016
51.000	84000.000	1.000	0.000	0.074	-0.016
52.000	84667.000	1.000	0.000	0.074	-0.016
53.000	85333.000	1.000	0.000	0.068	-0.016
54.000	86000.000	1.000	0.000	0.090	-0.016
55.000	86667.000	1.000	0.000	0.070	-0.016
56.000	87333.000	1.000	0.000	0.067	-0.016
57.000	88000.000	1.000	0.000	0.080	-0.016
58.000	88667.000	1.000	0.000	0.073	-0.016
59.000	89333.000	1.000	0.000	0.062	-0.016
60.000	90000.000	1.000	0.000	0.069	-0.016
61.000	90667.000	1.000	0.000	0.055	-0.016
62.000	91333.000	1.000	0.000	0.060	-0.016
63.000	92000.000	1.000	0.000	0.058	-0.016
64.000	92667.000	1.000	0.000	0.053	-0.016
65.000	93333.000	1.000	0.000	0.058	-0.016
66.000	94000.000	1.000	0.000	0.053	-0.016
67.000	94667.000	1.000	0.000	0.059	-0.016
68.000	95333.000	1.000	0.000	0.066	-0.016
69.000	96000.000	1.000	0.000	0.064	-0.016
70.000	96667.000	1.000	0.000	0.060	-0.016
71.000	97333.000	1.000	0.000	0.071	-0.016
72.000	98000.000	1.000	0.000	0.073	-0.016
73.000	98667.000	1.000	0.000	0.076	-0.016
74.000	99333.000	1.000	0.000	0.066	-0.016
75.000	100000.000	1.000	0.000	0.082	-0.016
76.000	100667.000	1.000	0.000	0.082	-0.016
77.000	101333.000	1.000	0.000	0.077	-0.016
78.000	102000.000	1.000	0.000	0.077	-0.016
79.000	102667.000	1.000	0.000	0.091	-0.016
80.000	103333.000	1.000	0.000	0.072	-0.016
81.000	104000.000	1.000	0.000	0.076	-0.016
82.000	104667.000	1.000	0.000	0.067	-0.016
83.000	105333.000	1.000	0.000	0.062	-0.016
84.000	106000.000	1.000	0.000	0.057	-0.016
85.000	106667.000	1.000	0.000	0.063	-0.016
86.000	107333.000	1.000	0.000	0.056	-0.016
87.000	108000.000	1.000	0.000	0.051	-0.016
88.000	108667.000	1.000	0.000	0.053	-0.016
89.000	109333.000	1.000	0.000	0.055	-0.016
90.000	110000.000	1.000	0.000	0.050	-0.016
91.000	110667.000	1.000	0.000	0.051	-0.016
92.000	111333.000	1.000	0.000	0.067	-0.016
93.000	112000.000	1.000	0.000	0.068	-0.016
94.000	112667.000	1.000	0.000	0.087	-0.016
95.000	113333.000	1.000	0.000	0.077	-0.016
96.000	114000.000	1.000	0.000	0.088	-0.016
97.000	114667.000	1.000	0.000	0.070	-0.016
98.000	115333.000	1.000	0.000	0.074	-0.016
99.000	116000.000	1.000	0.000	0.083	-0.016
100.000	116667.000	1.000	0.000	0.092	-0.016
101.000	117333.000	1.000	0.000	0.068	-0.016
102.000	118000.000	1.000	0.000	0.069	-0.016
103.000	118667.000	1.000	0.000	0.071	-0.016
104.000	119333.000	1.000	0.000	0.060	-0.016
105.000	120000.000	1.000	0.000	0.059	-0.016
106.000	120667.000	1.000	0.000	0.068	-0.016
107.000	121333.000	1.000	0.000	0.056	-0.016
108.000	122000.000	1.000	0.000	0.058	-0.016
109.000	122667.000	1.000	0.000	0.052	-0.016
110.000	123333.000	1.000	0.000	0.039	-0.016
111.000	124000.000	1.000	0.000	0.052	-0.016
112.000	124667.000	1.000	0.000	0.052	-0.016
113.000	125333.000	1.000	0.000	0.070	-0.016
114.000	126000.000	1.000	0.000	0.057	-0.016
115.000	126667.000	1.000	0.000	0.067	-0.016
116.000	127333.000	1.000	0.000	0.064	-0.016
117.000	128000.000	1.000	0.000	0.062	-0.016
118.000	128667.000	1.000	0.000	0.070	-0.016
119.000	129333.000	1.000	0.000	0.079	-0.016
120.000	130000.000	1.000	0.000	0.085	-0.016
121.000	130667.000	1.000	0.000	0.076	-0.016
122.000	131333.000	1.000	0.000	0.074	-0.016
123.000	132000.000	1.000	0.000	0.072	-0.016
124.000	132667.000	1.000	0.000	0.077	-0.016
125.000	133333.000	1.000	0.000	0.059	-0.016
126.000	134000.000	1.000	0.000	0.069	-0.016
127.000	134667.000	1.000	0.000	0.060	-0.016
128.000	135333.000	1.000	0.000	0.062	-0.016
129.000	136000.000	1.000	0.000	0.062	-0.016
130.000	136667.000	1.000	0.000	0.060	-0.016
131.000	137333.000	1.000	0.000	0.049	-0.016
132.000	138000.000	1.000	0.000	0.061	-0.016
133.000	138667.000	1.000	0.000	0.059	-0.016
134.000	139333.000	1.000	0.000	0.055	-0.016
135.000	140000.000	1.000	0.000	0.052	-0.016
136.000	140667.000	1.000	0.000	0.052	-0.016
137.000	141333.000	1.000	0.000	0.054	-0.016
138.000	142000.000	1.000	0.000	0.057	-0.016
139.000	142667.000	1.000	0.000	0.074	-0.016
140.000	143333.000	1.000	0.000	0.069	-0.016
141.000	144000.000	1.000	0.000	0.075	-0.016
142.000	144667.000	1.000	0.000	0.086	-0.016
143.000	145333.000	1.000	0.000	0.084	-0.016
144.000	146000.000	1.000	0.000	0.076	-0.016
145.000	146667.000	1.000	0.000	0.074	-0.016
146.000	147333.000	1.000	0.000	0.075	-0.016
147.000	148000.000	1.000	0.000	0.086	-0.016
148.000	148667.000	1.000	0.000	0.065	-0.016
149.000	149333.000	1.000	0.000	0.078	-0.016
150.000	150000.000	1.000	0.000	0.062	-0.016
151.000	149500.000	1.000	0.000	0.071	-0.016
152.000	148833.000	1.000	0.000	0.075	-0.016
153.000	148167.000	1.000	0.000	0.071	-0.016
154.000	147500.000	1.000	0.000	0.081	-0.016
155.000	146833.000	1.000	0.000	0.082	-0.016
156.000	146167.000	1.000	0.000	0.078	-0.016
157.000	145500.000	1.000	0.000	0.080	-0.016
158.000	144833.000	1.000	0.000	0.084	-0.016
159.000	144167.000	1.000	0.000	0.077	-0.016
160.000	143500.000	1.000	0.000	0.072	-0.016
161.000	142833.000	1.000	0.000	0.067	-0.016
162.000	142167.000	1.000	0.000	0.067	-0.016
163.000	141500.000	1.000	0.000	0.063	-0.016
164.000	140833.000	1.000	0.000	0.066	-0.016
165.000	140167.000	1.000	0.000	0.059	-0.016
166.000	139500.000	1.000	0.000	0.051	-0.016
167.000	138833.000	1.000	0.000	0.063	-0.016
168.000	138167.000	1.000	0.000	0.053	-0.016
169.000	137500.000	1.000	0.000	0.056	-0.016
170.000	136833.000	1.000	0.000	0.046	-0.016
171.000	136167.000	1.000	0.000	0.059	-0.016
172.000	135500.000	1.000	0.000	0.048	-0.016
173.000	134833.000	1.000	0.000	0.062	-0.016
174.000	134167.000	1.000	0.000	0.077	-0.016
175.000	133500.000	1.000	0.000	0.073	-0.016
176.000	132833.000	1.000	0.000	0.088	-0.016
177.000	132167.000	1.000	0.000	0.075	-0.016
178.000	131500.000	1.000	0.000	0.077	-0.016
179.000	130833.000	1.000	0.000	0.072	-0.016
180.000	130167.000	1.000	0.000	0.070	-0.016
181.000	129500.000	1.000	0.000	0.076	-0.016
182.000	128833.000	1.000	0.000	0.073	-0.016
183.000	128167.000	1.000	0.000	0.073	-0.016
184.000	127500.000	1.000	0.000	0.065	-0.016
185.000	126833.000	1.000	0.000	0.062	-0.016
186.000	126167.000	1.000	0.000	0.058	-0.016
187.000	125500.000	1.000	0.000	0.053	-0.016
188.000	124833.000	1.000	0.000	0.058	-0.016
189.000	124167.000	1.000	0.000	0.056	-0.016
190.000	123500.000	1.000	0.000	0.067	-0.016
191.000	122833.000	1.000	0.000	0.050	-0.016
192.000	122167.000	1.000	0.000	0.065	-0.016
193.000	121500.000	1.000	0.000	0.052	-0.016
194.000	120833.000	1.000	0.000	0.062	-0.016
195.000	120167.000	1.000	0.000	0.057	-0.016
196.000	119500.000	1.000	0.000	0.070	-0.016
197.000	118833.000	1.000	0.000	0.063	-0.016
198.000	118167.000	1.000	0.000	0.079	-0.016
199.000	117500.000	1.000	0.000	0.086	-0.016
200.000	116833.000	1.000	0.000	0.088	-0.016
201.000	116167.000	1.000	0.000	0.089	-0.016
202.000	115500.000	1.000	0.000	0.091	-0.016
203.000	114833.000	1.000	0.000	0.078	-0.016
204.000	114167.000	1.000	0.000	0.076	-0.016
205.000	113500.000	1.000	0.000	0.068	-0.016
206.000	112833.000	1.000	0.000	0.072	-0.016
207.000	112167.000	1.000	0.000	0.064	-0.016
208.000	111500.000	1.000	0.000	0.059	-0.016
209.000	110833.000	1.000	0.000	0.068	-0.016
210.000	110167.000	1.000	0.000	0.059	-0.016
211.000	109500.000	1.000	0.000	0.056	-0.016
212.000	108833.000	1.000	0.000	0.052	-0.016
213.000	108167.000	1.000	0.000	0.069	-0.016
214.000	107500.000	1.000	0.000	0.052	-0.016
215.000	106833.000	1.000	0.000	0.058	-0.016
216.000	106167.000	1.000	0.000	0.059	-0.016
217.000	105500.000	1.000	0.000	0.047	-0.016
218.000	104833.000	1.000	0.000	0.060	-0.016
219.000	104167.000	1.000	0.000	0.075	-0.016
220.000	103500.000	1.000	0.000	0.079	-0.016
221.000	102833.000	1.000	0.000	0.076	-0.016
222.000	102167.000	1.000	0.000	0.077	-0.016
223.000	101500.000	1.000	0.000	0.079	-0.016
224.000	100833.000	1.000	0.000	0.077	-0.016
225.000	100167.000	1.000	0.000	0.085	-0.016
226.000	99500.000	1.000	0.000	0.090	-0.016
227.000	98833.000	1.000	0.000	0.080	-0.016
228.000	98167.000	1.000	0.000	0.074	-0.016
229.000	97500.000	1.000	0.000	0.067	-0.016
230.000	96833.000	1.000	0.000	0.060	-0.016
231.000	96167.000	1.000	0.000	0.062	-0.016
232.000	95500.000	1.000	0.000	0.061	-0.016
233.000	94833.000	1.000	0.000	0.060	-0.016
234.000	94167.000	1.000	0.000	0.052	-0.016
235.000	93500.000	1.000	0.000	0.053	-0.016
236.000	92833.000	1.000	0.000	0.053	-0.016
237.000	92167.000	1.000	0.000	0.054	-0.016
238.000	91500.000	1.000	0.000	0.064	-0.016
239.000	90833.000	1.000	0.000	0.055	-0.016
240.000	90167.000	1.000	0.000	0.064	-0.016
241.000	89500.000	1.000	0.000	0.058	-0.016
242.000	88833.000	1.000	0.000	0.062	-0.016
243.000	88167.000	1.000	0.000	0.068	-0.016
244.000	87500.000	1.000	0.000	0.076	-0.016
245.000	86833.000	1.000	0.000	0.082	-0.016
246.000	86167.000	1.000	0.000	0.076	-0.016
247.000	85500.000	1.000	0.000	0.075	-0.016
248.000	84833.000	1.000	0.000	0.080	-0.016
249.000	84167.000	1.000	0.000	0.079	-0.016
250.000	83500.000	1.000	0.000	0.068	-0.016
251.000	82833.000	1.000	0.000	0.081	-0.016
252.000	82167.000	1.000	0.000	0.068	-0.016
253.000	81500.000	1.000	0.000	0.061	-0.016
254.000	80833.000	1.000	0.000	0.058	-0.016
255.000	80167.000	1.000	0.000	0.058	-0.016
256.000	79500.000	1.000	0.000	0.052	-0.016
257.000	78833.000	1.000	0.000	0.064	-0.016
258.000	78167.000	1.000	0.000	0.057	-0.016
259.000	77500.000	1.000	0.000	0.050	-0.016
260.000	76833.000	1.000	0.000	0.058	-0.016
261.000	76167.000	1.000	0.000	0.056	-0.016
262.000	75500.000	1.000	0.000	0.063	-0.016
263.000	74833.000	1.000	0.000	0.063	-0.016
264.000	74167.000	1.000	0.000	0.062	-0.016
265.000	73500.000	1.000	0.000	0.074	-0.016
266.000	72833.000	1.000	0.000	0.066	-0.016
267.000	72167.000	1.000	0.000	0.072	-0.016
268.000	71500.000	1.000	0.000	0.072	-0.016
269.000	70833.000	1.000	0.000	0.088	-0.016
270.000	70167.000	1.000	0.000	0.071	-0.016
271.000	69500.000	1.000	0.000	0.082	-0.016
272.000	68833.000	1.000	0.000	0.078	-0.016
273.000	68167.000	1.000	0.000	0.078	-0.016
274.000	67500.000	1.000	0.000	0.070	-0.016
275.000	66833.000	1.000	0.000	0.072	-0.016
276.000	66167.000	1.000	0.000	0.063	-0.016
277.000	65500.000	1.000	0.000	0.059	-0.016
278.000	64833.000	1.000	0.000	0.059	-0.016
279.000	64167.000	1.000	0.000	0.062	-0.016
280.000	63500.000	1.000	0.000	0.055	-0.016
281.000	62833.000	1.000	0.000	0.050	-0.016
282.000	62167.000	1.000	0.000	0.063	-0.016
283.000	61500.000	1.000	0.000	0.056	-0.016
284.000	60833.000	1.000	0.000	0.062	-0.016
285.000	60167.000	1.000	0.000	0.066	-0.016
286.000	59500.000	1.000	0.000	0.064	-0.016
287.000	58833.000	1.000	0.000	0.071	-0.016
288.000	58167.000	1.000	0.000	0.061	-0.016
289.000	57500.000	1.000	0.000	0.071	-0.016
290.000	56833.000	1.000	0.000	0.076	-0.016
291.000	56167.000	1.000	0.000	0.082	-0.016
292.000	55500.000	1.000	0.000	0.091	-0.016
293.000	54833.000	1.000	0.000	0.085	-0.016
294.000	54167.000	1.000	0.000	0.084	-0.016
295.000	53500.000	1.000	0.000	0.083	-0.016
296.000	52833.000	1.000	0.000	0.075	-0.016
297.000	52167.000	1.000	0.000	0.062	-0.016
298.000	51500.000	1.000	0.000	0.059	-0.016
299.000	50833.000	1.000	0.000	0.059	-0.016
300.000	50167.000	1.000	0.000	0.057	-0.016
301.000	50333.000	1.000	0.000	0.064	-0.016
302.000	51000.000	1.000	0.000	0.060	-0.016
303.000	51667.000	1.000	0.000	0.068	-0.016
304.000	52333.000	1.000	0.000	0.075	-0.016
305.000	53000.000	1.000	0.000	0.071	-0.016
306.000	53667.000	1.000	0.000	0.079	-0.016
307.000	54333.000	1.000	0.000	0.093	-0.016
308.000	55000.000	1.000	0.000	0.095	-0.016
309.000	55667.000	1.000	0.000	0.096	-0.016
310.000	56333.000	1.000	0.000	0.097	-0.016
311.000	57000.000	1.000	0.000	0.092	-0.016
312.000	57667.000	1.000	0.000	0.090	-0.016
313.000	58333.000	1.000	0.000	0.081	-0.016
314.000	59000.000	1.000	0.000	0.067	-0.016
315.000	59667.000	1.000	0.000	0.069	-0.016
316.000	60333.000	1.000	0.000	0.058	-0.016
317.000	61000.000	1.000	0.000	0.054	-0.016
318.000	61667.000	1.000	0.000	0.061	-0.016
319.000	62333.000	1.000	0.000	0.054	-0.016
320.000	63000.000	1.000	0.000	0.059	-0.016
321.000	63667.000	1.000	0.000	0.055	-0.016
322.000	64333.000	1.000	0.000	0.061	-0.016
323.000	65000.000	1.000	0.000	0.064	-0.016
324.000	65667.000	1.000	0.000	0.069	-0.016
325.000	66333.000	1.000	0.000	0.067	-0.016
326.000	67000.000	1.000	0.000	0.067	-0.016
327.000	67667.000	1.000	0.000	0.075	-0.016
328.000	68333.000	1.000	0.000	0.080	-0.016
329.000	69000.000	1.000	0.000	0.086	-0.016
330.000	69667.000	1.000	0.000	0.088	-0.016
331.000	70333.000	1.000	0.000	0.089	-0.016
332.000	71000.000	1.000	0.000	0.082	-0.016
333.000	71667.000	1.000	0.000	0.092	-0.016
334.000	72333.000	1.000	0.000	0.091	-0.016
335.000	73000.000	1.000	0.000	0.087	-0.016
336.000	73667.000	1.000	0.000	0.073	-0.016
337.000	74333.000	1.000	0.000	0.071	-0.016
338.000	75000.000	1.000	0.000	0.055	-0.016
339.000	75667.000	1.000	0.000	0.072	-0.016
340.000	76333.000	1.000	0.000	0.058	-0.016
341.000	77000.000	1.000	0.000	0.067	-0.016
342.000	77667.000	1.000	0.000	0.063	-0.016
343.000	78333.000	1.000	0.000	0.066	-0.016
344.000	79000.000	1.000	0.000	0.053	-0.016
345.000	79667.000	1.000	0.000	0.064	-0.016
346.000	80333.000	1.000	0.000	0.068	-0.016
347.000	81000.000	1.000	0.000	0.067	-0.016
348.000	81667.000	1.000	0.000	0.073	-0.016
349.000	82333.000	1.000	0.000	0.077	-0.016
350.000	83000.000	1.000	0.000	0.082	-0.016
351.000	83667.000	1.000	0.000	0.078	-0.016
352.000	84333.000	1.000	0.000	0.084	-0.016
353.000	85000.000	1.000	0.000	0.086	-0.016
354.000	85667.000	1.000	0.000	0.087	-0.016
355.000	86333.000	1.000	0.000	0.100	-0.016
356.000	87000.000	1.000	0.000	0.092	-0.016
357.000	87667.000	1.000	0.000	0.087	-0.016
358.000	88333.000	1.000	0.000	0.087	-0.016
359.000	89000.000	1.000	0.000	0.075	-0.016
360.000	89667.000	1.000	0.000	0.062	-0.016
361.000	90333.000	1.000	0.000	0.066	-0.016
362.000	91000.000	1.000	0.000	0.069	-0.016
363.000	91667.000	1.000	0.000	0.060	-0.016
364.000	92333.000	1.000	0.000	0.067	-0.016
365.000	93000.000	1.000	0.000	0.058	-0.016
366.000	93667.000	1.000	0.000	0.055	-0.016
367.000	94333.000	1.000	0.000	0.063	-0.016
368.000	95000.000	1.000	0.000	0.060	-0.016
369.000	95667.000	1.000	0.000	0.069	-0.016
370.000	96333.000	1.000	0.000	0.071	-0.016
371.000	97000.000	1.000	0.000	0.074	-0.016
372.000	97667.000	1.000	0.000	0.089	-0.016
373.000	98333.000	1.000	0.000	0.096	-0.016
374.000	99000.000	1.000	0.000	0.084	-0.016
375.000	99667.000	1.000	0.000	0.083	-0.016
376.000	100333.000	1.000	0.000	0.081	-0.016
377.000	101000.000	1.000	0.000	0.105	-0.016
378.000	101667.000	1.000	0.000	0.082	-0.016
379.000	102333.000	1.000	0.000	0.086	-0.016
380.000	103000.000	1.000	0.000	0.072	-0.016
381.000	103667.000	1.000	0.000	0.088	-0.016
382.000	104333.000	1.000	0.000	0.071	-0.016
383.000	105000.000	1.000	0.000	0.073	-0.016
384.000	105667.000	1.000	0.000	0.067	-0.016
385.000	106333.000	1.000	0.000	0.069	-0.016
386.000	107000.000	1.000	0.000	0.069	-0.016
387.000	107667.000	1.000	0.000	0.066	-0.016
388.000	108333.000	1.000	0.000	0.059	-0.016
389.000	109000.000	1.000	0.000	0.064	-0.016
390.000	109667.000	1.000	0.000	0.073	-0.016
391.000	110333.000	1.000	0.000	0.060	-0.016
392.000	111000.000	1.000	0.000	0.066	-0.016
393.000	111667.000	1.000	0.000	0.074	-0.016
394.000	112333.000	1.000	0.000	0.070	-0.016
395.000	113000.000	1.000	0.000	0.084	-0.016
396.000	113667.000	1.000	0.000	0.088	-0.016
397.000	114333.000	1.000	0.000	0.085	-0.016
398.000	115000.000	1.000	0.000	0.085	-0.016
399.000	115667.000	1.000	0.000	0.079	-0.016
400.000	116333.000	1.000	0.000	0.079	-0.016
401.000	117000.000	1.000	0.000	0.075	-0.016
402.000	117667.000	1.000	0.000	0.095	-0.016
403.000	118333.000	1.000	0.000	0.076	-0.016
404.000	119000.000	1.000	0.000	0.070	-0.016
405.000	119667.000	1.000	0.000	0.058	-0.016
406.000	120333.000	1.000	0.000	0.056	-0.016
407.000	121000.000	1.000	0.000	0.066	-0.016
408.000	121667.000	1.000	0.000	0.055	-0.016
409.000	122333.000	1.000	0.000	0.052	-0.016
410.000	123000.000	1.000	0.000	0.060	-0.016
411.000	123667.000	1.000	0.000	0.061	-0.016
412.000	124333.000	1.000	0.000	0.065	-0.016
413.000	125000.000	1.000	0.000	0.058	-0.016
414.000	125667.000	1.000	0.000	0.064	-0.016
415.000	126333.000	1.000	0.000	0.075	-0.016
416.000	127000.000	1.000	0.000	0.067	-0.016
417.000	127667.000	1.000	0.000	0.077	-0.016
418.000	128333.000	1.000	0.000	0.082	-0.016
419.000	129000.000	1.000	0.000	0.082	-0.016
420.000	129667.000	1.000	0.000	0.079	-0.016
421.000	130333.000	1.000	0.000	0.088	-0.016
422.000	131000.000	1.000	0.000	0.091	-0.016
423.000	131667.000	1.000	0.000	0.080	-0.016
424.000	132333.000	1.000	0.000	0.088	-0.016
425.000	133000.000	1.000	0.000	0.076	-0.016
426.000	133667.000	1.000	0.000	0.075	-0.016
427.000	134333.000	1.000	0.000	0.072	-0.016
428.000	135000.000	1.000	0.000	0.071	-0.016
429.000	135667.000	1.000	0.000	0.062	-0.016
430.000	136333.000	1.000	0.000	0.065	-0.016
431.000	137000.000	1.000	0.000	0.066	-0.016
432.000	137667.000	1.000	0.000	0.057	-0.016
433.000	138333.000	1.000	0.000	0.059	-0.016
434.000	139000.000	1.000	0.000	0.071	-0.016
435.000	139667.000	1.000	0.000	0.065	-0.016
436.000	140333.000	1.000	0.000	0.066	-0.016
437.000	141000.000	1.000	0.000	0.059	-0.016
438.000	141667.000	1.000	0.000	0.078	-0.016
439.000	142333.000	1.000	0.000	0.075	-0.016
440.000	143000.000	1.000	0.000	0.078	-0.016
441.000	143667.000	1.000	0.000	0.092	-0.016
442.000	144333.000	1.000	0.000	0.089	-0.016
443.000	145000.000	1.000	0.000	0.084	-0.016
444.000	145667.000	1.000	0.000	0.097	-0.016
445.000	146333.000	1.000	0.000	0.078	-0.016
446.000	147000.000	1.000	0.000	0.097	-0.016
447.000	147667.000	1.000	0.000	0.078	-0.016
448.000	148333.000	1.000	0.000	0.081	-0.016
449.000	149000.000	1.000	0.000	0.070	-0.016
450.000	149667.000	1.000	0.000	0.080	-0.016
451.000	149833.000	1.000	0.000	0.065	-0.016
452.000	149167.000	1.000	0.000	0.079	-0.016
453.000	148500.000	1.000	0.000	0.074	-0.016
454.000	147833.000	1.000	0.000	0.075	-0.016
455.000	147167.000	1.000	0.000	0.076	-0.016
456.000	146500.000	1.000	0.000	0.087	-0.016
457.000	145833.000	1.000	0.000	0.088	-0.016
458.000	145167.000	1.000	0.000	0.090	-0.016
459.000	144500.000	1.000	0.000	0.086	-0.016
460.000	143833.000	1.000	0.000	0.093	-0.016
461.000	143167.000	1.000	0.000	0.078	-0.016
462.000	142500.000	1.000	0.000	0.079	-0.016
463.000	141833.000	1.000	0.000	0.084	-0.016
464.000	141167.000	1.000	0.000	0.076	-0.016
465.000	140500.000	1.000	0.000	0.073	-0.016
466.000	139833.000	1.000	0.000	0.056	-0.016
467.000	139167.000	1.000	0.000	0.062	-0.016
468.000	138500.000	1.000	0.000	0.064	-0.016
469.000	137833.000	1.000	0.000	0.050	-0.016
470.000	137167.000	1.000	0.000	0.060	-0.016
471.000	136500.000	1.000	0.000	0.061	-0.016
472.000	135833.000	1.000	0.000	0.066	-0.016
473.000	135167.000	1.000	0.000	0.080	-0.016
474.000	134500.000	1.000	0.000	0.073	-0.016
475.000	133833.000	1.000	0.000	0.074	-0.016
476.000	133167.000	1.000	0.000	0.087	-0.016
477.000	132500.000	1.000	0.000	0.094	-0.016
478.000	131833.000	1.000	0.000	0.097	-0.016
479.000	131167.000	1.000	0.000	0.082	-0.016
480.000	130500.000	1.000	0.000	0.084	-0.016
481.000	129833.000	1.000	0.000	0.081	-0.016
482.000	129167.000	1.000	0.000	0.098	-0.016
483.000	128500.000	1.000	0.000	0.075	-0.016
484.000	127833.000	1.000	0.000	0.085	-0.016
485.000	127167.000	1.000	0.000	0.069	-0.016
486.000	126500.000	1.000	0.000	0.076	-0.016
487.000	125833.000	1.000	0.000	0.065	-0.016
488.000	125167.000	1.000	0.000	0.068	-0.016
489.000	124500.000	1.000	0.000	0.066	-0.016
490.000	123833.000	1.000	0.000	0.060	-0.016
491.000	123167.000	1.000	0.000	0.063	-0.016
492.000	122500.000	1.000	0.000	0.066	-0.016
493.000	121833.000	1.000	0.000	0.054	-0.016
494.000	121167.000	1.000	0.000	0.059	-0.016
495.000	120500.000	1.000	0.000	0.071	-0.016
496.000	119833.000	1.000	0.000	0.079	-0.016
497.000	119167.000	1.000	0.000	0.086	-0.016
498.000	118500.000	1.000	0.000	0.072	-0.016
499.000	117833.000	1.000	0.000	0.076	-0.016
500.000	117167.000	1.000	0.000	0.093	-0.016
501.000	116500.000	1.000	0.000	0.088	-0.016
502.000	115833.000	1.000	0.000	0.086	-0.016
503.000	115167.000	1.000	0.000	0.090	-0.016
504.000	114500.000	1.000	0.000	0.077	-0.016
505.000	113833.000	1.000	0.000	0.088	-0.016
506.000	113167.000	1.000	0.000	0.071	-0.016
507.000	112500.000	1.000	0.000	0.070	-0.016
508.000	111833.000	1.000	0.000	0.075	-0.016
509.000	111167.000	1.000	0.000	0.072	-0.016
510.000	110500.000	1.000	0.000	0.061	-0.016
511.000	109833.000	1.000	0.000	0.075	-0.016
512.000	109167.000	1.000	0.000	0.071	-0.016
513.000	108500.000	1.000	0.000	0.058	-0.016
514.000	107833.000	1.000	0.000	0.064	-0.016
515.000	107167.000	1.000	0.000	0.061	-0.016
516.000	106500.000	1.000	0.000	0.057	-0.016
517.000	105833.000	1.000	0.000	0.070	-0.016
518.000	105167.000	1.000	0.000	0.070	-0.016
519.000	104500.000	1.000	0.000	0.066	-0.016
520.000	103833.000	1.000	0.000	0.070	-0.016
521.000	103167.000	1.000	0.000	0.074	-0.016
522.000	102500.000	1.000	0.000	0.091	-0.016
523.000	101833.000	1.000	0.000	0.078	-0.016
524.000	101167.000	1.000	0.000	0.085	-0.016
525.000	100500.000	1.000	0.000	0.086	-0.016
526.000	99833.000	1.000	0.000	0.087	-0.016
527.000	99167.000	1.000	0.000	0.082	-0.016
528.000	98500.000	1.000	0.000	0.075	-0.016
529.000	97833.000	1.000	0.000	0.079	-0.016
530.000	97167.000	1.000	0.000	0.071	-0.016
531.000	96500.000	1.000	0.000	0.066	-0.016
532.000	95833.000	1.000	0.000	0.064	-0.016
533.000	95167.000	1.000	0.000	0.069	-0.016
534.000	94500.000	1.000	0.000	0.061	-0.016
535.000	93833.000	1.000	0.000	0.057	-0.016
536.000	93167.000	1.000	0.000	0.073	-0.016
537.000	92500.000	1.000	0.000	0.057	-0.016
538.000	91833.000	1.000	0.000	0.057	-0.016
539.000	91167.000	1.000	0.000	0.060	-0.016
540.000	90500.000	1.000	0.000	0.062	-0.016
541.000	89833.000	1.000	0.000	0.072	-0.016
542.000	89167.000	1.000	0.000	0.079	-0.016
543.000	88500.000	1.000	0.000	0.077	-0.016
544.000	87833.000	1.000	0.000	0.081	-0.016
545.000	87167.000	1.000	0.000	0.080	-0.016
546.000	86500.000	1.000	0.000	0.083	-0.016
547.000	85833.000	1.000	0.000	0.080	-0.016
548.000	85167.000	1.000	0.000	0.088	-0.016
549.000	84500.000	1.000	0.000	0.093	-0.016
550.000	83833.000	1.000	0.000	0.081	-0.016
551.000	83167.000	1.000	0.000	0.086	-0.016
552.000	82500.000	1.000	0.000	0.084	-0.016
553.000	81833.000	1.000	0.000	0.076	-0.016
554.000	81167.000	1.000	0.000	0.065	-0.016
555.000	80500.000	1.000	0.000	0.061	-0.016
556.000	79833.000	1.000	0.000	0.066	-0.016
557.000	79167.000	1.000	0.000	0.064	-0.016
558.000	78500.000	1.000	0.000	0.061	-0.016
559.000	77833.000	1.000	0.000	0.059	-0.016
560.000	77167.000	1.000	0.000	0.061	-0.016
561.000	76500.000	1.000	0.000	0.056	-0.016
562.000	75833.000	1.000	0.000	0.072	-0.016
563.000	75167.000	1.000	0.000	0.063	-0.016
564.000	74500.000	1.000	0.000	0.065	-0.016
565.000	73833.000	1.000	0.000	0.077	-0.016
566.000	73167.000	1.000	0.000	0.082	-0.016
567.000	72500.000	1.000	0.000	0.092	-0.016
568.000	71833.000	1.000	0.000	0.086	-0.016
569.000	71167.000	1.000	0.000	0.087	-0.016
570.000	70500.000	1.000	0.000	0.093	-0.016
571.000	69833.000	1.000	0.000	0.099	-0.016
572.000	69167.000	1.000	0.000	0.081	-0.016
573.000	68500.000	1.000	0.000	0.092	-0.016
574.000	67833.000	1.000	0.000	0.085	-0.016
575.000	67167.000	1.000	0.000	0.071	-0.016
576.000	66500.000	1.000	0.000	0.064	-0.016
577.000	65833.000	1.000	0.000	0.061	-0.016
578.000	65167.000	1.000	0.000	0.073	-0.016
579.000	64500.000	1.000	0.000	0.058	-0.016
580.000	63833.000	1.000	0.000	0.061	-0.016
581.000	63167.000	1.000	0.000	0.060	-0.016
582.000	62500.000	1.000	0.000	0.074	-0.016
583.000	61833.000	1.000	0.000	0.065	-0.016
584.000	61167.000	1.000	0.000	0.067	-0.016
585.000	60500.000	1.000	0.000	0.065	-0.016
586.000	59833.000	1.000	0.000	0.068	-0.016
587.000	59167.000	1.000	0.000	0.073	-0.016
588.000	58500.000	1.000	0.000	0.083	-0.016
589.000	57833.000	1.000	0.000	0.087	-0.016
590.000	57167.000	1.000	0.000	0.106	-0.016
591.000	56500.000	1.000	0.000	0.087	-0.016
592.000	55833.000	1.000	0.000	0.084	-0.016
593.000	55167.000	1.000	0.000	0.082	-0.016
594.000	54500.000	1.000	0.000	0.085	-0.016
595.000	53833.000	1.000	0.000	0.077	-0.016
596.000	53167.000	1.000	0.000	0.073	-0.016
597.000	52500.000	1.000	0.000	0.076	-0.016
598.000	51833.000	1.000	0.000	0.072	-0.016
599.000	51167.000	1.000	0.000	0.063	-0.016
600.000	50500.000	1.000	0.000	0.066	-0.004
