# Title: Diode Laser Frequency Scan, no Static, looking for MW power shift.
# Note:	Frequency Scan at n=27. No Static, no PM, MW blinked. -10 dB attenuation. Looking for MW power shift. 610 Lens micrometer at at 37.15 mm
# Type:	Frequency
# Hittite Freq:	19644.0 MHz
# Hittite: Power	14 dBm
# Laser Freq:	NaN
# Laser Mod:	NaN
# Laser Mod Attn:	NaN
# MW Attn:	10 dB
# Delay:	1000 ns
# MW Off:	20 ns
# Top w/o Static:	NaN
# Static:	NaN
# Static Off:	NaN
# 610 Micrometer:	37.15
i	f	b	s	n
0	-4511.72	0.00674553	0.0288468	0.026512	
1	-4511.72	0.00674553	0.0288797	0.0383173	
2	-4511.72	0.00674553	0.0258543	0.0404219	
3	-4511.72	0.00674553	0.0231579	0.0523259	
4	-4511.72	0.00674553	0.0272684	0.0399287	
5	-4511.62	0.00674553	0.0249665	0.0405534	
6	-4511.62	0.00674553	0.0243417	0.0417373	
7	-4511.62	0.00674553	0.0265778	0.0336807	
8	-4511.62	0.00674553	0.0224015	0.0296689	
9	-4511.52	0.00674553	0.0209218	0.0261832	
10	-4511.52	0.00674553	0.0207902	0.0295702	
11	-4511.52	0.00674553	0.0144765	0.0226646	
12	-4511.52	0.00674553	0.014904	0.0224344	
13	-4511.52	0.00674553	0.0127666	0.0192447	
14	-4511.52	0.00674553	0.0151013	0.0195735	
15	-4511.52	0.00674553	0.0157919	0.0197379	
16	-4511.52	0.00674553	0.0137202	0.013786	
17	-4511.52	0.00674553	0.0107278	0.0225331	
18	-4511.52	0.00674553	0.0167455	0.0143779	
19	-4511.52	0.00674553	0.0152	0.0181266	
20	-4511.42	0.00674553	0.0132927	0.0131283	
21	-4511.42	0.00674553	0.0141477	0.015463	
22	-4511.42	0.00674553	0.0161207	0.0132927	
23	-4511.42	0.00674553	0.0162851	0.0189159	
24	-4511.42	0.00674553	0.0152657	0.017732	
25	-4511.42	0.00674553	0.0171072	0.0181595	
26	-4511.32	0.00674553	0.0143121	0.0194091	
27	-4511.32	0.00674553	0.0176005	0.0152657	
28	-4511.32	0.00674553	0.0166797	0.0183239	
29	-4511.32	0.00674553	0.0178965	0.0193762	
30	-4511.32	0.00674553	0.019146	0.0192118	
31	-4511.32	0.00674553	0.0197379	0.0119445	
32	-4511.32	0.00674553	0.0127008	0.0187843	
33	-4511.32	0.00674553	0.0153973	0.0152329	
34	-4511.22	0.00674553	0.0164496	0.0150356	
35	-4511.22	0.00674553	0.0136873	0.0166469	
36	-4511.22	0.00674553	0.0168113	0.0222371	
37	-4511.22	0.00674553	0.0162851	0.0206587	
38	-4511.22	0.00674553	0.0135229	0.0238484	
39	-4511.12	0.00674553	0.0131612	0.0196722	
40	-4511.22	0.00674553	0.0169428	0.0191789	
41	-4511.22	0.00674553	0.0179293	0.0231579	
42	-4511.12	0.00674553	0.0203956	0.0210204	
43	-4511.12	0.00674553	0.018883	0.0239471	
44	-4511.02	0.00674553	0.0208231	0.0192447	
45	-4511.02	0.00674553	0.0186528	0.017173	
46	-4511.02	0.00674553	0.0258215	0.0229606	
47	-4511.02	0.00674553	0.0180609	0.0175676	
48	-4511.02	0.00674553	0.0212177	0.0186199	
49	-4511.02	0.00674553	0.0248349	0.0151342	
50	-4510.92	0.00674553	0.0194091	0.0159234	
51	-4510.92	0.00674553	0.0275972	0.0199024	
52	-4510.92	0.00674553	0.0271039	0.0263476	
53	-4510.92	0.00674553	0.0288139	0.023125	
54	-4510.82	0.00674553	0.0337465	0.0252624	
55	-4510.82	0.00674553	0.0442364	0.0211848	
56	-4510.82	0.00674553	0.0390079	0.0292743	
57	-4510.82	0.00674553	0.0476892	0.0245061	
58	-4510.82	0.00674553	0.0552854	0.0286166	
59	-4510.82	0.00674553	0.0677484	0.0274657	
60	-4510.82	0.00674553	0.0688665	0.0308198	
61	-4510.72	0.00674553	0.0664002	0.0318721	
62	-4510.72	0.00674553	0.0642956	0.0278931	
63	-4510.72	0.00674553	0.0646573	0.0310829	
64	-4510.72	0.00674553	0.062191	0.0476564	
65	-4510.62	0.00674553	0.0611059	0.0430855	
66	-4510.62	0.00674553	0.0570283	0.059363	
67	-4510.62	0.00674553	0.0514051	0.0809349	
68	-4510.62	0.00674553	0.0417701	0.0908329	
69	-4510.62	0.00674553	0.0413427	0.0809349	
70	-4510.62	0.00674553	0.0443351	0.0774492	
71	-4510.52	0.00674553	0.0419346	0.0634406	
72	-4510.52	0.00674553	0.0280247	0.0639339	
73	-4510.52	0.00674553	0.0233552	0.0533453	
74	-4510.52	0.00674553	0.0221714	0.0473604	
75	-4510.52	0.00674553	0.0244732	0.0418688	
76	-4510.52	0.00674553	0.0176991	0.0346343	
77	-4510.52	0.00674553	0.0190474	0.0289454	
78	-4510.42	0.00674553	0.0162523	0.0276958	
79	-4510.42	0.00674553	0.0191132	0.0314446	
80	-4510.42	0.00674553	0.0170744	0.0289126	
81	-4510.42	0.00674553	0.0162851	0.0243746	
82	-4510.42	0.00674553	0.0114512	0.020001	
83	-4510.32	0.00674553	0.0144108	0.0167126	
84	-4510.32	0.00674553	0.0118787	0.018587	
85	-4510.32	0.00674553	0.0132598	0.01349	
86	-4510.32	0.00674553	0.0135887	0.0187514	
87	-4510.22	0.00674553	0.0170744	0.0182253	
88	-4510.22	0.00674553	0.0146409	0.0133914	
89	-4510.22	0.00674553	0.0120102	0.0117143	
90	-4510.22	0.00674553	0.0110566	0.0165153	
91	-4510.12	0.00674553	0.0142792	0.0153644	
92	-4510.12	0.00674553	0.0139175	0.0146081	
93	-4510.12	0.00674553	0.0120102	0.0131283	
94	-4510.02	0.00674553	0.0113197	0.0161207	
95	-4510.02	0.00674553	0.0130296	0.0139833	
96	-4510.02	0.00674553	0.012635	0.0148382	
97	-4509.92	0.00674553	0.0145752	0.00970836	
98	-4509.92	0.00674553	0.0138846	0.0137531	
99	-4509.82	0.00674553	0.0108264	0.011221	
100	-4509.82	0.00674553	0.00944529	0.0127666	
101	-4509.72	0.00674553	0.00990567	0.0115827	
102	-4509.72	0.00674553	0.00980702	0.0121747	
103	-4509.72	0.00674553	0.00842589	0.0126021	
104	-4509.72	0.00674553	0.0114183	0.011517	
105	-4509.72	0.00674553	0.010958	0.00707765	
106	-4509.62	0.00674553	0.0123062	0.00845878	
107	-4509.62	0.00674553	0.0113526	0.0153973	
108	-4509.62	0.00674553	0.00684747	0.0115827	
109	-4509.62	0.00674553	0.00612402	0.0133585	
110	-4509.52	0.00674553	0.00970836	0.0145752	
111	-4509.52	0.00674553	0.0115499	0.0100043	
112	-4509.52	0.00674553	0.00763668	0.00891915	
113	-4509.52	0.00674553	0.0078011	0.0127337	
114	-4509.52	0.00674553	0.00928087	0.00921511	
115	-4509.42	0.00674553	0.00977413	0.0120431	
116	-4509.52	0.00674553	0.0113197	0.0121747	
117	-4509.42	0.00674553	0.0102016	0.0118458	
118	-4509.42	0.00674553	0.0127008	0.0154302	
119	-4509.42	0.00674553	0.0129968	0.0136873	
120	-4509.52	0.00674553	0.00783398	0.0110237	
121	-4509.52	0.00674553	0.00776822	0.00812994	
122	-4509.52	0.00674553	0.0079984	0.0102016	
123	-4509.52	0.00674553	0.0103989	0.0110895	
124	-4509.52	0.00674553	0.00987278	0.0106291	
125	-4509.52	0.00674553	0.0090178	0.010662	
126	-4509.52	0.00674553	0.010103	0.00812994	
127	-4509.42	0.00674553	0.0115827	0.00931376	
128	-4509.42	0.00674553	0.00513751	0.0101687	
129	-4509.42	0.00674553	0.00954395	0.0086232	
130	-4509.42	0.00674553	0.00691323	0.00960971	
131	-4509.42	0.00674553	0.00918222	0.00707765	
132	-4509.42	0.00674553	0.0120102	0.0144108	
133	-4509.42	0.00674553	0.0130296	0.0147725	
134	-4509.32	0.00674553	0.0141148	0.00770245	
