# Title: Diode Laser Frequency Scan, no Static, looking for MW power shift.
# Note:	Frequency Scan at n=27. No Static, no PM, MW blinked. -10 dB attenuation. Looking for MW power shift. 610 Lens micrometer at at 36.15 mm
# Type:	Frequency
# Hittite Freq:	18512.8 MHz
# Hittite: Power	14 dBm
# Laser Freq:	NaN
# Laser Mod:	NaN
# Laser Mod Attn:	NaN
# MW Attn:	10 dB
# Delay:	1000 ns
# MW Off:	20 ns
# Top w/o Static:	NaN
# Static:	NaN
# Static Off:	NaN
# 610 Micrometer:	36.15
i	f	b	s	n
0	-4511.52	0.00839959	0.0342069	0.0376268	
1	-4511.52	0.00839959	0.0387777	0.0408165	
2	-4511.52	0.00839959	0.0340424	0.0423292	
3	-4511.52	0.00839959	0.02934	0.0371335	
4	-4511.52	0.00839959	0.0236182	0.0361799	
5	-4511.52	0.00839959	0.0274985	0.0324311	
6	-4511.42	0.00839959	0.025953	0.0391723	
7	-4511.42	0.00839959	0.0225002	0.0303594	
8	-4511.42	0.00839959	0.019146	0.0242759	
9	-4511.42	0.00839959	0.0170744	0.0257228	
10	-4511.42	0.00839959	0.0167455	0.0191789	
11	-4511.42	0.00839959	0.0155617	0.0201654	
12	-4511.42	0.00839959	0.012076	0.016614	
13	-4511.32	0.00839959	0.0131941	0.0113854	
14	-4511.42	0.00839959	0.0112868	0.0137202	
15	-4511.32	0.00839959	0.013786	0.0173703	
16	-4511.32	0.00839959	0.013786	0.0161536	
17	-4511.22	0.00839959	0.0111224	0.0135229	
18	-4511.22	0.00839959	0.0140162	0.0146409	
19	-4511.32	0.00839959	0.0155617	0.0161865	
20	-4511.22	0.00839959	0.0145094	0.0145423	
21	-4511.22	0.00839959	0.010662	0.0157261	
22	-4511.22	0.00839959	0.0125035	0.0133585	
23	-4511.22	0.00839959	0.0133585	0.0119445	
24	-4511.22	0.00839959	0.0110566	0.0158905	
25	-4511.22	0.00839959	0.0149698	0.0153315	
26	-4511.12	0.00839959	0.0125364	0.0129968	
27	-4511.12	0.00839959	0.0157919	0.0133914	
28	-4511.12	0.00839959	0.0161207	0.0181924	
29	-4511.12	0.00839959	0.0185541	0.0137531	
30	-4511.02	0.00839959	0.0116485	0.0180609	
31	-4511.02	0.00839959	0.0140162	0.0163838	
32	-4511.02	0.00839959	0.0142463	0.0152986	
33	-4511.02	0.00839959	0.0125364	0.0169099	
34	-4511.02	0.00839959	0.0127008	0.0215794	
35	-4511.02	0.00839959	0.0132927	0.0241115	
36	-4510.92	0.00839959	0.0170415	0.0251309	
37	-4510.92	0.00839959	0.016318	0.0210533	
38	-4510.92	0.00839959	0.0167455	0.0195735	
39	-4511.02	0.00839959	0.0148711	0.0156932	
40	-4511.02	0.00839959	0.0168113	0.0176991	
41	-4511.02	0.00839959	0.01349	0.0215137	
42	-4511.02	0.00839959	0.0169757	0.0201983	
43	-4511.02	0.00839959	0.017469	0.0150684	
44	-4511.02	0.00839959	0.014345	0.0196393	
45	-4511.02	0.00839959	0.018587	0.0183568	
46	-4510.92	0.00839959	0.0196393	0.0141148	
47	-4510.92	0.00839959	0.012372	0.0168113	
48	-4510.92	0.00839959	0.0183568	0.0186528	
49	-4510.92	0.00839959	0.0206916	0.0172717	
50	-4510.92	0.00839959	0.0184884	0.0192118	
51	-4510.92	0.00839959	0.0191132	0.0159234	
52	-4510.92	0.00839959	0.0245061	0.019442	
53	-4510.82	0.00839959	0.026512	0.0216781	
54	-4510.82	0.00839959	0.029636	0.022566	
55	-4510.82	0.00839959	0.0329244	0.0233223	
56	-4510.82	0.00839959	0.0343055	0.0213493	
57	-4510.82	0.00839959	0.0445982	0.025394	
58	-4510.82	0.00839959	0.03812	0.0299648	
59	-4510.82	0.00839959	0.0508132	0.0321352	
60	-4510.82	0.00839959	0.0560418	0.0278931	
61	-4510.82	0.00839959	0.0607441	0.031346	
62	-4510.82	0.00839959	0.0665317	0.0395998	
63	-4510.82	0.00839959	0.0562062	0.0438418	
64	-4510.82	0.00839959	0.0645258	0.0530493	
65	-4510.72	0.00839959	0.0550881	0.065315	
66	-4510.72	0.00839959	0.0640325	0.0829408	
67	-4510.72	0.00839959	0.0536412	0.0736346	
68	-4510.72	0.00839959	0.0463739	0.0692611	
69	-4510.72	0.00839959	0.0426909	0.0626514	
70	-4510.62	0.00839959	0.0365087	0.0656767	
71	-4510.62	0.00839959	0.0362128	0.0550224	
72	-4510.62	0.00839959	0.0295045	0.0448283	
73	-4510.62	0.00839959	0.0260188	0.0401588	
74	-4510.62	0.00839959	0.0233881	0.038416	
75	-4510.62	0.00839959	0.0231579	0.0317734	
76	-4510.52	0.00839959	0.0163838	0.0230263	
77	-4510.52	0.00839959	0.0187514	0.0224015	
78	-4510.52	0.00839959	0.0175347	0.0176334	
79	-4510.52	0.00839959	0.0183239	0.0211191	
80	-4510.52	0.00839959	0.0183239	0.0190145	
81	-4510.52	0.00839959	0.0144765	0.0162523	
82	-4510.52	0.00839959	0.0146738	0.0143121	
83	-4510.42	0.00839959	0.0168442	0.0168771	
84	-4510.42	0.00839959	0.0170415	0.0169099	
85	-4510.42	0.00839959	0.0187514	0.0152329	
86	-4510.42	0.00839959	0.0176005	0.0164167	
87	-4510.42	0.00839959	0.0149369	0.0142135	
88	-4510.32	0.00839959	0.0148382	0.00951106	
89	-4510.32	0.00839959	0.0110237	0.0138188	
90	-4510.32	0.00839959	0.0119445	0.013786	
91	-4510.32	0.00839959	0.0160221	0.0115827	
92	-4510.32	0.00839959	0.0127666	0.0146409	
93	-4510.32	0.00839959	0.0110895	0.0108264	
94	-4510.32	0.00839959	0.0131612	0.0167784	
95	-4510.22	0.00839959	0.0139504	0.0142135	
96	-4510.22	0.00839959	0.0170415	0.0184884	
97	-4510.22	0.00839959	0.0161536	0.012076	
98	-4510.12	0.00839959	0.0150027	0.017732	
99	-4510.12	0.00839959	0.0146738	0.0161536	
100	-4510.12	0.00839959	0.010662	0.014345	
101	-4510.12	0.00839959	0.0118787	0.0165811	
102	-4510.12	0.00839959	0.0141477	0.0181266	
103	-4510.12	0.00839959	0.0144108	0.0113854	
104	-4510.02	0.00839959	0.012372	0.0183897	
105	-4510.02	0.00839959	0.0162851	0.0152986	
106	-4510.02	0.00839959	0.015759	0.0140162	
107	-4510.02	0.00839959	0.013786	0.011221	
108	-4510.02	0.00839959	0.0120431	0.0133256	
109	-4510.02	0.00839959	0.0132598	0.0153644	
110	-4509.92	0.00839959	0.0156275	0.0137531	
111	-4509.92	0.00839959	0.0130954	0.0133256	
112	-4509.92	0.00839959	0.0125035	0.0138188	
113	-4509.92	0.00839959	0.0127994	0.0157919	
114	-4509.82	0.00839959	0.0189816	0.0150356	
115	-4509.82	0.00839959	0.0133256	0.0144108	
116	-4509.82	0.00839959	0.0159234	0.0153973	
117	-4509.82	0.00839959	0.0122404	0.0163838	
118	-4509.72	0.00839959	0.0172717	0.014904	
119	-4509.72	0.00839959	0.0131612	0.0170744	
120	-4509.72	0.00839959	0.013786	0.0161207	
121	-4509.72	0.00839959	0.017173	0.0146081	
122	-4509.72	0.00839959	0.0158905	0.0144765	
123	-4509.62	0.00839959	0.0148711	0.0172717	
124	-4509.62	0.00839959	0.0150027	0.0163838	
125	-4509.62	0.00839959	0.0155288	0.0144436	
126	-4509.62	0.00839959	0.0163509	0.0140162	
127	-4509.62	0.00839959	0.0203627	0.0180609	
128	-4509.62	0.00839959	0.0138846	0.0124048	
129	-4509.62	0.00839959	0.0134242	0.0158248	
130	-4509.52	0.00839959	0.0141477	0.00980702	
131	-4509.52	0.00839959	0.0153644	0.0151013	
132	-4509.52	0.00839959	0.0182582	0.0184884	
133	-4509.52	0.00839959	0.0179622	0.012635	
134	-4509.52	0.00839959	0.0135558	0.0127337	
