# Title: Diode Laser Frequency Scan, no Static, looking for MW power shift.
# Note:	Frequency Scan at n=27. No Static, no PM, MW blinked. -10 dB attenuation. Looking for MW power shift. 610 Lens micrometer at at 38.15 mm
# Type:	Frequency
# Hittite Freq:	19644.0 MHz
# Hittite: Power	14 dBm
# Laser Freq:	NaN
# Laser Mod:	NaN
# Laser Mod Attn:	NaN
# MW Attn:	10 dB
# Delay:	1000 ns
# MW Off:	20 ns
# Top w/o Static:	NaN
# Static:	NaN
# Static Off:	NaN
# 610 Micrometer:	38.15
i	f	b	s	n
0	-4511.92	0.00894546	0.0382845	0.0320036	
1	-4511.92	0.00894546	0.0387119	0.0375281	
2	-4511.82	0.00894546	0.0424936	0.0376925	
3	-4511.82	0.00894546	0.031905	0.04861	
4	-4511.82	0.00894546	0.0359826	0.039271	
5	-4511.72	0.00894546	0.0367718	0.0423292	
6	-4511.72	0.00894546	0.0279918	0.0376597	
7	-4511.72	0.00894546	0.0308527	0.0343384	
8	-4511.72	0.00894546	0.0268409	0.03276	
9	-4511.62	0.00894546	0.0267751	0.0305567	
10	-4511.62	0.00894546	0.024539	0.0236182	
11	-4511.62	0.00894546	0.0257557	0.0281562	
12	-4511.52	0.00894546	0.0233881	0.0241115	
13	-4511.52	0.00894546	0.02227	0.0208889	
14	-4511.52	0.00894546	0.0249994	0.0241115	
15	-4511.52	0.00894546	0.0207902	0.0264791	
16	-4511.52	0.00894546	0.021152	0.0213493	
17	-4511.62	0.00894546	0.0203956	0.0223687	
18	-4511.52	0.00894546	0.0153315	0.020297	
19	-4511.52	0.00894546	0.0182911	0.0200339	
20	-4511.52	0.00894546	0.018028	0.0212835	
21	-4511.52	0.00894546	0.0160221	0.0231908	
22	-4511.42	0.00894546	0.02056	0.0203627	
23	-4511.42	0.00894546	0.0188501	0.0197379	
24	-4511.42	0.00894546	0.0175018	0.0193762	
25	-4511.42	0.00894546	0.0188172	0.017469	
26	-4511.42	0.00894546	0.0155946	0.0185541	
27	-4511.42	0.00894546	0.0151342	0.0193105	
28	-4511.42	0.00894546	0.0181595	0.0147725	
29	-4511.42	0.00894546	0.018883	0.0183239	
30	-4511.42	0.00894546	0.0170415	0.0164496	
31	-4511.32	0.00894546	0.0152329	0.016055	
32	-4511.32	0.00894546	0.0150684	0.0172717	
33	-4511.32	0.00894546	0.0147396	0.020856	
34	-4511.32	0.00894546	0.0157919	0.0172717	
35	-4511.32	0.00894546	0.0180938	0.0230263	
36	-4511.22	0.00894546	0.0164167	0.0262161	
37	-4511.22	0.00894546	0.0161536	0.0260188	
38	-4511.22	0.00894546	0.0231579	0.024243	
39	-4511.22	0.00894546	0.0222371	0.024243	
40	-4511.12	0.00894546	0.0184226	0.020001	
41	-4511.12	0.00894546	0.0206587	0.0225988	
42	-4511.12	0.00894546	0.0192118	0.0240129	
43	-4511.12	0.00894546	0.0167455	0.0238813	
44	-4511.02	0.00894546	0.02056	0.0233552	
45	-4511.02	0.00894546	0.0154959	0.0213164	
46	-4511.02	0.00894546	0.0227304	0.0244075	
47	-4511.02	0.00894546	0.0241773	0.0260517	
48	-4511.02	0.00894546	0.0211191	0.021711	
49	-4511.02	0.00894546	0.0207573	0.0261174	
50	-4511.02	0.00894546	0.0219083	0.0209875	
51	-4510.92	0.00894546	0.0240129	0.0237498	
52	-4510.92	0.00894546	0.0259859	0.0240786	
53	-4510.92	0.00894546	0.0277287	0.0240129	
54	-4510.82	0.00894546	0.0262161	0.0200668	
55	-4510.82	0.00894546	0.0228948	0.0205929	
56	-4510.82	0.00894546	0.0300635	0.0249007	
57	-4510.82	0.00894546	0.0311815	0.025098	
58	-4510.82	0.00894546	0.0376268	0.031905	
59	-4510.72	0.00894546	0.0421319	0.0296689	
60	-4510.72	0.00894546	0.0499254	0.0326284	
61	-4510.72	0.00894546	0.0438089	0.0313131	
62	-4510.62	0.00894546	0.0553512	0.0370349	
63	-4510.62	0.00894546	0.0562391	0.046341	
64	-4510.62	0.00894546	0.0685047	0.0467685	
65	-4510.62	0.00894546	0.0642956	0.0453874	
66	-4510.52	0.00894546	0.0732071	0.0587711	
67	-4510.52	0.00894546	0.0625856	0.0725166	
68	-4510.42	0.00894546	0.0655123	0.0892874	
69	-4510.42	0.00894546	0.0659069	0.0761996	
70	-4510.42	0.00894546	0.0617307	0.0638352	
71	-4510.32	0.00894546	0.0493334	0.0632762	
72	-4510.32	0.00894546	0.0427895	0.054266	
73	-4510.32	0.00894546	0.0337465	0.0479852	
74	-4510.32	0.00894546	0.0300635	0.0393039	
75	-4510.22	0.00894546	0.0303594	0.0354893	
76	-4510.22	0.00894546	0.024243	0.033023	
77	-4510.22	0.00894546	0.0231579	0.0252624	
78	-4510.22	0.00894546	0.0250323	0.0262161	
79	-4510.22	0.00894546	0.0186857	0.0226975	
80	-4510.12	0.00894546	0.0241444	0.0222042	
81	-4510.12	0.00894546	0.0152	0.0238813	
82	-4510.12	0.00894546	0.0172388	0.0146738	
83	-4510.12	0.00894546	0.0189487	0.0180609	
84	-4510.02	0.00894546	0.0161865	0.018587	
85	-4510.02	0.00894546	0.0196393	0.0207245	
86	-4510.02	0.00894546	0.0159234	0.0185212	
87	-4510.02	0.00894546	0.0159892	0.0190145	
88	-4510.02	0.00894546	0.017469	0.0165482	
89	-4510.02	0.00894546	0.0187514	0.0137202	
90	-4510.02	0.00894546	0.0146738	0.0125364	
91	-4510.02	0.00894546	0.0143779	0.0135558	
92	-4509.92	0.00894546	0.0166797	0.014345	
93	-4509.92	0.00894546	0.0172388	0.0143121	
94	-4509.92	0.00894546	0.0142792	0.0155946	
95	-4509.92	0.00894546	0.0152986	0.0150684	
96	-4509.92	0.00894546	0.0144765	0.0117143	
97	-4509.92	0.00894546	0.0153973	0.0133256	
98	-4509.92	0.00894546	0.0168113	0.0150027	
99	-4509.92	0.00894546	0.0146081	0.0139504	
100	-4509.82	0.00894546	0.0108264	0.0143121	
101	-4509.82	0.00894546	0.0162194	0.0102016	
102	-4509.82	0.00894546	0.0114841	0.012931	
103	-4509.72	0.00894546	0.0118458	0.0150356	
104	-4509.82	0.00894546	0.0153644	0.0168113	
105	-4509.82	0.00894546	0.017469	0.0127994	
106	-4509.82	0.00894546	0.0151671	0.0161536	
107	-4509.72	0.00894546	0.0127337	0.0156932	
108	-4509.72	0.00894546	0.0175018	0.0175676	
109	-4509.72	0.00894546	0.0165153	0.0164167	
110	-4509.72	0.00894546	0.0109908	0.0104647	
111	-4509.72	0.00894546	0.0112539	0.0126021	
112	-4509.72	0.00894546	0.00944529	0.0127337	
113	-4509.62	0.00894546	0.0123062	0.0167455	
114	-4509.62	0.00894546	0.0142463	0.0162194	
115	-4509.62	0.00894546	0.0163509	0.0104318	
116	-4509.62	0.00894546	0.0126679	0.0140162	
117	-4509.62	0.00894546	0.0151013	0.0154302	
118	-4509.62	0.00894546	0.0141148	0.0126679	
119	-4509.52	0.00894546	0.0118458	0.0127994	
120	-4509.52	0.00894546	0.00599249	0.0148382	
121	-4509.52	0.00894546	0.0132927	0.0107606	
122	-4509.52	0.00894546	0.012076	0.0121089	
123	-4509.42	0.00894546	0.0164824	0.0111881	
124	-4509.52	0.00894546	0.00977413	0.0124377	
125	-4509.42	0.00894546	0.0118787	0.0144436	
126	-4509.42	0.00894546	0.00931376	0.0144108	
127	-4509.42	0.00894546	0.0102016	0.00993855	
128	-4509.42	0.00894546	0.0104647	0.0126021	
129	-4509.42	0.00894546	0.0127994	0.0127994	
130	-4509.42	0.00894546	0.01349	0.0162194	
131	-4509.32	0.00894546	0.0108264	0.0133256	
132	-4509.32	0.00894546	0.0133914	0.0135887	
133	-4509.32	0.00894546	0.0151671	0.00997144	
134	-4509.32	0.00894546	0.0111881	0.0121747	
