# Title: Dye Laser Frequency Scan, Depressed Limit
# Note:	Dye laser frequency scan to find the depressed ionization limit. HP 214B. Short (250 ns) integration gate.
# Type:	Frequency
# Hittite Freq:	18513.1 MHz
# Hittite: Power	14 dBm
# Laser Freq:	NaN
# Laser Mod:	NaN
# Laser Mod Attn:	NaN
# MW Attn:	MAX
# Delay:	1000 ns
# MW Off:	20 ns
# Top w/o Static:	NaN
# Static:	NaN
# Static Off:	NaN
i	f	n	nb	s	sb
0	65.18	0.063337	0.0453709	0.0168113	0.00884845	
1	64.78	0.063337	0.0453709	0.0152657	0.00884845	
2	64.48	0.063337	0.0453709	0.0152329	0.00884845	
3	64.28	0.063337	0.0453709	0.0142135	0.00884845	
4	64.08	0.063337	0.0453709	0.0165811	0.00884845	
5	63.88	0.063337	0.0453709	0.0194091	0.00884845	
6	63.68	0.063337	0.0453709	0.0188172	0.00884845	
7	63.28	0.063337	0.0453709	0.0175676	0.00884845	
8	63.18	0.063337	0.0453709	0.0152	0.00884845	
9	62.88	0.063337	0.0453709	0.0206587	0.00884845	
10	62.68	0.063337	0.0453709	0.0237827	0.00884845	
11	62.18	0.063337	0.0453709	0.0213164	0.00884845	
12	61.78	0.063337	0.0453709	0.0188172	0.00884845	
13	61.38	0.063337	0.0453709	0.0198366	0.00884845	
14	60.98	0.063337	0.0453709	0.0220398	0.00884845	
15	60.68	0.063337	0.0453709	0.0200339	0.00884845	
16	60.18	0.063337	0.0453709	0.0229935	0.00884845	
17	59.68	0.063337	0.0453709	0.0235854	0.00884845	
18	59.58	0.063337	0.0453709	0.0228948	0.00884845	
19	58.48	0.063337	0.0453709	0.02398	0.00884845	
20	58.08	0.063337	0.0453709	0.0278931	0.00884845	
21	57.78	0.063337	0.0453709	0.0272684	0.00884845	
22	57.08	0.063337	0.0453709	0.0248021	0.00884845	
23	56.38	0.063337	0.0453709	0.0278274	0.00884845	
24	55.88	0.063337	0.0453709	0.0300964	0.00884845	
25	54.68	0.063337	0.0453709	0.0280576	0.00884845	
26	54.28	0.063337	0.0453709	0.0250651	0.00884845	
27	53.48	0.063337	0.0453709	0.0334834	0.00884845	
28	53.08	0.063337	0.0453709	0.0249994	0.00884845	
29	52.38	0.063337	0.0453709	0.0255584	0.00884845	
30	51.88	0.063337	0.0453709	0.02227	0.00884845	
31	51.08	0.063337	0.0453709	0.026512	0.00884845	
32	50.38	0.063337	0.0453709	0.0289126	0.00884845	
33	49.88	0.063337	0.0453709	0.0245061	0.00884845	
34	48.58	0.063337	0.0453709	0.0284851	0.00884845	
35	47.78	0.063337	0.0453709	0.0232894	0.00884845	
36	47.08	0.063337	0.0453709	0.0239142	0.00884845	
37	46.18	0.063337	0.0453709	0.0271368	0.00884845	
38	45.58	0.063337	0.0453709	0.0272684	0.00884845	
39	44.58	0.063337	0.0453709	0.026249	0.00884845	
40	43.68	0.063337	0.0453709	0.0249007	0.00884845	
41	42.78	0.063337	0.0453709	0.0218096	0.00884845	
42	42.08	0.063337	0.0453709	0.0200339	0.00884845	
43	40.98	0.063337	0.0453709	0.019146	0.00884845	
44	40.18	0.063337	0.0453709	0.0198037	0.00884845	
45	39.28	0.063337	0.0453709	0.0189159	0.00884845	
46	38.58	0.063337	0.0453709	0.017732	0.00884845	
47	37.48	0.063337	0.0453709	0.0168771	0.00884845	
48	36.78	0.063337	0.0453709	0.0196393	0.00884845	
49	35.88	0.063337	0.0453709	0.0173045	0.00884845	
50	35.28	0.063337	0.0453709	0.016318	0.00884845	
51	33.78	0.063337	0.0453709	0.0185541	0.00884845	
52	33.38	0.063337	0.0453709	0.0198037	0.00884845	
53	32.68	0.063337	0.0453709	0.0206258	0.00884845	
54	32.08	0.063337	0.0453709	0.0144765	0.00884845	
55	31.18	0.063337	0.0453709	0.0138517	0.00884845	
56	30.28	0.063337	0.0453709	0.0157919	0.00884845	
57	29.58	0.063337	0.0453709	0.0111881	0.00884845	
58	29.48	0.063337	0.0453709	0.0150684	0.00884845	
59	27.88	0.063337	0.0453709	0.012931	0.00884845	
60	27.18	0.063337	0.0453709	0.0152986	0.00884845	
61	26.08	0.063337	0.0453709	0.0139175	0.00884845	
62	25.38	0.063337	0.0453709	0.0148711	0.00884845	
63	24.38	0.063337	0.0453709	0.0104318	0.00884845	
64	23.28	0.063337	0.0453709	0.0104976	0.00884845	
65	22.48	0.063337	0.0453709	0.0107606	0.00884845	
66	21.78	0.063337	0.0453709	0.0086232	0.00884845	
67	20.98	0.063337	0.0453709	0.0129968	0.00884845	
68	20.38	0.063337	0.0453709	0.00809705	0.00884845	
69	19.28	0.063337	0.0453709	0.00625556	0.00884845	
70	18.68	0.063337	0.0453709	0.0102345	0.00884845	
71	17.88	0.063337	0.0453709	0.0144436	0.00884845	
72	17.18	0.063337	0.0453709	0.0119116	0.00884845	
73	15.78	0.063337	0.0453709	0.0115499	0.00884845	
74	15.18	0.063337	0.0453709	0.0121418	0.00884845	
75	14.78	0.063337	0.0453709	0.0125693	0.00884845	
76	13.78	0.063337	0.0453709	0.0131283	0.00884845	
77	12.98	0.063337	0.0453709	0.0144108	0.00884845	
78	11.88	0.063337	0.0453709	0.0113854	0.00884845	
79	11.18	0.063337	0.0453709	0.0124706	0.00884845	
80	10.28	0.063337	0.0453709	0.0126021	0.00884845	
81	9.48	0.063337	0.0453709	0.0158576	0.00884845	
82	8.78	0.063337	0.0453709	0.0128652	0.00884845	
83	7.58	0.063337	0.0453709	0.0109908	0.00884845	
84	6.58	0.063337	0.0453709	0.0153644	0.00884845	
85	5.98	0.063337	0.0453709	0.0117143	0.00884845	
86	5.38	0.063337	0.0453709	0.00905069	0.00884845	
87	4.48	0.063337	0.0453709	0.0152	0.00884845	
88	3.78	0.063337	0.0453709	0.018883	0.00884845	
89	2.88	0.063337	0.0453709	0.013786	0.00884845	
90	2.28	0.063337	0.0453709	0.0156275	0.00884845	
91	1.18	0.063337	0.0453709	0.0167784	0.00884845	
92	-0.02	0.063337	0.0453709	0.0215466	0.00884845	
93	-0.72	0.063337	0.0453709	0.0155617	0.00884845	
94	-1.52	0.063337	0.0453709	0.0170415	0.00884845	
95	-2.52	0.063337	0.0453709	0.0210204	0.00884845	
96	-3.02	0.063337	0.0453709	0.0209218	0.00884845	
97	-3.92	0.063337	0.0453709	0.0225331	0.00884845	
98	-4.92	0.063337	0.0453709	0.0220069	0.00884845	
99	-5.72	0.063337	0.0453709	0.0339109	0.00884845	
100	-6.42	0.063337	0.0453709	0.027663	0.00884845	
101	-7.42	0.063337	0.0453709	0.0308198	0.00884845	
102	-8.42	0.063337	0.0453709	0.035851	0.00884845	
103	-8.92	0.063337	0.0453709	0.0386791	0.00884845	
104	-9.62	0.063337	0.0453709	0.0437103	0.00884845	
105	-11.12	0.063337	0.0453709	0.0421319	0.00884845	
106	-11.72	0.063337	0.0453709	0.0465712	0.00884845	
107	-12.42	0.063337	0.0453709	0.0469987	0.00884845	
108	-13.12	0.063337	0.0453709	0.0457491	0.00884845	
109	-13.92	0.063337	0.0453709	0.0572913	0.00884845	
110	-15.02	0.063337	0.0453709	0.0512078	0.00884845	
111	-15.62	0.063337	0.0453709	0.0596919	0.00884845	
112	-16.32	0.063337	0.0453709	0.0552197	0.00884845	
113	-16.72	0.063337	0.0453709	0.0576859	0.00884845	
114	-17.52	0.063337	0.0453709	0.0606126	0.00884845	
115	-18.42	0.063337	0.0453709	0.0604482	0.00884845	
116	-19.02	0.063337	0.0453709	0.062191	0.00884845	
117	-19.92	0.063337	0.0453709	0.0683732	0.00884845	
118	-21.12	0.063337	0.0453709	0.0614018	0.00884845	
119	-21.92	0.063337	0.0453709	0.0629803	0.00884845	
120	-22.42	0.063337	0.0453709	0.0703791	0.00884845	
121	-23.52	0.063337	0.0453709	0.0723193	0.00884845	
122	-24.22	0.063337	0.0453709	0.0696886	0.00884845	
123	-25.32	0.063337	0.0453709	0.0716287	0.00884845	
124	-26.22	0.063337	0.0453709	0.0706093	0.00884845	
125	-27.22	0.063337	0.0453709	0.0758707	0.00884845	
126	-28.12	0.063337	0.0453709	0.0782384	0.00884845	
127	-29.32	0.063337	0.0453709	0.0821844	0.00884845	
128	-30.32	0.063337	0.0453709	0.095042	0.00884845	
129	-31.02	0.063337	0.0453709	0.0890901	0.00884845	
130	-31.62	0.063337	0.0453709	0.0821187	0.00884845	
131	-32.92	0.063337	0.0453709	0.106288	0.00884845	
132	-33.82	0.063337	0.0453709	0.100599	0.00884845	
133	-34.52	0.063337	0.0453709	0.105137	0.00884845	
134	-35.42	0.063337	0.0453709	0.110399	0.00884845	
135	-36.52	0.063337	0.0453709	0.110629	0.00884845	
136	-37.12	0.063337	0.0453709	0.0934965	0.00884845	
137	-38.12	0.063337	0.0453709	0.0994156	0.00884845	
138	-39.02	0.063337	0.0453709	0.0938582	0.00884845	
139	-39.92	0.063337	0.0453709	0.10961	0.00884845	
140	-40.92	0.063337	0.0453709	0.0967191	0.00884845	
141	-41.92	0.063337	0.0453709	0.110366	0.00884845	
142	-42.32	0.063337	0.0453709	0.117929	0.00884845	
143	-43.22	0.063337	0.0453709	0.114674	0.00884845	
144	-44.22	0.063337	0.0453709	0.106749	0.00884845	
145	-45.12	0.063337	0.0453709	0.108097	0.00884845	
146	-46.12	0.063337	0.0453709	0.102375	0.00884845	
147	-46.92	0.063337	0.0453709	0.111352	0.00884845	
148	-47.72	0.063337	0.0453709	0.116417	0.00884845	
149	-48.32	0.063337	0.0453709	0.110366	0.00884845	
150	-49.02	0.063337	0.0453709	0.105927	0.00884845	
151	-49.82	0.063337	0.0453709	0.108722	0.00884845	
152	-50.42	0.063337	0.0453709	0.106486	0.00884845	
153	-51.32	0.063337	0.0453709	0.110169	0.00884845	
154	-51.92	0.063337	0.0453709	0.10619	0.00884845	
155	-52.72	0.063337	0.0453709	0.133319	0.00884845	
156	-53.72	0.063337	0.0453709	0.106946	0.00884845	
157	-54.42	0.063337	0.0453709	0.111747	0.00884845	
158	-55.02	0.063337	0.0453709	0.114509	0.00884845	
159	-55.82	0.063337	0.0453709	0.110728	0.00884845	
160	-56.72	0.063337	0.0453709	0.105335	0.00884845	
161	-57.92	0.063337	0.0453709	0.112372	0.00884845	
162	-58.32	0.063337	0.0453709	0.107965	0.00884845	
163	-59.42	0.063337	0.0453709	0.116022	0.00884845	
164	-60.12	0.063337	0.0453709	0.125394	0.00884845	
165	-61.12	0.063337	0.0453709	0.106387	0.00884845	
166	-61.72	0.063337	0.0453709	0.112438	0.00884845	
167	-63.02	0.063337	0.0453709	0.110136	0.00884845	
168	-63.62	0.063337	0.0453709	0.129471	0.00884845	
169	-64.52	0.063337	0.0453709	0.115331	0.00884845	
170	-65.22	0.063337	0.0453709	0.123585	0.00884845	
171	-66.22	0.063337	0.0453709	0.112964	0.00884845	
172	-66.92	0.063337	0.0453709	0.118357	0.00884845	
173	-67.82	0.063337	0.0453709	0.122632	0.00884845	
174	-68.52	0.063337	0.0453709	0.120494	0.00884845	
175	-69.62	0.063337	0.0453709	0.124177	0.00884845	
176	-70.32	0.063337	0.0453709	0.115266	0.00884845	
177	-71.22	0.063337	0.0453709	0.117732	0.00884845	
178	-72.42	0.063337	0.0453709	0.112635	0.00884845	
179	-73.02	0.063337	0.0453709	0.115956	0.00884845	
180	-73.62	0.063337	0.0453709	0.126939	0.00884845	
181	-74.72	0.063337	0.0453709	0.116022	0.00884845	
182	-75.92	0.063337	0.0453709	0.124638	0.00884845	
183	-76.52	0.063337	0.0453709	0.0993498	0.00884845	
184	-77.02	0.063337	0.0453709	0.113325	0.00884845	
185	-78.12	0.063337	0.0453709	0.114246	0.00884845	
186	-78.92	0.063337	0.0453709	0.118357	0.00884845	
187	-79.72	0.063337	0.0453709	0.116844	0.00884845	
188	-80.32	0.063337	0.0453709	0.110333	0.00884845	
189	-81.32	0.063337	0.0453709	0.124868	0.00884845	
190	-81.92	0.063337	0.0453709	0.108426	0.00884845	
191	-82.62	0.063337	0.0453709	0.122204	0.00884845	
192	-83.32	0.063337	0.0453709	0.108722	0.00884845	
193	-84.52	0.063337	0.0453709	0.108755	0.00884845	
194	-85.22	0.063337	0.0453709	0.124736	0.00884845	
195	-85.72	0.063337	0.0453709	0.125756	0.00884845	
196	-86.42	0.063337	0.0453709	0.133878	0.00884845	
197	-87.22	0.063337	0.0453709	0.114213	0.00884845	
198	-87.42	0.063337	0.0453709	0.117962	0.00884845	
199	-88.62	0.063337	0.0453709	0.114805	0.00884845	
200	-89.02	0.063337	0.0453709	0.115792	0.00884845	
201	-89.72	0.063337	0.0453709	0.129603	0.00884845	
202	-90.72	0.063337	0.0453709	0.120922	0.00884845	
203	-91.52	0.063337	0.0453709	0.109314	0.00884845	
204	-92.32	0.063337	0.0453709	0.115825	0.00884845	
205	-93.02	0.063337	0.0453709	0.119738	0.00884845	
206	-93.92	0.063337	0.0453709	0.103691	0.00884845	
207	-94.62	0.063337	0.0453709	0.115627	0.00884845	
208	-95.42	0.063337	0.0453709	0.117765	0.00884845	
209	-96.32	0.063337	0.0453709	0.0972124	0.00884845	
210	-97.72	0.063337	0.0453709	0.116022	0.00884845	
211	-98.42	0.063337	0.0453709	0.124605	0.00884845	
212	-99.42	0.063337	0.0453709	0.112142	0.00884845	
213	-100.42	0.063337	0.0453709	0.124638	0.00884845	
214	-101.42	0.063337	0.0453709	0.112339	0.00884845	
215	-102.52	0.063337	0.0453709	0.119179	0.00884845	
216	-103.32	0.063337	0.0453709	0.121908	0.00884845	
217	-104.42	0.063337	0.0453709	0.110465	0.00884845	
218	-105.62	0.063337	0.0453709	0.1176	0.00884845	
219	-106.32	0.063337	0.0453709	0.117502	0.00884845	
220	-107.32	0.063337	0.0453709	0.128321	0.00884845	
221	-108.32	0.063337	0.0453709	0.110169	0.00884845	
222	-109.12	0.063337	0.0453709	0.117436	0.00884845	
223	-110.22	0.063337	0.0453709	0.11885	0.00884845	
224	-110.92	0.063337	0.0453709	0.120955	0.00884845	
225	-111.82	0.063337	0.0453709	0.111747	0.00884845	
226	-113.02	0.063337	0.0453709	0.122467	0.00884845	
227	-113.92	0.063337	0.0453709	0.114739	0.00884845	
228	-114.62	0.063337	0.0453709	0.121481	0.00884845	
229	-115.32	0.063337	0.0453709	0.113556	0.00884845	
230	-115.92	0.063337	0.0453709	0.109412	0.00884845	
231	-116.12	0.063337	0.0453709	0.117074	0.00884845	
232	-117.42	0.063337	0.0453709	0.118686	0.00884845	
233	-118.02	0.063337	0.0453709	0.118718	0.00884845	
234	-118.92	0.063337	0.0453709	0.112438	0.00884845	
235	-119.52	0.063337	0.0453709	0.126578	0.00884845	
236	-120.22	0.063337	0.0453709	0.103658	0.00884845	
237	-121.42	0.063337	0.0453709	0.116548	0.00884845	
238	-121.92	0.063337	0.0453709	0.123158	0.00884845	
239	-122.52	0.063337	0.0453709	0.109248	0.00884845	
240	-123.52	0.063337	0.0453709	0.122073	0.00884845	
241	-124.32	0.063337	0.0453709	0.112997	0.00884845	
242	-125.22	0.063337	0.0453709	0.113523	0.00884845	
243	-126.02	0.063337	0.0453709	0.126183	0.00884845	
244	-127.22	0.063337	0.0453709	0.114279	0.00884845	
245	-127.82	0.063337	0.0453709	0.111155	0.00884845	
246	-128.62	0.063337	0.0453709	0.117535	0.00884845	
247	-129.62	0.063337	0.0453709	0.12033	0.00884845	
248	-130.52	0.063337	0.0453709	0.110333	0.00884845	
249	-131.12	0.063337	0.0453709	0.112832	0.00884845	
250	-132.12	0.063337	0.0453709	0.118949	0.00884845	
251	-132.52	0.063337	0.0453709	0.110662	0.00884845	
252	-133.52	0.063337	0.0453709	0.114674	0.00884845	
253	-134.62	0.063337	0.0453709	0.125328	0.00884845	
254	-135.22	0.063337	0.0453709	0.122928	0.00884845	
255	-136.32	0.063337	0.0453709	0.114904	0.00884845	
256	-136.92	0.063337	0.0453709	0.0927073	0.00884845	
257	-137.92	0.063337	0.0453709	0.110333	0.00884845	
258	-139.12	0.063337	0.0453709	0.110432	0.00884845	
259	-139.72	0.063337	0.0453709	0.109774	0.00884845	
260	-140.32	0.063337	0.0453709	0.110563	0.00884845	
261	-141.42	0.063337	0.0453709	0.103756	0.00884845	
262	-142.32	0.063337	0.0453709	0.125164	0.00884845	
263	-143.32	0.063337	0.0453709	0.117962	0.00884845	
264	-143.82	0.063337	0.0453709	0.119508	0.00884845	
265	-145.02	0.063337	0.0453709	0.115989	0.00884845	
266	-145.62	0.063337	0.0453709	0.116614	0.00884845	
267	-146.42	0.063337	0.0453709	0.103789	0.00884845	
268	-147.02	0.063337	0.0453709	0.106847	0.00884845	
269	-148.02	0.063337	0.0453709	0.111583	0.00884845	
270	-148.52	0.063337	0.0453709	0.116285	0.00884845	
271	-149.52	0.063337	0.0453709	0.12911	0.00884845	
272	-150.02	0.063337	0.0453709	0.110497	0.00884845	
273	-151.02	0.063337	0.0453709	0.113227	0.00884845	
274	-151.72	0.063337	0.0453709	0.118916	0.00884845	
275	-152.42	0.063337	0.0453709	0.115726	0.00884845	
276	-153.12	0.063337	0.0453709	0.122665	0.00884845	
277	-154.02	0.063337	0.0453709	0.121086	0.00884845	
278	-154.32	0.063337	0.0453709	0.123815	0.00884845	
279	-155.52	0.063337	0.0453709	0.13174	0.00884845	
280	-156.12	0.063337	0.0453709	0.119343	0.00884845	
281	-157.62	0.063337	0.0453709	0.116482	0.00884845	
282	-158.32	0.063337	0.0453709	0.122599	0.00884845	
283	-158.92	0.063337	0.0453709	0.127531	0.00884845	
284	-159.82	0.063337	0.0453709	0.130261	0.00884845	
285	-160.62	0.063337	0.0453709	0.122632	0.00884845	
286	-161.22	0.063337	0.0453709	0.12273	0.00884845	
287	-162.02	0.063337	0.0453709	0.119508	0.00884845	
288	-162.52	0.063337	0.0453709	0.111846	0.00884845	
289	-163.62	0.063337	0.0453709	0.119245	0.00884845	
290	-164.22	0.063337	0.0453709	0.114279	0.00884845	
291	-165.12	0.063337	0.0453709	0.122928	0.00884845	
292	-165.52	0.063337	0.0453709	0.115068	0.00884845	
293	-166.92	0.063337	0.0453709	0.130918	0.00884845	
294	-167.62	0.063337	0.0453709	0.13516	0.00884845	
295	-168.62	0.063337	0.0453709	0.125887	0.00884845	
296	-169.42	0.063337	0.0453709	0.127104	0.00884845	
297	-170.32	0.063337	0.0453709	0.120659	0.00884845	
298	-170.92	0.063337	0.0453709	0.122467	0.00884845	
299	-172.12	0.063337	0.0453709	0.113194	0.00884845	
300	-172.92	0.063337	0.0453709	0.127038	0.00884845	
301	-173.82	0.063337	0.0453709	0.126611	0.00884845	
302	-174.72	0.063337	0.0453709	0.11132	0.00884845	
303	-176.12	0.063337	0.0453709	0.116844	0.00884845	
304	-176.82	0.063337	0.0453709	0.122434	0.00884845	
305	-178.12	0.063337	0.0453709	0.1201	0.00884845	
306	-179.12	0.063337	0.0453709	0.112273	0.00884845	
307	-180.22	0.063337	0.0453709	0.12296	0.00884845	
308	-181.32	0.063337	0.0453709	0.111287	0.00884845	
309	-182.32	0.063337	0.0453709	0.113424	0.00884845	
310	-183.02	0.063337	0.0453709	0.120593	0.00884845	
311	-184.52	0.063337	0.0453709	0.124342	0.00884845	
312	-185.32	0.063337	0.0453709	0.118094	0.00884845	
313	-186.12	0.063337	0.0453709	0.116154	0.00884845	
314	-186.82	0.063337	0.0453709	0.109873	0.00884845	
315	-187.92	0.063337	0.0453709	0.115693	0.00884845	
316	-188.92	0.063337	0.0453709	0.115825	0.00884845	
317	-189.72	0.063337	0.0453709	0.123026	0.00884845	
318	-190.52	0.063337	0.0453709	0.121744	0.00884845	
319	-191.52	0.063337	0.0453709	0.115627	0.00884845	
320	-192.52	0.063337	0.0453709	0.117469	0.00884845	
321	-193.42	0.063337	0.0453709	0.111977	0.00884845	
322	-194.52	0.063337	0.0453709	0.121218	0.00884845	
323	-195.32	0.063337	0.0453709	0.120889	0.00884845	
324	-196.22	0.063337	0.0453709	0.111747	0.00884845	
325	-197.22	0.063337	0.0453709	0.115792	0.00884845	
326	-197.52	0.063337	0.0453709	0.113325	0.00884845	
327	-198.92	0.063337	0.0453709	0.113391	0.00884845	
328	-200.12	0.063337	0.0453709	0.113654	0.00884845	
329	-200.52	0.063337	0.0453709	0.117633	0.00884845	
330	-201.42	0.063337	0.0453709	0.107439	0.00884845	
331	-202.42	0.063337	0.0453709	0.114115	0.00884845	
332	-203.32	0.063337	0.0453709	0.109018	0.00884845	
333	-204.02	0.063337	0.0453709	0.117469	0.00884845	
334	-205.12	0.063337	0.0453709	0.115233	0.00884845	
335	-206.12	0.063337	0.0453709	0.104348	0.00884845	
336	-206.92	0.063337	0.0453709	0.11885	0.00884845	
337	-207.82	0.063337	0.0453709	0.111221	0.00884845	
338	-208.82	0.063337	0.0453709	0.108788	0.00884845	
339	-209.52	0.063337	0.0453709	0.113161	0.00884845	
340	-210.52	0.063337	0.0453709	0.11566	0.00884845	
341	-211.42	0.063337	0.0453709	0.110563	0.00884845	
342	-212.32	0.063337	0.0453709	0.116022	0.00884845	
343	-213.12	0.063337	0.0453709	0.108985	0.00884845	
344	-213.82	0.063337	0.0453709	0.102309	0.00884845	
345	-215.02	0.063337	0.0453709	0.114509	0.00884845	
346	-215.82	0.063337	0.0453709	0.111221	0.00884845	
347	-216.62	0.063337	0.0453709	0.109511	0.00884845	
348	-217.32	0.063337	0.0453709	0.101586	0.00884845	
349	-218.32	0.063337	0.0453709	0.115529	0.00884845	
350	-219.12	0.063337	0.0453709	0.0979687	0.00884845	
351	-219.92	0.063337	0.0453709	0.110793	0.00884845	
352	-220.82	0.063337	0.0453709	0.107341	0.00884845	
353	-221.52	0.063337	0.0453709	0.112701	0.00884845	
354	-222.12	0.063337	0.0453709	0.104118	0.00884845	
355	-222.92	0.063337	0.0453709	0.115956	0.00884845	
356	-223.72	0.063337	0.0453709	0.113687	0.00884845	
357	-224.62	0.063337	0.0453709	0.1152	0.00884845	
358	-225.22	0.063337	0.0453709	0.112766	0.00884845	
359	-226.32	0.063337	0.0453709	0.117239	0.00884845	
360	-226.82	0.063337	0.0453709	0.104841	0.00884845	
361	-227.62	0.063337	0.0453709	0.114542	0.00884845	
362	-228.52	0.063337	0.0453709	0.106387	0.00884845	
363	-229.42	0.063337	0.0453709	0.117502	0.00884845	
364	-230.32	0.063337	0.0453709	0.11224	0.00884845	
365	-230.92	0.063337	0.0453709	0.116154	0.00884845	
366	-231.62	0.063337	0.0453709	0.117272	0.00884845	
367	-232.62	0.063337	0.0453709	0.113128	0.00884845	
368	-233.52	0.063337	0.0453709	0.122105	0.00884845	
369	-234.32	0.063337	0.0453709	0.107045	0.00884845	
370	-235.22	0.063337	0.0453709	0.110859	0.00884845	
371	-236.02	0.063337	0.0453709	0.10688	0.00884845	
372	-236.92	0.063337	0.0453709	0.109642	0.00884845	
373	-237.62	0.063337	0.0453709	0.109511	0.00884845	
374	-238.62	0.063337	0.0453709	0.110958	0.00884845	
375	-239.32	0.063337	0.0453709	0.117469	0.00884845	
376	-240.32	0.063337	0.0453709	0.120034	0.00884845	
377	-240.92	0.063337	0.0453709	0.131412	0.00884845	
378	-241.92	0.063337	0.0453709	0.112997	0.00884845	
379	-242.22	0.063337	0.0453709	0.112273	0.00884845	
380	-243.52	0.063337	0.0453709	0.112503	0.00884845	
381	-244.92	0.063337	0.0453709	0.114575	0.00884845	
382	-245.82	0.063337	0.0453709	0.109938	0.00884845	
383	-246.52	0.063337	0.0453709	0.112306	0.00884845	
384	-247.22	0.063337	0.0453709	0.106058	0.00884845	
385	-247.62	0.063337	0.0453709	0.112734	0.00884845	
386	-255.12	0.063337	0.0453709	0.104184	0.00884845	
387	-255.12	0.063337	0.0453709	0.102507	0.00884845	
388	-255.62	0.063337	0.0453709	0.10859	0.00884845	
389	-256.42	0.063337	0.0453709	0.107308	0.00884845	
390	-257.02	0.063337	0.0453709	0.107374	0.00884845	
391	-257.52	0.063337	0.0453709	0.0997773	0.00884845	
392	-258.22	0.063337	0.0453709	0.117798	0.00884845	
393	-259.12	0.063337	0.0453709	0.107143	0.00884845	
394	-259.62	0.063337	0.0453709	0.101487	0.00884845	
395	-260.62	0.063337	0.0453709	0.110761	0.00884845	
396	-261.12	0.063337	0.0453709	0.0952065	0.00884845	
397	-262.02	0.063337	0.0453709	0.0996129	0.00884845	
398	-262.92	0.063337	0.0453709	0.102572	0.00884845	
399	-263.72	0.063337	0.0453709	0.103427	0.00884845	
400	-264.52	0.063337	0.0453709	0.113325	0.00884845	
401	-265.52	0.063337	0.0453709	0.113293	0.00884845	
402	-266.32	0.063337	0.0453709	0.0959299	0.00884845	
403	-267.32	0.063337	0.0453709	0.0978701	0.00884845	
404	-268.22	0.063337	0.0453709	0.0986922	0.00884845	
405	-269.02	0.063337	0.0453709	0.0996787	0.00884845	
406	-270.22	0.063337	0.0453709	0.105828	0.00884845	
407	-270.92	0.063337	0.0453709	0.113358	0.00884845	
408	-271.92	0.063337	0.0453709	0.0992183	0.00884845	
409	-272.62	0.063337	0.0453709	0.0948119	0.00884845	
410	-273.42	0.063337	0.0453709	0.0859661	0.00884845	
411	-274.32	0.063337	0.0453709	0.105729	0.00884845	
412	-275.02	0.063337	0.0453709	0.107143	0.00884845	
413	-275.92	0.063337	0.0453709	0.10642	0.00884845	
414	-276.82	0.063337	0.0453709	0.104381	0.00884845	
415	-277.72	0.063337	0.0453709	0.0957655	0.00884845	
416	-278.62	0.063337	0.0453709	0.108623	0.00884845	
417	-279.22	0.063337	0.0453709	0.124013	0.00884845	
418	-280.32	0.063337	0.0453709	0.105959	0.00884845	
419	-281.12	0.063337	0.0453709	0.109248	0.00884845	
420	-282.02	0.063337	0.0453709	0.11132	0.00884845	
421	-283.22	0.063337	0.0453709	0.0996787	0.00884845	
422	-284.02	0.063337	0.0453709	0.0999417	0.00884845	
423	-284.92	0.063337	0.0453709	0.108755	0.00884845	
424	-285.32	0.063337	0.0453709	0.102967	0.00884845	
425	-286.12	0.063337	0.0453709	0.118455	0.00884845	
426	-287.02	0.063337	0.0453709	0.0930361	0.00884845	
427	-287.72	0.063337	0.0453709	0.0972453	0.00884845	
428	-288.22	0.063337	0.0453709	0.112569	0.00884845	
429	-289.12	0.063337	0.0453709	0.0994814	0.00884845	
430	-290.22	0.063337	0.0453709	0.109314	0.00884845	
431	-290.82	0.063337	0.0453709	0.108228	0.00884845	
432	-291.52	0.063337	0.0453709	0.0999089	0.00884845	
433	-292.22	0.063337	0.0453709	0.100961	0.00884845	
434	-293.02	0.063337	0.0453709	0.103427	0.00884845	
435	-293.72	0.063337	0.0453709	0.0941871	0.00884845	
436	-294.52	0.063337	0.0453709	0.109906	0.00884845	
437	-295.22	0.063337	0.0453709	0.116022	0.00884845	
438	-296.22	0.063337	0.0453709	0.116614	0.00884845	
439	-296.92	0.063337	0.0453709	0.108755	0.00884845	
440	-298.12	0.063337	0.0453709	0.100303	0.00884845	
441	-299.12	0.063337	0.0453709	0.102145	0.00884845	
442	-299.72	0.063337	0.0453709	0.113325	0.00884845	
443	-300.42	0.063337	0.0453709	0.109544	0.00884845	
444	-301.42	0.063337	0.0453709	0.120428	0.00884845	
445	-302.32	0.063337	0.0453709	0.106716	0.00884845	
446	-303.22	0.063337	0.0453709	0.114674	0.00884845	
447	-303.82	0.063337	0.0453709	0.112438	0.00884845	
448	-304.92	0.063337	0.0453709	0.0963574	0.00884845	
449	-306.22	0.063337	0.0453709	0.112635	0.00884845	
450	-306.92	0.063337	0.0453709	0.100928	0.00884845	
451	-307.92	0.063337	0.0453709	0.102836	0.00884845	
452	-308.52	0.063337	0.0453709	0.110465	0.00884845	
453	-309.12	0.063337	0.0453709	0.103954	0.00884845	
454	-310.02	0.063337	0.0453709	0.0932005	0.00884845	
455	-310.52	0.063337	0.0453709	0.108097	0.00884845	
456	-311.82	0.063337	0.0453709	0.103033	0.00884845	
457	-312.12	0.063337	0.0453709	0.106847	0.00884845	
458	-313.42	0.063337	0.0453709	0.107045	0.00884845	
459	-314.02	0.063337	0.0453709	0.103526	0.00884845	
460	-315.12	0.063337	0.0453709	0.102671	0.00884845	
461	-315.62	0.063337	0.0453709	0.0951736	0.00884845	
462	-316.82	0.063337	0.0453709	0.106946	0.00884845	
463	-317.42	0.063337	0.0453709	0.0992512	0.00884845	
464	-318.12	0.063337	0.0453709	0.0992841	0.00884845	
465	-318.82	0.063337	0.0453709	0.106716	0.00884845	
466	-320.02	0.063337	0.0453709	0.0991525	0.00884845	
467	-320.52	0.063337	0.0453709	0.0924771	0.00884845	
468	-321.02	0.063337	0.0453709	0.0985606	0.00884845	
469	-322.32	0.063337	0.0453709	0.0878405	0.00884845	
470	-323.12	0.063337	0.0453709	0.0936609	0.00884845	
471	-324.12	0.063337	0.0453709	0.101586	0.00884845	
472	-324.42	0.063337	0.0453709	0.10152	0.00884845	
473	-325.72	0.063337	0.0453709	0.0880049	0.00884845	
474	-327.02	0.063337	0.0453709	0.104677	0.00884845	
475	-328.22	0.063337	0.0453709	0.0922469	0.00884845	
476	-329.32	0.063337	0.0453709	0.0912604	0.00884845	
477	-330.82	0.063337	0.0453709	0.0847823	0.00884845	
478	-331.42	0.063337	0.0453709	0.0872486	0.00884845	
479	-332.82	0.063337	0.0453709	0.09958	0.00884845	
480	-333.82	0.063337	0.0453709	0.0908987	0.00884845	
481	-334.82	0.063337	0.0453709	0.0961272	0.00884845	
482	-335.72	0.063337	0.0453709	0.0870184	0.00884845	
483	-336.82	0.063337	0.0453709	0.0798826	0.00884845	
484	-337.82	0.063337	0.0453709	0.0783699	0.00884845	
485	-339.02	0.063337	0.0453709	0.0863278	0.00884845	
486	-339.92	0.063337	0.0453709	0.0911289	0.00884845	
487	-340.92	0.063337	0.0453709	0.0955682	0.00884845	
488	-341.92	0.063337	0.0453709	0.0824804	0.00884845	
489	-342.62	0.063337	0.0453709	0.0880378	0.00884845	
490	-343.62	0.063337	0.0453709	0.0696557	0.00884845	
491	-344.22	0.063337	0.0453709	0.0853742	0.00884845	
492	-345.32	0.063337	0.0453709	0.0682746	0.00884845	
493	-345.62	0.063337	0.0453709	0.0663015	0.00884845	
494	-346.82	0.063337	0.0453709	0.0780082	0.00884845	
495	-348.12	0.063337	0.0453709	0.0651177	0.00884845	
496	-348.92	0.063337	0.0453709	0.0848809	0.00884845	
497	-349.82	0.063337	0.0453709	0.069294	0.00884845	
498	-350.62	0.063337	0.0453709	0.0705764	0.00884845	
499	-351.42	0.063337	0.0453709	0.0682417	0.00884845	
500	-352.22	0.063337	0.0453709	0.0608428	0.00884845	
501	-353.02	0.063337	0.0453709	0.063046	0.00884845	
502	-353.92	0.063337	0.0453709	0.0764955	0.00884845	
503	-354.62	0.063337	0.0453709	0.0747527	0.00884845	
504	-355.62	0.063337	0.0453709	0.0740621	0.00884845	
505	-356.42	0.063337	0.0453709	0.0744567	0.00884845	
506	-357.22	0.063337	0.0453709	0.0659069	0.00884845	
507	-357.92	0.063337	0.0453709	0.060218	0.00884845	
508	-358.72	0.063337	0.0453709	0.0636379	0.00884845	
509	-360.02	0.063337	0.0453709	0.054825	0.00884845	
510	-360.82	0.063337	0.0453709	0.0662029	0.00884845	
511	-361.52	0.063337	0.0453709	0.0703134	0.00884845	
512	-362.22	0.063337	0.0453709	0.0709053	0.00884845	
513	-363.02	0.063337	0.0453709	0.0675511	0.00884845	
514	-363.32	0.063337	0.0453709	0.069853	0.00884845	
515	-364.62	0.063337	0.0453709	0.0623226	0.00884845	
516	-365.22	0.063337	0.0453709	0.0573571	0.00884845	
517	-366.42	0.063337	0.0453709	0.0580806	0.00884845	
518	-367.32	0.063337	0.0453709	0.0524903	0.00884845	
519	-368.02	0.063337	0.0453709	0.0640325	0.00884845	
520	-368.82	0.063337	0.0453709	0.0625528	0.00884845	
521	-369.52	0.063337	0.0453709	0.0649204	0.00884845	
522	-370.32	0.063337	0.0453709	0.0637037	0.00884845	
523	-371.42	0.063337	0.0453709	0.0569296	0.00884845	
524	-372.02	0.063337	0.0453709	0.050024	0.00884845	
525	-372.92	0.063337	0.0453709	0.0453874	0.00884845	
526	-374.02	0.063337	0.0453709	0.0434143	0.00884845	
527	-374.82	0.063337	0.0453709	0.0476564	0.00884845	
528	-375.72	0.063337	0.0453709	0.0434472	0.00884845	
529	-376.42	0.063337	0.0453709	0.0490375	0.00884845	
530	-377.22	0.063337	0.0453709	0.0533782	0.00884845	
531	-378.62	0.063337	0.0453709	0.0552525	0.00884845	
532	-379.52	0.063337	0.0453709	0.0455189	0.00884845	
533	-380.22	0.063337	0.0453709	0.0445324	0.00884845	
534	-381.02	0.063337	0.0453709	0.0411454	0.00884845	
535	-381.62	0.063337	0.0453709	0.0440063	0.00884845	
536	-382.62	0.063337	0.0453709	0.0423621	0.00884845	
537	-383.42	0.063337	0.0453709	0.0410138	0.00884845	
538	-384.22	0.063337	0.0453709	0.0475577	0.00884845	
539	-384.82	0.063337	0.0453709	0.0583107	0.00884845	
540	-385.82	0.063337	0.0453709	0.0544633	0.00884845	
541	-386.62	0.063337	0.0453709	0.0480181	0.00884845	
