# Title: Dye Laser Frequency Scan, Depressed Limit
# Note:	Dye laser frequency scan to find the depressed ionization limit. Using AWG with a -9V pulse applied to bottom plate.
# Type:	Frequency
# Hittite Freq:	NaN
# Hittite: Power	NaN
# Laser Freq:	NaN
# Laser Mod:	NaN
# Laser Mod Attn:	NaN
# MW Attn:	MAX
# Delay:	1000 ns
# MW Off:	NaN
# Top w/o Static:	NaN
# Static:	NaN
# Static Off:	NaN
i	f	n	nb	s	sb
0	97.68	0.0818079	0.0825906	0.0047429	0.00192146	
1	97.48	0.0818079	0.0825906	0.00191489	0.00192146	
2	97.38	0.0818079	0.0825906	0.00451271	0.00192146	
3	97.28	0.0818079	0.0825906	0.00438118	0.00192146	
4	97.68	0.0818079	0.0825906	0.00507174	0.00192146	
5	97.28	0.0818079	0.0825906	0.005565	0.00192146	
6	97.28	0.0818079	0.0825906	0.00438118	0.00192146	
7	97.08	0.0818079	0.0825906	-0.0030177	0.00192146	
8	96.98	0.0818079	0.0825906	0.00536769	0.00192146	
9	96.88	0.0818079	0.0825906	0.00612402	0.00192146	
10	96.88	0.0818079	0.0825906	0.00490732	0.00192146	
11	96.78	0.0818079	0.0825906	0.00681458	0.00192146	
12	96.48	0.0818079	0.0825906	0.0049402	0.00192146	
13	96.28	0.0818079	0.0825906	0.00924799	0.00192146	
14	96.58	0.0818079	0.0825906	0.00263833	0.00192146	
15	96.28	0.0818079	0.0825906	0.00569653	0.00192146	
16	96.38	0.0818079	0.0825906	0.00398657	0.00192146	
17	96.18	0.0818079	0.0825906	0.00142163	0.00192146	
18	95.98	0.0818079	0.0825906	0.00276987	0.00192146	
19	95.88	0.0818079	0.0825906	0.00217796	0.00192146	
20	95.78	0.0818079	0.0825906	0.001882	0.00192146	
21	95.78	0.0818079	0.0825906	0.00566365	0.00192146	
22	95.68	0.0818079	0.0825906	0.00319736	0.00192146	
23	95.48	0.0818079	0.0825906	0.00276987	0.00192146	
24	95.38	0.0818079	0.0825906	0.00323024	0.00192146	
25	95.28	0.0818079	0.0825906	0.00487443	0.00192146	
26	95.08	0.0818079	0.0825906	0.00645286	0.00192146	
27	94.78	0.0818079	0.0825906	0.00540058	0.00192146	
28	94.68	0.0818079	0.0825906	0.00017204	0.00192146	
29	94.58	0.0818079	0.0825906	0.00628844	0.00192146	
30	94.38	0.0818079	0.0825906	0.00184912	0.00192146	
31	94.08	0.0818079	0.0825906	0.0035262	0.00192146	
32	94.18	0.0818079	0.0825906	0.0057623	0.00192146	
33	94.08	0.0818079	0.0825906	0.0065844	0.00192146	
34	93.68	0.0818079	0.0825906	0.00434829	0.00192146	
35	93.48	0.0818079	0.0825906	0.00431541	0.00192146	
36	93.28	0.0818079	0.0825906	0.00257256	0.00192146	
37	93.18	0.0818079	0.0825906	0.00303294	0.00192146	
38	92.88	0.0818079	0.0825906	7.33882E-5	0.00192146	
39	92.88	0.0818079	0.0825906	0.00415099	0.00192146	
40	92.68	0.0818079	0.0825906	0.005565	0.00192146	
41	92.58	0.0818079	0.0825906	0.0030987	0.00192146	
42	92.38	0.0818079	0.0825906	0.00536769	0.00192146	
43	92.18	0.0818079	0.0825906	-0.00209695	0.00192146	
44	91.88	0.0818079	0.0825906	0.00102702	0.00192146	
45	91.98	0.0818079	0.0825906	-0.00249155	0.00192146	
46	91.68	0.0818079	0.0825906	0.00326312	0.00192146	
47	91.28	0.0818079	0.0825906	0.0030987	0.00192146	
48	91.08	0.0818079	0.0825906	-0.00166946	0.00192146	
49	90.98	0.0818079	0.0825906	0.0037235	0.00192146	
50	90.68	0.0818079	0.0825906	0.00457848	0.00192146	
51	90.38	0.0818079	0.0825906	0.00342754	0.00192146	
52	90.18	0.0818079	0.0825906	0.00158605	0.00192146	
53	89.88	0.0818079	0.0825906	0.00671593	0.00192146	
54	89.78	0.0818079	0.0825906	0.00201354	0.00192146	
55	89.38	0.0818079	0.0825906	0.0035262	0.00192146	
56	89.18	0.0818079	0.0825906	0.006979	0.00192146	
57	88.78	0.0818079	0.0825906	0.0035262	0.00192146	
58	88.98	0.0818079	0.0825906	0.00260545	0.00192146	
59	88.58	0.0818079	0.0825906	0.00204642	0.00192146	
60	88.48	0.0818079	0.0825906	0.000204924	0.00192146	
61	88.08	0.0818079	0.0825906	0.00129009	0.00192146	
62	87.28	0.0818079	0.0825906	0.00244103	0.00192146	
63	87.48	0.0818079	0.0825906	0.0030987	0.00192146	
64	87.28	0.0818079	0.0825906	0.0059596	0.00192146	
65	86.88	0.0818079	0.0825906	0.00211219	0.00192146	
66	86.68	0.0818079	0.0825906	0.000566646	0.00192146	
67	86.48	0.0818079	0.0825906	0.00421676	0.00192146	
68	86.28	0.0818079	0.0825906	0.00346043	0.00192146	
69	86.08	0.0818079	0.0825906	7.62044E-6	0.00192146	
70	85.58	0.0818079	0.0825906	0.000139156	0.00192146	
71	85.48	0.0818079	0.0825906	0.00132298	0.00192146	
72	85.18	0.0818079	0.0825906	0.00434829	0.00192146	
73	84.98	0.0818079	0.0825906	-0.000156799	0.00192146	
74	84.58	0.0818079	0.0825906	0.00142163	0.00192146	
75	84.28	0.0818079	0.0825906	0.00135586	0.00192146	
76	84.08	0.0818079	0.0825906	-0.00216272	0.00192146	
77	83.58	0.0818079	0.0825906	-0.00212983	0.00192146	
78	83.48	0.0818079	0.0825906	0.00257256	0.00192146	
79	83.38	0.0818079	0.0825906	-0.00344519	0.00192146	
80	83.08	0.0818079	0.0825906	-0.00370826	0.00192146	
81	82.78	0.0818079	0.0825906	0.00171758	0.00192146	
82	82.58	0.0818079	0.0825906	0.000566646	0.00192146	
83	82.38	0.0818079	0.0825906	0.00280275	0.00192146	
84	82.08	0.0818079	0.0825906	0.000303575	0.00192146	
85	81.78	0.0818079	0.0825906	0.00181623	0.00192146	
86	81.48	0.0818079	0.0825906	-0.00170234	0.00192146	
87	81.08	0.0818079	0.0825906	0.00497309	0.00192146	
88	80.88	0.0818079	0.0825906	-0.000880244	0.00192146	
89	80.58	0.0818079	0.0825906	0.00306582	0.00192146	
90	80.28	0.0818079	0.0825906	0.000928369	0.00192146	
91	79.88	0.0818079	0.0825906	-0.000946012	0.00192146	
92	79.58	0.0818079	0.0825906	0.00296717	0.00192146	
93	79.58	0.0818079	0.0825906	-0.000288334	0.00192146	
94	79.48	0.0818079	0.0825906	0.00132298	0.00192146	
95	79.08	0.0818079	0.0825906	0.00227661	0.00192146	
96	78.68	0.0818079	0.0825906	0.00267121	0.00192146	
97	78.48	0.0818079	0.0825906	0.00214507	0.00192146	
98	78.08	0.0818079	0.0825906	0.0010599	0.00192146	
99	77.48	0.0818079	0.0825906	0.00152028	0.00192146	
100	77.18	0.0818079	0.0825906	0.00280275	0.00192146	
101	76.98	0.0818079	0.0825906	-0.00041987	0.00192146	
102	76.78	0.0818079	0.0825906	-0.000551405	0.00192146	
103	76.38	0.0818079	0.0825906	-5.81473E-5	0.00192146	
104	76.18	0.0818079	0.0825906	0.00145451	0.00192146	
105	75.68	0.0818079	0.0825906	0.0010599	0.00192146	
106	75.28	0.0818079	0.0825906	0.000303575	0.00192146	
107	74.98	0.0818079	0.0825906	0.000895485	0.00192146	
108	74.48	0.0818079	0.0825906	-0.000551405	0.00192146	
109	74.38	0.0818079	0.0825906	0.000369343	0.00192146	
110	73.98	0.0818079	0.0825906	0.00119144	0.00192146	
111	73.88	0.0818079	0.0825906	0.00102702	0.00192146	
112	73.48	0.0818079	0.0825906	0.00480867	0.00192146	
113	73.08	0.0818079	0.0825906	0.00300005	0.00192146	
114	72.58	0.0818079	0.0825906	-0.000978896	0.00192146	
115	72.28	0.0818079	0.0825906	0.00184912	0.00192146	
116	71.88	0.0818079	0.0825906	0.00112567	0.00192146	
117	71.48	0.0818079	0.0825906	0.000237808	0.00192146	
118	71.28	0.0818079	0.0825906	0.001882	0.00192146	
119	70.88	0.0818079	0.0825906	0.00194777	0.00192146	
120	70.78	0.0818079	0.0825906	-0.000682941	0.00192146	
121	70.38	0.0818079	0.0825906	0.00349331	0.00192146	
122	69.88	0.0818079	0.0825906	0.00263833	0.00192146	
123	69.48	0.0818079	0.0825906	-0.00134062	0.00192146	
124	68.88	0.0818079	0.0825906	0.00303294	0.00192146	
125	68.68	0.0818079	0.0825906	0.00102702	0.00192146	
126	68.38	0.0818079	0.0825906	0.00119144	0.00192146	
127	68.18	0.0818079	0.0825906	0.00441406	0.00192146	
128	67.88	0.0818079	0.0825906	0.000237808	0.00192146	
129	67.78	0.0818079	0.0825906	0.00267121	0.00192146	
130	67.18	0.0818079	0.0825906	0.00155316	0.00192146	
131	67.08	0.0818079	0.0825906	0.0035262	0.00192146	
132	66.78	0.0818079	0.0825906	0.00109279	0.00192146	
133	66.18	0.0818079	0.0825906	0.000270691	0.00192146	
134	65.88	0.0818079	0.0825906	0.00221084	0.00192146	
135	65.58	0.0818079	0.0825906	-0.000123915	0.00192146	
136	65.18	0.0818079	0.0825906	0.00359196	0.00192146	
137	64.68	0.0818079	0.0825906	-0.000156799	0.00192146	
138	64.38	0.0818079	0.0825906	0.00385503	0.00192146	
139	64.08	0.0818079	0.0825906	0.000862601	0.00192146	
140	63.78	0.0818079	0.0825906	0.0047429	0.00192146	
141	63.58	0.0818079	0.0825906	0.00244103	0.00192146	
142	62.68	0.0818079	0.0825906	-0.00318212	0.00192146	
143	62.78	0.0818079	0.0825906	0.000994137	0.00192146	
144	62.28	0.0818079	0.0825906	0.00227661	0.00192146	
145	62.18	0.0818079	0.0825906	0.00553211	0.00192146	
146	61.38	0.0818079	0.0825906	0.00720919	0.00192146	
147	61.38	0.0818079	0.0825906	0.00418387	0.00192146	
148	61.18	0.0818079	0.0825906	0.00129009	0.00192146	
149	61.08	0.0818079	0.0825906	0.000106272	0.00192146	
150	60.48	0.0818079	0.0825906	-0.00206406	0.00192146	
151	60.28	0.0818079	0.0825906	0.00224372	0.00192146	
152	59.88	0.0818079	0.0825906	0.00257256	0.00192146	
153	59.58	0.0818079	0.0825906	-0.00209695	0.00192146	
154	59.18	0.0818079	0.0825906	0.00395369	0.00192146	
155	58.88	0.0818079	0.0825906	0.00224372	0.00192146	
156	58.68	0.0818079	0.0825906	-0.000222567	0.00192146	
157	58.48	0.0818079	0.0825906	0.00276987	0.00192146	
158	58.08	0.0818079	0.0825906	0.00181623	0.00192146	
159	57.38	0.0818079	0.0825906	0.00135586	0.00192146	
160	57.08	0.0818079	0.0825906	0.00138874	0.00192146	
161	56.88	0.0818079	0.0825906	0.00313159	0.00192146	
162	56.48	0.0818079	0.0825906	0.00224372	0.00192146	
163	56.18	0.0818079	0.0825906	0.00526904	0.00192146	
164	56.08	0.0818079	0.0825906	0.000106272	0.00192146	
165	55.68	0.0818079	0.0825906	0.000139156	0.00192146	
166	55.38	0.0818079	0.0825906	0.00244103	0.00192146	
167	55.08	0.0818079	0.0825906	0.00181623	0.00192146	
168	54.78	0.0818079	0.0825906	0.00178335	0.00192146	
169	54.38	0.0818079	0.0825906	0.00267121	0.00192146	
170	53.78	0.0818079	0.0825906	-0.000288334	0.00192146	
171	53.88	0.0818079	0.0825906	0.000369343	0.00192146	
172	53.48	0.0818079	0.0825906	0.00316447	0.00192146	
173	53.08	0.0818079	0.0825906	0.0045456	0.00192146	
174	52.68	0.0818079	0.0825906	0.00184912	0.00192146	
175	52.48	0.0818079	0.0825906	-0.00295193	0.00192146	
176	52.18	0.0818079	0.0825906	7.33882E-5	0.00192146	
177	51.98	0.0818079	0.0825906	0.00464425	0.00192146	
178	51.58	0.0818079	0.0825906	-0.000321218	0.00192146	
179	51.18	0.0818079	0.0825906	-0.000650057	0.00192146	
180	50.98	0.0818079	0.0825906	0.00323024	0.00192146	
181	50.68	0.0818079	0.0825906	-0.0013735	0.00192146	
182	50.38	0.0818079	0.0825906	-0.000650057	0.00192146	
183	49.98	0.0818079	0.0825906	0.0039208	0.00192146	
184	49.58	0.0818079	0.0825906	0.000796834	0.00192146	
185	49.28	0.0818079	0.0825906	0.00198065	0.00192146	
186	49.38	0.0818079	0.0825906	0.00257256	0.00192146	
187	48.78	0.0818079	0.0825906	0.00323024	0.00192146	
188	48.48	0.0818079	0.0825906	0.00543346	0.00192146	
189	48.28	0.0818079	0.0825906	0.00480867	0.00192146	
190	47.88	0.0818079	0.0825906	0.00198065	0.00192146	
191	47.68	0.0818079	0.0825906	0.00132298	0.00192146	
192	47.08	0.0818079	0.0825906	0.00520327	0.00192146	
193	47.08	0.0818079	0.0825906	0.000961253	0.00192146	
194	46.78	0.0818079	0.0825906	0.000698182	0.00192146	
195	46.48	0.0818079	0.0825906	0.00119144	0.00192146	
196	46.28	0.0818079	0.0825906	0.00240814	0.00192146	
197	45.98	0.0818079	0.0825906	-0.000354102	0.00192146	
198	45.58	0.0818079	0.0825906	0.00467713	0.00192146	
199	45.48	0.0818079	0.0825906	0.00296717	0.00192146	
200	45.08	0.0818079	0.0825906	-0.000518522	0.00192146	
201	44.68	0.0818079	0.0825906	-2.52634E-5	0.00192146	
202	44.48	0.0818079	0.0825906	-9.10312E-5	0.00192146	
203	44.18	0.0818079	0.0825906	-0.000978896	0.00192146	
204	43.98	0.0818079	0.0825906	0.00566365	0.00192146	
205	43.58	0.0818079	0.0825906	0.00523616	0.00192146	
206	43.08	0.0818079	0.0825906	0.00688035	0.00192146	
207	42.98	0.0818079	0.0825906	0.0088205	0.00192146	
208	42.68	0.0818079	0.0825906	0.00300005	0.00192146	
209	42.28	0.0818079	0.0825906	0.00651863	0.00192146	
210	42.18	0.0818079	0.0825906	0.00198065	0.00192146	
211	41.68	0.0818079	0.0825906	-0.00101178	0.00192146	
212	41.28	0.0818079	0.0825906	0.00553211	0.00192146	
213	40.98	0.0818079	0.0825906	0.00471002	0.00192146	
214	40.68	0.0818079	0.0825906	0.00464425	0.00192146	
215	40.28	0.0818079	0.0825906	0.00329601	0.00192146	
216	39.98	0.0818079	0.0825906	0.00543346	0.00192146	
217	39.78	0.0818079	0.0825906	0.00681458	0.00192146	
218	39.28	0.0818079	0.0825906	0.00253968	0.00192146	
219	39.08	0.0818079	0.0825906	0.00369061	0.00192146	
220	38.48	0.0818079	0.0825906	0.00109279	0.00192146	
221	38.38	0.0818079	0.0825906	0.00434829	0.00192146	
222	37.98	0.0818079	0.0825906	0.00434829	0.00192146	
223	37.48	0.0818079	0.0825906	0.000270691	0.00192146	
224	37.18	0.0818079	0.0825906	0.0067817	0.00192146	
225	36.88	0.0818079	0.0825906	0.00349331	0.00192146	
226	36.58	0.0818079	0.0825906	0.00122432	0.00192146	
227	36.08	0.0818079	0.0825906	0.00714342	0.00192146	
228	35.98	0.0818079	0.0825906	0.00319736	0.00192146	
229	35.18	0.0818079	0.0825906	0.000698182	0.00192146	
230	34.88	0.0818079	0.0825906	0.00405234	0.00192146	
231	34.88	0.0818079	0.0825906	0.0037235	0.00192146	
232	34.78	0.0818079	0.0825906	0.00263833	0.00192146	
233	34.38	0.0818079	0.0825906	0.0057623	0.00192146	
234	34.28	0.0818079	0.0825906	0.00720919	0.00192146	
235	33.88	0.0818079	0.0825906	0.00362485	0.00192146	
236	33.68	0.0818079	0.0825906	0.00142163	0.00192146	
237	33.38	0.0818079	0.0825906	0.00132298	0.00192146	
238	32.78	0.0818079	0.0825906	0.00484155	0.00192146	
239	32.38	0.0818079	0.0825906	0.00424964	0.00192146	
240	32.08	0.0818079	0.0825906	0.00306582	0.00192146	
241	31.88	0.0818079	0.0825906	0.00375638	0.00192146	
242	31.48	0.0818079	0.0825906	0.000829717	0.00192146	
243	31.08	0.0818079	0.0825906	0.00326312	0.00192146	
244	30.98	0.0818079	0.0825906	0.0027041	0.00192146	
245	30.58	0.0818079	0.0825906	0.00507174	0.00192146	
246	30.38	0.0818079	0.0825906	0.00342754	0.00192146	
247	29.98	0.0818079	0.0825906	-2.52634E-5	0.00192146	
248	29.48	0.0818079	0.0825906	0.00530192	0.00192146	
249	29.08	0.0818079	0.0825906	0.00300005	0.00192146	
250	28.68	0.0818079	0.0825906	0.00332889	0.00192146	
251	28.48	0.0818079	0.0825906	0.00526904	0.00192146	
252	28.18	0.0818079	0.0825906	0.00323024	0.00192146	
253	27.88	0.0818079	0.0825906	0.00822859	0.00192146	
254	27.48	0.0818079	0.0825906	0.00990567	0.00192146	
255	27.38	0.0818079	0.0825906	7.62044E-6	0.00192146	
256	26.78	0.0818079	0.0825906	0.00530192	0.00192146	
257	26.28	0.0818079	0.0825906	0.00655151	0.00192146	
258	25.88	0.0818079	0.0825906	0.00612402	0.00192146	
259	25.48	0.0818079	0.0825906	0.00842589	0.00192146	
260	25.38	0.0818079	0.0825906	0.00878762	0.00192146	
261	25.38	0.0818079	0.0825906	0.0029014	0.00192146	
262	24.78	0.0818079	0.0825906	0.00615691	0.00192146	
263	24.38	0.0818079	0.0825906	0.00592672	0.00192146	
264	23.78	0.0818079	0.0825906	0.00543346	0.00192146	
265	23.98	0.0818079	0.0825906	0.00507174	0.00192146	
266	23.78	0.0818079	0.0825906	0.00487443	0.00192146	
267	23.28	0.0818079	0.0825906	0.00734073	0.00192146	
268	22.88	0.0818079	0.0825906	0.00543346	0.00192146	
269	22.48	0.0818079	0.0825906	0.0078011	0.00192146	
270	22.48	0.0818079	0.0825906	0.00582807	0.00192146	
271	22.08	0.0818079	0.0825906	0.00563076	0.00192146	
272	21.88	0.0818079	0.0825906	0.000106272	0.00192146	
273	21.68	0.0818079	0.0825906	0.00641998	0.00192146	
274	21.18	0.0818079	0.0825906	0.00497309	0.00192146	
275	20.58	0.0818079	0.0825906	0.00418387	0.00192146	
276	20.78	0.0818079	0.0825906	0.00599249	0.00192146	
277	20.18	0.0818079	0.0825906	0.00500597	0.00192146	
278	20.08	0.0818079	0.0825906	0.0035262	0.00192146	
279	19.88	0.0818079	0.0825906	0.00770245	0.00192146	
280	19.58	0.0818079	0.0825906	0.00763668	0.00192146	
281	19.38	0.0818079	0.0825906	0.00836013	0.00192146	
282	18.78	0.0818079	0.0825906	0.0079984	0.00192146	
283	18.58	0.0818079	0.0825906	0.00661728	0.00192146	
284	18.68	0.0818079	0.0825906	0.00832724	0.00192146	
285	18.08	0.0818079	0.0825906	0.00937953	0.00192146	
286	17.98	0.0818079	0.0825906	0.00885338	0.00192146	
287	17.78	0.0818079	0.0825906	0.0105633	0.00192146	
288	17.18	0.0818079	0.0825906	0.00589383	0.00192146	
289	16.88	0.0818079	0.0825906	0.00553211	0.00192146	
290	16.58	0.0818079	0.0825906	0.00937953	0.00192146	
291	16.48	0.0818079	0.0825906	0.00612402	0.00192146	
292	15.98	0.0818079	0.0825906	0.00967548	0.00192146	
293	15.88	0.0818079	0.0825906	0.0111224	0.00192146	
294	15.58	0.0818079	0.0825906	0.00681458	0.00192146	
295	15.08	0.0818079	0.0825906	0.00842589	0.00192146	
296	14.78	0.0818079	0.0825906	0.00855743	0.00192146	
297	14.58	0.0818079	0.0825906	0.010958	0.00192146	
298	14.28	0.0818079	0.0825906	0.00806417	0.00192146	
299	14.18	0.0818079	0.0825906	0.00411811	0.00192146	
300	13.78	0.0818079	0.0825906	0.00947818	0.00192146	
301	13.28	0.0818079	0.0825906	0.00826147	0.00192146	
302	12.68	0.0818079	0.0825906	0.00579518	0.00192146	
303	12.58	0.0818079	0.0825906	0.00776822	0.00192146	
304	12.28	0.0818079	0.0825906	0.00944529	0.00192146	
305	11.98	0.0818079	0.0825906	0.00931376	0.00192146	
306	11.58	0.0818079	0.0825906	0.00865608	0.00192146	
307	11.08	0.0818079	0.0825906	0.00918222	0.00192146	
308	10.88	0.0818079	0.0825906	0.0067817	0.00192146	
309	10.58	0.0818079	0.0825906	0.0057623	0.00192146	
310	10.28	0.0818079	0.0825906	0.00895204	0.00192146	
311	9.78	0.0818079	0.0825906	0.0076038	0.00192146	
312	9.38	0.0818079	0.0825906	0.00740649	0.00192146	
313	9.38	0.0818079	0.0825906	0.011517	0.00192146	
314	9.18	0.0818079	0.0825906	0.0141148	0.00192146	
315	8.98	0.0818079	0.0825906	0.00638709	0.00192146	
316	8.38	0.0818079	0.0825906	0.00974125	0.00192146	
317	7.88	0.0818079	0.0825906	0.00970836	0.00192146	
318	7.68	0.0818079	0.0825906	0.0113526	0.00192146	
319	7.18	0.0818079	0.0825906	0.0148711	0.00192146	
320	6.88	0.0818079	0.0825906	0.0112868	0.00192146	
321	6.48	0.0818079	0.0825906	0.010366	0.00192146	
322	6.38	0.0818079	0.0825906	0.00970836	0.00192146	
323	6.18	0.0818079	0.0825906	0.0120102	0.00192146	
324	5.68	0.0818079	0.0825906	0.0132269	0.00192146	
325	5.18	0.0818079	0.0825906	0.00974125	0.00192146	
326	4.88	0.0818079	0.0825906	0.0135229	0.00192146	
327	4.38	0.0818079	0.0825906	0.0133585	0.00192146	
328	4.18	0.0818079	0.0825906	0.0153315	0.00192146	
329	3.48	0.0818079	0.0825906	0.0172388	0.00192146	
330	3.58	0.0818079	0.0825906	0.0125693	0.00192146	
331	3.18	0.0818079	0.0825906	0.0176005	0.00192146	
332	2.48	0.0818079	0.0825906	0.021415	0.00192146	
333	2.18	0.0818079	0.0825906	0.0167455	0.00192146	
334	1.98	0.0818079	0.0825906	0.0168442	0.00192146	
335	1.68	0.0818079	0.0825906	0.0182911	0.00192146	
336	1.58	0.0818079	0.0825906	0.0163509	0.00192146	
337	0.98	0.0818079	0.0825906	0.0245719	0.00192146	
338	0.58	0.0818079	0.0825906	0.0213493	0.00192146	
339	0.58	0.0818079	0.0825906	0.0243417	0.00192146	
340	0.38	0.0818079	0.0825906	0.0247363	0.00192146	
341	-0.32	0.0818079	0.0825906	0.0254926	0.00192146	
342	-0.42	0.0818079	0.0825906	0.0309842	0.00192146	
343	-0.62	0.0818079	0.0825906	0.0272684	0.00192146	
344	-1.02	0.0818079	0.0825906	0.0266107	0.00192146	
345	-1.22	0.0818079	0.0825906	0.027663	0.00192146	
346	-1.42	0.0818079	0.0825906	0.0325627	0.00192146	
347	-1.92	0.0818079	0.0825906	0.0315761	0.00192146	
348	-2.32	0.0818079	0.0825906	0.035851	0.00192146	
349	-2.62	0.0818079	0.0825906	0.0332532	0.00192146	
350	-2.82	0.0818079	0.0825906	0.0306554	0.00192146	
351	-3.12	0.0818079	0.0825906	0.0279918	0.00192146	
352	-3.32	0.0818079	0.0825906	0.0354893	0.00192146	
353	-3.52	0.0818079	0.0825906	0.0422634	0.00192146	
354	-4.02	0.0818079	0.0825906	0.0371006	0.00192146	
355	-4.42	0.0818079	0.0825906	0.0419675	0.00192146	
356	-4.82	0.0818079	0.0825906	0.0401917	0.00192146	
357	-5.12	0.0818079	0.0825906	0.042954	0.00192146	
358	-5.22	0.0818079	0.0825906	0.0462095	0.00192146	
359	-5.62	0.0818079	0.0825906	0.03983	0.00192146	
360	-5.92	0.0818079	0.0825906	0.0481825	0.00192146	
361	-6.32	0.0818079	0.0825906	0.0501227	0.00192146	
362	-6.72	0.0818079	0.0825906	0.0505173	0.00192146	
363	-6.82	0.0818079	0.0825906	0.050024	0.00192146	
364	-7.42	0.0818079	0.0825906	0.0531151	0.00192146	
365	-7.72	0.0818079	0.0825906	0.0545291	0.00192146	
366	-8.02	0.0818079	0.0825906	0.0602509	0.00192146	
367	-8.32	0.0818079	0.0825906	0.0615991	0.00192146	
368	-8.62	0.0818079	0.0825906	0.0582779	0.00192146	
369	-8.82	0.0818079	0.0825906	0.0704778	0.00192146	
370	-9.42	0.0818079	0.0825906	0.0680444	0.00192146	
371	-9.62	0.0818079	0.0825906	0.0649862	0.00192146	
372	-10.42	0.0818079	0.0825906	0.0688665	0.00192146	
373	-10.32	0.0818079	0.0825906	0.0681759	0.00192146	
374	-10.62	0.0818079	0.0825906	0.0745883	0.00192146	
375	-11.02	0.0818079	0.0825906	0.0740292	0.00192146	
376	-11.22	0.0818079	0.0825906	0.0789618	0.00192146	
377	-11.52	0.0818079	0.0825906	0.077482	0.00192146	
378	-11.72	0.0818079	0.0825906	0.0808362	0.00192146	
379	-12.22	0.0818079	0.0825906	0.0813295	0.00192146	
380	-12.52	0.0818079	0.0825906	0.0810335	0.00192146	
381	-12.92	0.0818079	0.0825906	0.0900108	0.00192146	
382	-13.52	0.0818079	0.0825906	0.0865909	0.00192146	
383	-13.62	0.0818079	0.0825906	0.0818885	0.00192146	
384	-13.92	0.0818079	0.0825906	0.0908987	0.00192146	
385	-14.22	0.0818079	0.0825906	0.0924113	0.00192146	
386	-14.72	0.0818079	0.0825906	0.086854	0.00192146	
387	-14.92	0.0818079	0.0825906	0.0886955	0.00192146	
388	-15.12	0.0818079	0.0825906	0.089386	0.00192146	
389	-15.32	0.0818079	0.0825906	0.0887612	0.00192146	
390	-15.92	0.0818079	0.0825906	0.0878076	0.00192146	
391	-16.02	0.0818079	0.0825906	0.0872486	0.00192146	
392	-16.42	0.0818079	0.0825906	0.0910631	0.00192146	
393	-16.72	0.0818079	0.0825906	0.0956668	0.00192146	
394	-16.82	0.0818079	0.0825906	0.102342	0.00192146	
395	-17.32	0.0818079	0.0825906	0.104217	0.00192146	
396	-17.42	0.0818079	0.0825906	0.10323	0.00192146	
397	-17.62	0.0818079	0.0825906	0.111188	0.00192146	
398	-18.12	0.0818079	0.0825906	0.108492	0.00192146	
399	-18.22	0.0818079	0.0825906	0.0996787	0.00192146	
400	-18.72	0.0818079	0.0825906	0.113621	0.00192146	
401	-18.82	0.0818079	0.0825906	0.109906	0.00192146	
402	-19.12	0.0818079	0.0825906	0.122566	0.00192146	
403	-19.52	0.0818079	0.0825906	0.107143	0.00192146	
404	-19.82	0.0818079	0.0825906	0.108327	0.00192146	
405	-20.22	0.0818079	0.0825906	0.112536	0.00192146	
406	-20.42	0.0818079	0.0825906	0.110103	0.00192146	
407	-20.82	0.0818079	0.0825906	0.115134	0.00192146	
408	-21.22	0.0818079	0.0825906	0.112306	0.00192146	
409	-21.32	0.0818079	0.0825906	0.104414	0.00192146	
410	-21.62	0.0818079	0.0825906	0.111879	0.00192146	
411	-22.12	0.0818079	0.0825906	0.114411	0.00192146	
412	-22.42	0.0818079	0.0825906	0.122204	0.00192146	
413	-22.92	0.0818079	0.0825906	0.110728	0.00192146	
414	-23.12	0.0818079	0.0825906	0.122467	0.00192146	
415	-23.52	0.0818079	0.0825906	0.118422	0.00192146	
416	-23.92	0.0818079	0.0825906	0.125295	0.00192146	
417	-24.32	0.0818079	0.0825906	0.124572	0.00192146	
418	-24.52	0.0818079	0.0825906	0.114049	0.00192146	
419	-25.22	0.0818079	0.0825906	0.12296	0.00192146	
420	-25.62	0.0818079	0.0825906	0.125657	0.00192146	
421	-26.02	0.0818079	0.0825906	0.125197	0.00192146	
422	-26.02	0.0818079	0.0825906	0.126907	0.00192146	
423	-26.32	0.0818079	0.0825906	0.135259	0.00192146	
424	-26.72	0.0818079	0.0825906	0.136246	0.00192146	
425	-27.02	0.0818079	0.0825906	0.142198	0.00192146	
426	-27.22	0.0818079	0.0825906	0.134568	0.00192146	
427	-27.72	0.0818079	0.0825906	0.143973	0.00192146	
428	-28.02	0.0818079	0.0825906	0.154562	0.00192146	
429	-28.42	0.0818079	0.0825906	0.149465	0.00192146	
430	-28.72	0.0818079	0.0825906	0.157226	0.00192146	
431	-29.02	0.0818079	0.0825906	0.152622	0.00192146	
432	-29.32	0.0818079	0.0825906	0.152589	0.00192146	
433	-29.72	0.0818079	0.0825906	0.176265	0.00192146	
434	-29.92	0.0818079	0.0825906	0.164986	0.00192146	
435	-30.22	0.0818079	0.0825906	0.158738	0.00192146	
436	-30.52	0.0818079	0.0825906	0.169689	0.00192146	
437	-30.82	0.0818079	0.0825906	0.160382	0.00192146	
438	-31.22	0.0818079	0.0825906	0.161928	0.00192146	
439	-31.82	0.0818079	0.0825906	0.169557	0.00192146	
440	-31.82	0.0818079	0.0825906	0.170642	0.00192146	
441	-32.62	0.0818079	0.0825906	0.16959	0.00192146	
442	-32.92	0.0818079	0.0825906	0.162059	0.00192146	
443	-33.02	0.0818079	0.0825906	0.175279	0.00192146	
444	-33.42	0.0818079	0.0825906	0.171662	0.00192146	
445	-33.62	0.0818079	0.0825906	0.174654	0.00192146	
446	-33.72	0.0818079	0.0825906	0.163506	0.00192146	
447	-34.32	0.0818079	0.0825906	0.173076	0.00192146	
448	-34.82	0.0818079	0.0825906	0.178008	0.00192146	
449	-34.92	0.0818079	0.0825906	0.17837	0.00192146	
450	-35.42	0.0818079	0.0825906	0.179324	0.00192146	
451	-35.72	0.0818079	0.0825906	0.178929	0.00192146	
452	-36.02	0.0818079	0.0825906	0.185308	0.00192146	
453	-36.32	0.0818079	0.0825906	0.183861	0.00192146	
454	-36.62	0.0818079	0.0825906	0.182842	0.00192146	
455	-37.02	0.0818079	0.0825906	0.191754	0.00192146	
456	-37.42	0.0818079	0.0825906	0.181494	0.00192146	
457	-37.92	0.0818079	0.0825906	0.197278	0.00192146	
458	-38.22	0.0818079	0.0825906	0.198002	0.00192146	
459	-38.42	0.0818079	0.0825906	0.192707	0.00192146	
460	-38.72	0.0818079	0.0825906	0.190438	0.00192146	
461	-38.92	0.0818079	0.0825906	0.208524	0.00192146	
462	-39.32	0.0818079	0.0825906	0.199646	0.00192146	
463	-39.62	0.0818079	0.0825906	0.206387	0.00192146	
464	-39.92	0.0818079	0.0825906	0.18692	0.00192146	
465	-40.32	0.0818079	0.0825906	0.203493	0.00192146	
466	-40.82	0.0818079	0.0825906	0.203362	0.00192146	
467	-41.12	0.0818079	0.0825906	0.205762	0.00192146	
468	-41.22	0.0818079	0.0825906	0.195667	0.00192146	
469	-41.62	0.0818079	0.0825906	0.193299	0.00192146	
470	-42.02	0.0818079	0.0825906	0.207801	0.00192146	
471	-42.32	0.0818079	0.0825906	0.200271	0.00192146	
472	-42.42	0.0818079	0.0825906	0.183434	0.00192146	
473	-42.72	0.0818079	0.0825906	0.195437	0.00192146	
474	-43.12	0.0818079	0.0825906	0.201717	0.00192146	
475	-43.52	0.0818079	0.0825906	0.198857	0.00192146	
476	-43.72	0.0818079	0.0825906	0.196193	0.00192146	
477	-44.12	0.0818079	0.0825906	0.204052	0.00192146	
478	-44.42	0.0818079	0.0825906	0.204743	0.00192146	
479	-44.52	0.0818079	0.0825906	0.21566	0.00192146	
480	-45.02	0.0818079	0.0825906	0.204348	0.00192146	
481	-45.12	0.0818079	0.0825906	0.207867	0.00192146	
482	-45.42	0.0818079	0.0825906	0.212372	0.00192146	
483	-45.72	0.0818079	0.0825906	0.212701	0.00192146	
484	-45.92	0.0818079	0.0825906	0.200238	0.00192146	
485	-46.32	0.0818079	0.0825906	0.210497	0.00192146	
486	-46.72	0.0818079	0.0825906	0.213227	0.00192146	
487	-46.72	0.0818079	0.0825906	0.207538	0.00192146	
488	-47.22	0.0818079	0.0825906	0.219014	0.00192146	
489	-47.42	0.0818079	0.0825906	0.212306	0.00192146	
490	-47.82	0.0818079	0.0825906	0.219047	0.00192146	
491	-48.12	0.0818079	0.0825906	0.210004	0.00192146	
492	-48.32	0.0818079	0.0825906	0.215726	0.00192146	
493	-48.52	0.0818079	0.0825906	0.223848	0.00192146	
494	-48.82	0.0818079	0.0825906	0.213983	0.00192146	
495	-49.12	0.0818079	0.0825906	0.20836	0.00192146	
496	-49.42	0.0818079	0.0825906	0.210333	0.00192146	
497	-49.62	0.0818079	0.0825906	0.216548	0.00192146	
498	-50.22	0.0818079	0.0825906	0.201487	0.00192146	
499	-50.52	0.0818079	0.0825906	0.20323	0.00192146	
500	-50.82	0.0818079	0.0825906	0.202178	0.00192146	
501	-50.92	0.0818079	0.0825906	0.203559	0.00192146	
502	-51.42	0.0818079	0.0825906	0.209248	0.00192146	
503	-51.62	0.0818079	0.0825906	0.191885	0.00192146	
504	-51.72	0.0818079	0.0825906	0.197147	0.00192146	
505	-52.12	0.0818079	0.0825906	0.216647	0.00192146	
506	-52.62	0.0818079	0.0825906	0.196357	0.00192146	
507	-53.12	0.0818079	0.0825906	0.215167	0.00192146	
508	-53.22	0.0818079	0.0825906	0.215134	0.00192146	
509	-53.52	0.0818079	0.0825906	0.211648	0.00192146	
510	-53.72	0.0818079	0.0825906	0.225032	0.00192146	
511	-54.02	0.0818079	0.0825906	0.227235	0.00192146	
512	-54.22	0.0818079	0.0825906	0.218488	0.00192146	
513	-54.52	0.0818079	0.0825906	0.220626	0.00192146	
514	-54.82	0.0818079	0.0825906	0.209642	0.00192146	
515	-55.42	0.0818079	0.0825906	0.222237	0.00192146	
516	-55.72	0.0818079	0.0825906	0.207637	0.00192146	
517	-55.92	0.0818079	0.0825906	0.214509	0.00192146	
518	-56.32	0.0818079	0.0825906	0.213358	0.00192146	
519	-56.82	0.0818079	0.0825906	0.216844	0.00192146	
520	-56.72	0.0818079	0.0825906	0.221875	0.00192146	
521	-57.12	0.0818079	0.0825906	0.22079	0.00192146	
522	-57.32	0.0818079	0.0825906	0.21714	0.00192146	
523	-57.72	0.0818079	0.0825906	0.219179	0.00192146	
524	-57.92	0.0818079	0.0825906	0.21349	0.00192146	
525	-58.52	0.0818079	0.0825906	0.214707	0.00192146	
526	-58.72	0.0818079	0.0825906	0.203427	0.00192146	
527	-59.22	0.0818079	0.0825906	0.207965	0.00192146	
528	-59.52	0.0818079	0.0825906	0.221053	0.00192146	
529	-59.92	0.0818079	0.0825906	0.211057	0.00192146	
530	-60.02	0.0818079	0.0825906	0.208097	0.00192146	
531	-60.42	0.0818079	0.0825906	0.209675	0.00192146	
532	-60.72	0.0818079	0.0825906	0.20175	0.00192146	
533	-61.22	0.0818079	0.0825906	0.205598	0.00192146	
534	-61.42	0.0818079	0.0825906	0.213687	0.00192146	
535	-61.92	0.0818079	0.0825906	0.205466	0.00192146	
536	-62.12	0.0818079	0.0825906	0.211418	0.00192146	
537	-62.72	0.0818079	0.0825906	0.212471	0.00192146	
538	-63.02	0.0818079	0.0825906	0.213194	0.00192146	
539	-63.22	0.0818079	0.0825906	0.211681	0.00192146	
540	-63.42	0.0818079	0.0825906	0.212207	0.00192146	
541	-63.82	0.0818079	0.0825906	0.216186	0.00192146	
542	-64.22	0.0818079	0.0825906	0.225131	0.00192146	
543	-64.72	0.0818079	0.0825906	0.209379	0.00192146	
544	-65.02	0.0818079	0.0825906	0.20882	0.00192146	
545	-65.32	0.0818079	0.0825906	0.225854	0.00192146	
546	-65.72	0.0818079	0.0825906	0.202178	0.00192146	
547	-66.32	0.0818079	0.0825906	0.212503	0.00192146	
548	-66.62	0.0818079	0.0825906	0.212076	0.00192146	
549	-66.82	0.0818079	0.0825906	0.218521	0.00192146	
550	-66.92	0.0818079	0.0825906	0.218587	0.00192146	
551	-67.62	0.0818079	0.0825906	0.217568	0.00192146	
552	-68.02	0.0818079	0.0825906	0.20619	0.00192146	
553	-68.22	0.0818079	0.0825906	0.195765	0.00192146	
554	-68.82	0.0818079	0.0825906	0.212207	0.00192146	
555	-69.22	0.0818079	0.0825906	0.213917	0.00192146	
556	-69.82	0.0818079	0.0825906	0.209347	0.00192146	
557	-70.22	0.0818079	0.0825906	0.210234	0.00192146	
558	-70.32	0.0818079	0.0825906	0.204973	0.00192146	
559	-70.92	0.0818079	0.0825906	0.20323	0.00192146	
560	-71.42	0.0818079	0.0825906	0.216252	0.00192146	
561	-71.52	0.0818079	0.0825906	0.206025	0.00192146	
562	-72.02	0.0818079	0.0825906	0.216022	0.00192146	
563	-72.52	0.0818079	0.0825906	0.214016	0.00192146	
564	-72.82	0.0818079	0.0825906	0.225657	0.00192146	
565	-73.22	0.0818079	0.0825906	0.212799	0.00192146	
566	-73.52	0.0818079	0.0825906	0.214444	0.00192146	
567	-73.82	0.0818079	0.0825906	0.219606	0.00192146	
568	-74.42	0.0818079	0.0825906	0.22615	0.00192146	
569	-74.82	0.0818079	0.0825906	0.223815	0.00192146	
570	-75.52	0.0818079	0.0825906	0.220198	0.00192146	
571	-75.62	0.0818079	0.0825906	0.223914	0.00192146	
572	-75.72	0.0818079	0.0825906	0.21839	0.00192146	
573	-76.32	0.0818079	0.0825906	0.221481	0.00192146	
574	-76.52	0.0818079	0.0825906	0.217798	0.00192146	
575	-76.72	0.0818079	0.0825906	0.212602	0.00192146	
576	-77.32	0.0818079	0.0825906	0.217962	0.00192146	
577	-77.82	0.0818079	0.0825906	0.208557	0.00192146	
578	-78.02	0.0818079	0.0825906	0.213983	0.00192146	
579	-78.22	0.0818079	0.0825906	0.198396	0.00192146	
580	-78.62	0.0818079	0.0825906	0.217633	0.00192146	
581	-78.82	0.0818079	0.0825906	0.211221	0.00192146	
582	-79.32	0.0818079	0.0825906	0.205466	0.00192146	
583	-79.52	0.0818079	0.0825906	0.211089	0.00192146	
584	-80.02	0.0818079	0.0825906	0.20665	0.00192146	
585	-80.22	0.0818079	0.0825906	0.203164	0.00192146	
586	-80.82	0.0818079	0.0825906	0.199514	0.00192146	
587	-81.12	0.0818079	0.0825906	0.201323	0.00192146	
588	-81.42	0.0818079	0.0825906	0.203822	0.00192146	
589	-81.72	0.0818079	0.0825906	0.203658	0.00192146	
590	-81.92	0.0818079	0.0825906	0.209708	0.00192146	
591	-82.02	0.0818079	0.0825906	0.19935	0.00192146	
592	-82.62	0.0818079	0.0825906	0.210333	0.00192146	
593	-82.92	0.0818079	0.0825906	0.210366	0.00192146	
594	-83.12	0.0818079	0.0825906	0.227005	0.00192146	
595	-83.72	0.0818079	0.0825906	0.220034	0.00192146	
596	-83.92	0.0818079	0.0825906	0.208689	0.00192146	
597	-84.22	0.0818079	0.0825906	0.222993	0.00192146	
598	-84.42	0.0818079	0.0825906	0.208261	0.00192146	
599	-84.62	0.0818079	0.0825906	0.216252	0.00192146	
600	-84.72	0.0818079	0.0825906	0.210958	0.00192146	
601	-85.22	0.0818079	0.0825906	0.200205	0.00192146	
602	-85.62	0.0818079	0.0825906	0.21543	0.00192146	
603	-85.92	0.0818079	0.0825906	0.211813	0.00192146	
604	-86.32	0.0818079	0.0825906	0.214805	0.00192146	
605	-86.52	0.0818079	0.0825906	0.202803	0.00192146	
606	-86.92	0.0818079	0.0825906	0.221842	0.00192146	
607	-87.12	0.0818079	0.0825906	0.216318	0.00192146	
608	-87.52	0.0818079	0.0825906	0.208788	0.00192146	
609	-87.82	0.0818079	0.0825906	0.21395	0.00192146	
610	-88.12	0.0818079	0.0825906	0.202079	0.00192146	
611	-88.32	0.0818079	0.0825906	0.210202	0.00192146	
612	-88.82	0.0818079	0.0825906	0.201685	0.00192146	
613	-89.22	0.0818079	0.0825906	0.201257	0.00192146	
614	-89.52	0.0818079	0.0825906	0.198561	0.00192146	
615	-89.92	0.0818079	0.0825906	0.203888	0.00192146	
616	-90.22	0.0818079	0.0825906	0.203789	0.00192146	
617	-90.52	0.0818079	0.0825906	0.200238	0.00192146	
618	-90.62	0.0818079	0.0825906	0.22467	0.00192146	
619	-91.32	0.0818079	0.0825906	0.21497	0.00192146	
620	-91.72	0.0818079	0.0825906	0.207209	0.00192146	
621	-91.92	0.0818079	0.0825906	0.223289	0.00192146	
622	-92.62	0.0818079	0.0825906	0.205335	0.00192146	
623	-92.42	0.0818079	0.0825906	0.218554	0.00192146	
624	-92.62	0.0818079	0.0825906	0.205861	0.00192146	
625	-93.22	0.0818079	0.0825906	0.210202	0.00192146	
626	-93.52	0.0818079	0.0825906	0.222138	0.00192146	
627	-93.92	0.0818079	0.0825906	0.21474	0.00192146	
628	-94.12	0.0818079	0.0825906	0.204019	0.00192146	
629	-94.32	0.0818079	0.0825906	0.206058	0.00192146	
630	-94.52	0.0818079	0.0825906	0.222467	0.00192146	
631	-94.92	0.0818079	0.0825906	0.208788	0.00192146	
632	-95.42	0.0818079	0.0825906	0.214509	0.00192146	
633	-95.92	0.0818079	0.0825906	0.20152	0.00192146	
634	-96.32	0.0818079	0.0825906	0.217107	0.00192146	
635	-96.42	0.0818079	0.0825906	0.217962	0.00192146	
636	-96.62	0.0818079	0.0825906	0.215331	0.00192146	
637	-97.02	0.0818079	0.0825906	0.209347	0.00192146	
638	-97.42	0.0818079	0.0825906	0.200139	0.00192146	
639	-97.52	0.0818079	0.0825906	0.204447	0.00192146	
640	-98.12	0.0818079	0.0825906	0.213128	0.00192146	
641	-98.42	0.0818079	0.0825906	0.208294	0.00192146	
642	-98.72	0.0818079	0.0825906	0.203691	0.00192146	
643	-99.12	0.0818079	0.0825906	0.203559	0.00192146	
644	-99.42	0.0818079	0.0825906	0.208064	0.00192146	
645	-99.82	0.0818079	0.0825906	0.202474	0.00192146	
646	-100.02	0.0818079	0.0825906	0.199481	0.00192146	
647	-100.42	0.0818079	0.0825906	0.209379	0.00192146	
648	-100.82	0.0818079	0.0825906	0.207637	0.00192146	
649	-101.02	0.0818079	0.0825906	0.217633	0.00192146	
650	-101.62	0.0818079	0.0825906	0.215825	0.00192146	
651	-102.02	0.0818079	0.0825906	0.208163	0.00192146	
652	-102.32	0.0818079	0.0825906	0.20859	0.00192146	
653	-102.42	0.0818079	0.0825906	0.217732	0.00192146	
654	-102.82	0.0818079	0.0825906	0.217798	0.00192146	
655	-103.12	0.0818079	0.0825906	0.215167	0.00192146	
656	-103.52	0.0818079	0.0825906	0.206321	0.00192146	
657	-103.72	0.0818079	0.0825906	0.218587	0.00192146	
658	-104.12	0.0818079	0.0825906	0.212997	0.00192146	
659	-104.42	0.0818079	0.0825906	0.221645	0.00192146	
660	-104.92	0.0818079	0.0825906	0.224243	0.00192146	
661	-105.12	0.0818079	0.0825906	0.202868	0.00192146	
662	-105.42	0.0818079	0.0825906	0.210432	0.00192146	
663	-105.82	0.0818079	0.0825906	0.216186	0.00192146	
664	-106.12	0.0818079	0.0825906	0.211648	0.00192146	
665	-106.12	0.0818079	0.0825906	0.219837	0.00192146	
666	-106.62	0.0818079	0.0825906	0.196818	0.00192146	
667	-106.92	0.0818079	0.0825906	0.194351	0.00192146	
668	-107.42	0.0818079	0.0825906	0.188038	0.00192146	
669	-107.72	0.0818079	0.0825906	0.203855	0.00192146	
670	-108.12	0.0818079	0.0825906	0.196094	0.00192146	
671	-108.32	0.0818079	0.0825906	0.19616	0.00192146	
672	-108.62	0.0818079	0.0825906	0.194779	0.00192146	
673	-108.92	0.0818079	0.0825906	0.207209	0.00192146	
674	-109.32	0.0818079	0.0825906	0.201717	0.00192146	
675	-109.52	0.0818079	0.0825906	0.209971	0.00192146	
676	-109.82	0.0818079	0.0825906	0.211057	0.00192146	
677	-110.42	0.0818079	0.0825906	0.198298	0.00192146	
678	-110.62	0.0818079	0.0825906	0.211517	0.00192146	
679	-111.02	0.0818079	0.0825906	0.208886	0.00192146	
680	-111.12	0.0818079	0.0825906	0.205433	0.00192146	
681	-111.62	0.0818079	0.0825906	0.219639	0.00192146	
682	-111.72	0.0818079	0.0825906	0.218587	0.00192146	
683	-111.92	0.0818079	0.0825906	0.227433	0.00192146	
684	-112.52	0.0818079	0.0825906	0.22467	0.00192146	
685	-112.82	0.0818079	0.0825906	0.206354	0.00192146	
686	-113.22	0.0818079	0.0825906	0.209149	0.00192146	
687	-113.62	0.0818079	0.0825906	0.213161	0.00192146	
688	-113.82	0.0818079	0.0825906	0.206946	0.00192146	
689	-114.12	0.0818079	0.0825906	0.210925	0.00192146	
690	-114.32	0.0818079	0.0825906	0.203164	0.00192146	
691	-114.62	0.0818079	0.0825906	0.208327	0.00192146	
692	-114.72	0.0818079	0.0825906	0.207505	0.00192146	
693	-114.82	0.0818079	0.0825906	0.199185	0.00192146	
694	-114.92	0.0818079	0.0825906	0.202408	0.00192146	
695	-115.32	0.0818079	0.0825906	0.203822	0.00192146	
696	-115.92	0.0818079	0.0825906	0.192115	0.00192146	
697	-116.32	0.0818079	0.0825906	0.201685	0.00192146	
698	-116.72	0.0818079	0.0825906	0.202178	0.00192146	
699	-117.02	0.0818079	0.0825906	0.194779	0.00192146	
700	-117.22	0.0818079	0.0825906	0.1859	0.00192146	
701	-117.42	0.0818079	0.0825906	0.207406	0.00192146	
702	-117.52	0.0818079	0.0825906	0.209347	0.00192146	
703	-118.02	0.0818079	0.0825906	0.199843	0.00192146	
704	-118.12	0.0818079	0.0825906	0.193825	0.00192146	
705	-118.42	0.0818079	0.0825906	0.215364	0.00192146	
706	-119.02	0.0818079	0.0825906	0.211681	0.00192146	
707	-119.02	0.0818079	0.0825906	0.217535	0.00192146	
708	-119.72	0.0818079	0.0825906	0.218061	0.00192146	
709	-120.22	0.0818079	0.0825906	0.206387	0.00192146	
710	-120.22	0.0818079	0.0825906	0.2152	0.00192146	
711	-120.72	0.0818079	0.0825906	0.219573	0.00192146	
712	-121.22	0.0818079	0.0825906	0.213983	0.00192146	
713	-121.02	0.0818079	0.0825906	0.211911	0.00192146	
714	-121.52	0.0818079	0.0825906	0.215858	0.00192146	
715	-121.72	0.0818079	0.0825906	0.215693	0.00192146	
716	-121.92	0.0818079	0.0825906	0.215759	0.00192146	
717	-122.52	0.0818079	0.0825906	0.21178	0.00192146	
718	-122.92	0.0818079	0.0825906	0.215825	0.00192146	
719	-123.22	0.0818079	0.0825906	0.21007	0.00192146	
720	-123.82	0.0818079	0.0825906	0.194121	0.00192146	
721	-124.02	0.0818079	0.0825906	0.188432	0.00192146	
722	-124.12	0.0818079	0.0825906	0.206321	0.00192146	
723	-124.62	0.0818079	0.0825906	0.198561	0.00192146	
724	-124.82	0.0818079	0.0825906	0.196851	0.00192146	
725	-125.12	0.0818079	0.0825906	0.194549	0.00192146	
726	-125.72	0.0818079	0.0825906	0.196456	0.00192146	
727	-126.02	0.0818079	0.0825906	0.205762	0.00192146	
728	-126.42	0.0818079	0.0825906	0.197278	0.00192146	
729	-127.02	0.0818079	0.0825906	0.218028	0.00192146	
730	-127.22	0.0818079	0.0825906	0.206157	0.00192146	
731	-127.42	0.0818079	0.0825906	0.210399	0.00192146	
732	-127.62	0.0818079	0.0825906	0.207571	0.00192146	
733	-128.02	0.0818079	0.0825906	0.197081	0.00192146	
734	-128.32	0.0818079	0.0825906	0.203888	0.00192146	
735	-128.82	0.0818079	0.0825906	0.200764	0.00192146	
736	-129.02	0.0818079	0.0825906	0.208985	0.00192146	
737	-129.62	0.0818079	0.0825906	0.207801	0.00192146	
738	-129.82	0.0818079	0.0825906	0.200567	0.00192146	
739	-130.02	0.0818079	0.0825906	0.196029	0.00192146	
740	-130.22	0.0818079	0.0825906	0.199021	0.00192146	
741	-130.52	0.0818079	0.0825906	0.201915	0.00192146	
742	-130.62	0.0818079	0.0825906	0.192214	0.00192146	
743	-131.42	0.0818079	0.0825906	0.204381	0.00192146	
744	-131.72	0.0818079	0.0825906	0.201553	0.00192146	
745	-132.02	0.0818079	0.0825906	0.188301	0.00192146	
746	-132.32	0.0818079	0.0825906	0.19034	0.00192146	
747	-132.82	0.0818079	0.0825906	0.193036	0.00192146	
748	-133.02	0.0818079	0.0825906	0.174884	0.00192146	
749	-133.62	0.0818079	0.0825906	0.186492	0.00192146	
750	-133.92	0.0818079	0.0825906	0.189978	0.00192146	
751	-134.22	0.0818079	0.0825906	0.196818	0.00192146	
752	-134.42	0.0818079	0.0825906	0.191556	0.00192146	
753	-134.82	0.0818079	0.0825906	0.18008	0.00192146	
754	-135.02	0.0818079	0.0825906	0.183697	0.00192146	
755	-135.82	0.0818079	0.0825906	0.187117	0.00192146	
756	-136.12	0.0818079	0.0825906	0.174818	0.00192146	
757	-136.32	0.0818079	0.0825906	0.192674	0.00192146	
758	-136.42	0.0818079	0.0825906	0.177285	0.00192146	
759	-136.82	0.0818079	0.0825906	0.18179	0.00192146	
760	-137.42	0.0818079	0.0825906	0.180935	0.00192146	
761	-137.32	0.0818079	0.0825906	0.190833	0.00192146	
762	-137.72	0.0818079	0.0825906	0.199514	0.00192146	
763	-138.12	0.0818079	0.0825906	0.182184	0.00192146	
764	-138.42	0.0818079	0.0825906	0.189254	0.00192146	
765	-139.02	0.0818079	0.0825906	0.183007	0.00192146	
766	-139.42	0.0818079	0.0825906	0.191787	0.00192146	
767	-139.62	0.0818079	0.0825906	0.179751	0.00192146	
768	-140.02	0.0818079	0.0825906	0.175904	0.00192146	
769	-140.52	0.0818079	0.0825906	0.169491	0.00192146	
770	-140.62	0.0818079	0.0825906	0.169458	0.00192146	
771	-140.92	0.0818079	0.0825906	0.17176	0.00192146	
772	-141.52	0.0818079	0.0825906	0.173799	0.00192146	
773	-141.62	0.0818079	0.0825906	0.170346	0.00192146	
774	-141.92	0.0818079	0.0825906	0.173339	0.00192146	
775	-142.72	0.0818079	0.0825906	0.164953	0.00192146	
776	-142.62	0.0818079	0.0825906	0.158015	0.00192146	
777	-143.42	0.0818079	0.0825906	0.164394	0.00192146	
778	-144.02	0.0818079	0.0825906	0.172812	0.00192146	
779	-144.22	0.0818079	0.0825906	0.168932	0.00192146	
780	-144.42	0.0818079	0.0825906	0.15374	0.00192146	
781	-144.72	0.0818079	0.0825906	0.161566	0.00192146	
782	-145.32	0.0818079	0.0825906	0.155483	0.00192146	
783	-145.72	0.0818079	0.0825906	0.159856	0.00192146	
784	-146.12	0.0818079	0.0825906	0.154924	0.00192146	
785	-146.52	0.0818079	0.0825906	0.173174	0.00192146	
786	-146.32	0.0818079	0.0825906	0.159396	0.00192146	
787	-146.82	0.0818079	0.0825906	0.162914	0.00192146	
788	-147.32	0.0818079	0.0825906	0.169886	0.00192146	
789	-147.52	0.0818079	0.0825906	0.161994	0.00192146	
790	-148.02	0.0818079	0.0825906	0.142757	0.00192146	
791	-148.82	0.0818079	0.0825906	0.159231	0.00192146	
792	-148.92	0.0818079	0.0825906	0.148281	0.00192146	
793	-148.52	0.0818079	0.0825906	0.152918	0.00192146	
794	-149.12	0.0818079	0.0825906	0.147788	0.00192146	
795	-149.62	0.0818079	0.0825906	0.146571	0.00192146	
796	-149.92	0.0818079	0.0825906	0.148347	0.00192146	
797	-150.32	0.0818079	0.0825906	0.157127	0.00192146	
798	-150.62	0.0818079	0.0825906	0.143743	0.00192146	
799	-150.92	0.0818079	0.0825906	0.15101	0.00192146	
800	-151.42	0.0818079	0.0825906	0.148774	0.00192146	
801	-151.52	0.0818079	0.0825906	0.137068	0.00192146	
802	-152.02	0.0818079	0.0825906	0.139698	0.00192146	
803	-152.52	0.0818079	0.0825906	0.133089	0.00192146	
804	-153.02	0.0818079	0.0825906	0.128255	0.00192146	
805	-153.22	0.0818079	0.0825906	0.125131	0.00192146	
806	-153.62	0.0818079	0.0825906	0.14006	0.00192146	
807	-154.12	0.0818079	0.0825906	0.134174	0.00192146	
808	-154.42	0.0818079	0.0825906	0.129439	0.00192146	
809	-154.32	0.0818079	0.0825906	0.125525	0.00192146	
810	-154.92	0.0818079	0.0825906	0.125295	0.00192146	
811	-155.22	0.0818079	0.0825906	0.12352	0.00192146	
812	-155.72	0.0818079	0.0825906	0.121941	0.00192146	
813	-155.82	0.0818079	0.0825906	0.12056	0.00192146	
814	-156.52	0.0818079	0.0825906	0.120067	0.00192146	
815	-156.52	0.0818079	0.0825906	0.11566	0.00192146	
816	-157.02	0.0818079	0.0825906	0.12079	0.00192146	
817	-157.22	0.0818079	0.0825906	0.117173	0.00192146	
818	-157.62	0.0818079	0.0825906	0.113786	0.00192146	
819	-158.02	0.0818079	0.0825906	0.114904	0.00192146	
820	-158.62	0.0818079	0.0825906	0.116548	0.00192146	
821	-159.02	0.0818079	0.0825906	0.112898	0.00192146	
822	-159.42	0.0818079	0.0825906	0.111287	0.00192146	
823	-159.72	0.0818079	0.0825906	0.109478	0.00192146	
824	-159.92	0.0818079	0.0825906	0.112964	0.00192146	
825	-160.62	0.0818079	0.0825906	0.104973	0.00192146	
826	-160.42	0.0818079	0.0825906	0.103756	0.00192146	
827	-160.82	0.0818079	0.0825906	0.0995143	0.00192146	
828	-161.12	0.0818079	0.0825906	0.103131	0.00192146	
829	-161.52	0.0818079	0.0825906	0.106058	0.00192146	
830	-161.92	0.0818079	0.0825906	0.0878734	0.00192146	
831	-162.62	0.0818079	0.0825906	0.087972	0.00192146	
832	-162.62	0.0818079	0.0825906	0.0872814	0.00192146	
833	-163.12	0.0818079	0.0825906	0.0884982	0.00192146	
834	-163.32	0.0818079	0.0825906	0.0843548	0.00192146	
835	-163.42	0.0818079	0.0825906	0.082875	0.00192146	
836	-164.02	0.0818079	0.0825906	0.0861634	0.00192146	
837	-164.42	0.0818079	0.0825906	0.07324	0.00192146	
838	-164.62	0.0818079	0.0825906	0.0833683	0.00192146	
839	-165.02	0.0818079	0.0825906	0.0795866	0.00192146	
840	-165.72	0.0818079	0.0825906	0.0829408	0.00192146	
841	-165.72	0.0818079	0.0825906	0.0742923	0.00192146	
842	-165.92	0.0818079	0.0825906	0.078337	0.00192146	
843	-166.32	0.0818079	0.0825906	0.0717931	0.00192146	
844	-166.52	0.0818079	0.0825906	0.0747198	0.00192146	
845	-166.82	0.0818079	0.0825906	0.0745883	0.00192146	
846	-167.32	0.0818079	0.0825906	0.0625199	0.00192146	
847	-167.72	0.0818079	0.0825906	0.0702476	0.00192146	
848	-168.02	0.0818079	0.0825906	0.0631776	0.00192146	
849	-168.42	0.0818079	0.0825906	0.0648218	0.00192146	
850	-168.72	0.0818079	0.0825906	0.0598892	0.00192146	
851	-169.12	0.0818079	0.0825906	0.0606784	0.00192146	
852	-169.32	0.0818079	0.0825906	0.0625856	0.00192146	
853	-169.72	0.0818079	0.0825906	0.059659	0.00192146	
854	-170.22	0.0818079	0.0825906	0.0561075	0.00192146	
855	-170.12	0.0818079	0.0825906	0.0498925	0.00192146	
856	-170.92	0.0818079	0.0825906	0.051438	0.00192146	
857	-171.02	0.0818079	0.0825906	0.0536083	0.00192146	
858	-171.62	0.0818079	0.0825906	0.0582121	0.00192146	
859	-171.92	0.0818079	0.0825906	0.0474919	0.00192146	
860	-171.92	0.0818079	0.0825906	0.0469658	0.00192146	
861	-172.72	0.0818079	0.0825906	0.0384818	0.00192146	
862	-172.72	0.0818079	0.0825906	0.0393367	0.00192146	
863	-175.32	0.0818079	0.0825906	0.0325627	0.00192146	
864	-178.22	0.0818079	0.0825906	0.0250651	0.00192146	
865	-178.32	0.0818079	0.0825906	0.0223687	0.00192146	
866	-178.52	0.0818079	0.0825906	0.0228948	0.00192146	
867	-178.52	0.0818079	0.0825906	0.0186199	0.00192146	
868	-178.82	0.0818079	0.0825906	0.0204285	0.00192146	
869	-178.72	0.0818079	0.0825906	0.0246376	0.00192146	
870	-178.92	0.0818079	0.0825906	0.0213493	0.00192146	
871	-179.32	0.0818079	0.0825906	0.0199353	0.00192146	
872	-179.72	0.0818079	0.0825906	0.0224015	0.00192146	
873	-179.52	0.0818079	0.0825906	0.0193433	0.00192146	
874	-179.72	0.0818079	0.0825906	0.0240786	0.00192146	
875	-180.12	0.0818079	0.0825906	0.0181266	0.00192146	
876	-180.32	0.0818079	0.0825906	0.0185212	0.00192146	
877	-180.42	0.0818079	0.0825906	0.0184226	0.00192146	
878	-180.62	0.0818079	0.0825906	0.0186857	0.00192146	
879	-180.62	0.0818079	0.0825906	0.0176005	0.00192146	
880	-181.02	0.0818079	0.0825906	0.0182911	0.00192146	
881	-181.12	0.0818079	0.0825906	0.0226317	0.00192146	
882	-181.32	0.0818079	0.0825906	0.018028	0.00192146	
883	-181.52	0.0818079	0.0825906	0.0189487	0.00192146	
884	-181.82	0.0818079	0.0825906	0.0167455	0.00192146	
885	-181.82	0.0818079	0.0825906	0.0175347	0.00192146	
886	-181.82	0.0818079	0.0825906	0.0125693	0.00192146	
887	-182.32	0.0818079	0.0825906	0.010958	0.00192146	
888	-182.62	0.0818079	0.0825906	0.0126679	0.00192146	
889	-182.82	0.0818079	0.0825906	0.0150027	0.00192146	
890	-183.02	0.0818079	0.0825906	0.0146081	0.00192146	
891	-183.82	0.0818079	0.0825906	0.0154959	0.00192146	
892	-183.72	0.0818079	0.0825906	0.0135558	0.00192146	
893	-184.02	0.0818079	0.0825906	0.0132927	0.00192146	
894	-184.32	0.0818079	0.0825906	0.0143779	0.00192146	
895	-184.42	0.0818079	0.0825906	0.0109908	0.00192146	
896	-184.82	0.0818079	0.0825906	0.0161865	0.00192146	
897	-184.92	0.0818079	0.0825906	0.0147725	0.00192146	
898	-185.22	0.0818079	0.0825906	0.0130625	0.00192146	
899	-185.72	0.0818079	0.0825906	0.0183568	0.00192146	
900	-185.52	0.0818079	0.0825906	0.00967548	0.00192146	
901	-185.82	0.0818079	0.0825906	0.0144765	0.00192146	
902	-186.52	0.0818079	0.0825906	0.0118129	0.00192146	
903	-186.82	0.0818079	0.0825906	0.00826147	0.00192146	
904	-187.02	0.0818079	0.0825906	0.0105633	0.00192146	
905	-187.22	0.0818079	0.0825906	0.00816282	0.00192146	
906	-187.32	0.0818079	0.0825906	0.00559788	0.00192146	
907	-187.62	0.0818079	0.0825906	0.00921511	0.00192146	
908	-187.82	0.0818079	0.0825906	0.00839301	0.00192146	
909	-188.32	0.0818079	0.0825906	0.00934664	0.00192146	
910	-188.62	0.0818079	0.0825906	0.0128981	0.00192146	
911	-189.02	0.0818079	0.0825906	0.0039208	0.00192146	
912	-189.42	0.0818079	0.0825906	0.00829436	0.00192146	
913	-189.72	0.0818079	0.0825906	0.00517039	0.00192146	
914	-189.92	0.0818079	0.0825906	0.0086232	0.00192146	
915	-190.32	0.0818079	0.0825906	0.00740649	0.00192146	
916	-190.52	0.0818079	0.0825906	0.00661728	0.00192146	
917	-190.82	0.0818079	0.0825906	0.0113526	0.00192146	
918	-191.42	0.0818079	0.0825906	0.00905069	0.00192146	
919	-191.22	0.0818079	0.0825906	0.0112539	0.00192146	
920	-191.62	0.0818079	0.0825906	0.0133256	0.00192146	
921	-192.12	0.0818079	0.0825906	0.0100701	0.00192146	
922	-192.52	0.0818079	0.0825906	0.0115827	0.00192146	
923	-192.82	0.0818079	0.0825906	0.0100043	0.00192146	
924	-192.92	0.0818079	0.0825906	0.00960971	0.00192146	
925	-193.42	0.0818079	0.0825906	0.00924799	0.00192146	
926	-193.72	0.0818079	0.0825906	0.00997144	0.00192146	
927	-193.92	0.0818079	0.0825906	0.00947818	0.00192146	
928	-194.22	0.0818079	0.0825906	0.0079984	0.00192146	
929	-194.52	0.0818079	0.0825906	0.00747226	0.00192146	
930	-195.22	0.0818079	0.0825906	0.0118129	0.00192146	
931	-195.22	0.0818079	0.0825906	0.00977413	0.00192146	
932	-195.72	0.0818079	0.0825906	0.0119445	0.00192146	
933	-196.12	0.0818079	0.0825906	0.0101359	0.00192146	
934	-196.22	0.0818079	0.0825906	0.0127994	0.00192146	
935	-196.22	0.0818079	0.0825906	0.0129639	0.00192146	
936	-196.82	0.0818079	0.0825906	0.0109251	0.00192146	
937	-197.12	0.0818079	0.0825906	0.00526904	0.00192146	
938	-197.22	0.0818079	0.0825906	0.00934664	0.00192146	
939	-197.72	0.0818079	0.0825906	0.00852454	0.00192146	
940	-197.82	0.0818079	0.0825906	0.00743938	0.00192146	
941	-198.52	0.0818079	0.0825906	0.0108922	0.00192146	
942	-198.52	0.0818079	0.0825906	0.00960971	0.00192146	
943	-199.02	0.0818079	0.0825906	0.00280275	0.00192146	
944	-199.22	0.0818079	0.0825906	0.0119445	0.00192146	
945	-199.62	0.0818079	0.0825906	0.0108593	0.00192146	
946	-199.92	0.0818079	0.0825906	0.00944529	0.00192146	
947	-200.12	0.0818079	0.0825906	0.0132927	0.00192146	
948	-200.52	0.0818079	0.0825906	0.00974125	0.00192146	
949	-200.62	0.0818079	0.0825906	0.0098399	0.00192146	
950	-201.32	0.0818079	0.0825906	0.0110566	0.00192146	
951	-201.62	0.0818079	0.0825906	0.0101359	0.00192146	
952	-202.02	0.0818079	0.0825906	0.0128652	0.00192146	
953	-202.42	0.0818079	0.0825906	0.00803129	0.00192146	
954	-202.52	0.0818079	0.0825906	0.00477578	0.00192146	
955	-203.02	0.0818079	0.0825906	0.0145423	0.00192146	
956	-203.12	0.0818079	0.0825906	0.0130954	0.00192146	
957	-209.22	0.0818079	0.0825906	0.0090178	0.00192146	
958	-209.12	0.0818079	0.0825906	0.00974125	0.00192146	
959	-209.52	0.0818079	0.0825906	0.00737361	0.00192146	
960	-209.82	0.0818079	0.0825906	0.0136544	0.00192146	
961	-209.92	0.0818079	0.0825906	0.0129968	0.00192146	
962	-210.12	0.0818079	0.0825906	0.0096426	0.00192146	
963	-210.22	0.0818079	0.0825906	0.0112539	0.00192146	
964	-210.42	0.0818079	0.0825906	0.0118458	0.00192146	
965	-210.52	0.0818079	0.0825906	0.00954395	0.00192146	
966	-210.92	0.0818079	0.0825906	0.0141148	0.00192146	
967	-211.12	0.0818079	0.0825906	0.018028	0.00192146	
968	-210.92	0.0818079	0.0825906	0.00845878	0.00192146	
969	-211.02	0.0818079	0.0825906	0.00937953	0.00192146	
970	-211.12	0.0818079	0.0825906	0.0141477	0.00192146	
971	-211.12	0.0818079	0.0825906	0.0112868	0.00192146	
972	-211.52	0.0818079	0.0825906	0.00563076	0.00192146	
973	-211.52	0.0818079	0.0825906	0.00957683	0.00192146	
974	-211.52	0.0818079	0.0825906	0.00944529	0.00192146	
975	-211.72	0.0818079	0.0825906	0.0103003	0.00192146	
976	-211.92	0.0818079	0.0825906	0.010366	0.00192146	
977	-212.12	0.0818079	0.0825906	0.00987278	0.00192146	
978	-212.22	0.0818079	0.0825906	0.00714342	0.00192146	
979	-212.32	0.0818079	0.0825906	0.011221	0.00192146	
980	-212.62	0.0818079	0.0825906	0.0112539	0.00192146	
981	-212.82	0.0818079	0.0825906	0.012372	0.00192146	
982	-213.02	0.0818079	0.0825906	0.00891915	0.00192146	
983	-213.32	0.0818079	0.0825906	0.00674882	0.00192146	
984	-213.42	0.0818079	0.0825906	0.010103	0.00192146	
985	-213.92	0.0818079	0.0825906	0.0113526	0.00192146	
986	-214.02	0.0818079	0.0825906	0.00993855	0.00192146	
987	-214.52	0.0818079	0.0825906	0.00993855	0.00192146	
988	-214.32	0.0818079	0.0825906	0.0136544	0.00192146	
989	-214.62	0.0818079	0.0825906	0.00776822	0.00192146	
990	-214.82	0.0818079	0.0825906	0.00819571	0.00192146	
991	-215.02	0.0818079	0.0825906	0.00332889	0.00192146	
992	-215.42	0.0818079	0.0825906	0.00924799	0.00192146	
993	-215.82	0.0818079	0.0825906	0.00819571	0.00192146	
994	-216.42	0.0818079	0.0825906	0.00651863	0.00192146	
995	-216.22	0.0818079	0.0825906	0.0132269	0.00192146	
996	-216.52	0.0818079	0.0825906	0.0126021	0.00192146	
997	-216.62	0.0818079	0.0825906	0.0138188	0.00192146	
998	-216.82	0.0818079	0.0825906	0.0147725	0.00192146	
999	-217.22	0.0818079	0.0825906	0.0136544	0.00192146	
1000	-217.52	0.0818079	0.0825906	0.0118129	0.00192146	
1001	-217.62	0.0818079	0.0825906	0.00997144	0.00192146	
1002	-217.72	0.0818079	0.0825906	0.0107278	0.00192146	
1003	-218.12	0.0818079	0.0825906	0.0104647	0.00192146	
1004	-218.42	0.0818079	0.0825906	0.00836013	0.00192146	
1005	-218.72	0.0818079	0.0825906	0.00859031	0.00192146	
1006	-219.22	0.0818079	0.0825906	0.0114183	0.00192146	
1007	-219.52	0.0818079	0.0825906	0.00931376	0.00192146	
1008	-219.72	0.0818079	0.0825906	0.0110237	0.00192146	
1009	-220.22	0.0818079	0.0825906	0.00563076	0.00192146	
1010	-220.32	0.0818079	0.0825906	0.0111224	0.00192146	
1011	-220.72	0.0818079	0.0825906	0.0113197	0.00192146	
1012	-221.02	0.0818079	0.0825906	0.00816282	0.00192146	
1013	-221.62	0.0818079	0.0825906	0.00836013	0.00192146	
1014	-222.12	0.0818079	0.0825906	0.0103989	0.00192146	
1015	-221.92	0.0818079	0.0825906	0.012076	0.00192146	
1016	-222.32	0.0818079	0.0825906	0.0116814	0.00192146	
1017	-222.92	0.0818079	0.0825906	0.0101359	0.00192146	
1018	-223.12	0.0818079	0.0825906	0.00951106	0.00192146	
1019	-224.12	0.0818079	0.0825906	0.0139175	0.00192146	
1020	-223.62	0.0818079	0.0825906	0.00865608	0.00192146	
