# Title: Dye Laser Frequency Scan, Depressed Limit
# Note:	Dye laser frequency scan to find the depressed ionization limit. Using AWG with a -9V pulse applied to bottom plate.
# Type:	Frequency
# Hittite Freq:	NaN
# Hittite: Power	NaN
# Laser Freq:	NaN
# Laser Mod:	NaN
# Laser Mod Attn:	NaN
# MW Attn:	MAX
# Delay:	1000 ns
# MW Off:	NaN
# Top w/o Static:	NaN
# Static:	NaN
# Static Off:	NaN
i	f	n	nb	s	sb
0	92.88	0.0762062	0.0655107	0.00365773	0.0029162	
1	92.78	0.0762062	0.0655107	0.00401945	0.0029162	
2	92.58	0.0762062	0.0655107	0.00451271	0.0029162	
3	92.68	0.0762062	0.0655107	0.0030987	0.0029162	
4	92.78	0.0762062	0.0655107	0.00102702	0.0029162	
5	92.58	0.0762062	0.0655107	0.00138874	0.0029162	
6	92.48	0.0762062	0.0655107	0.00296717	0.0029162	
7	92.38	0.0762062	0.0655107	-0.0023929	0.0029162	
8	92.28	0.0762062	0.0655107	-0.0011762	0.0029162	
9	92.08	0.0762062	0.0655107	0.00316447	0.0029162	
10	91.78	0.0762062	0.0655107	0.0039208	0.0029162	
11	91.88	0.0762062	0.0655107	0.00194777	0.0029162	
12	91.68	0.0762062	0.0655107	-0.00041987	0.0029162	
13	91.68	0.0762062	0.0655107	0.00283563	0.0029162	
14	91.38	0.0762062	0.0655107	0.00517039	0.0029162	
15	91.38	0.0762062	0.0655107	0.00300005	0.0029162	
16	91.08	0.0762062	0.0655107	0.000369343	0.0029162	
17	90.98	0.0762062	0.0655107	0.00605825	0.0029162	
18	90.98	0.0762062	0.0655107	0.00540058	0.0029162	
19	90.88	0.0762062	0.0655107	0.00286852	0.0029162	
20	90.78	0.0762062	0.0655107	0.00293429	0.0029162	
21	90.68	0.0762062	0.0655107	0.00178335	0.0029162	
22	90.38	0.0762062	0.0655107	0.0029014	0.0029162	
23	90.38	0.0762062	0.0655107	0.00326312	0.0029162	
24	90.38	0.0762062	0.0655107	0.000369343	0.0029162	
25	89.78	0.0762062	0.0655107	0.0029014	0.0029162	
26	89.68	0.0762062	0.0655107	0.00382215	0.0029162	
27	89.58	0.0762062	0.0655107	0.00431541	0.0029162	
28	89.48	0.0762062	0.0655107	0.00638709	0.0029162	
29	89.38	0.0762062	0.0655107	-0.000584289	0.0029162	
30	89.28	0.0762062	0.0655107	0.00303294	0.0029162	
31	89.08	0.0762062	0.0655107	0.00346043	0.0029162	
32	88.68	0.0762062	0.0655107	0.00286852	0.0029162	
33	88.48	0.0762062	0.0655107	0.00549923	0.0029162	
34	88.28	0.0762062	0.0655107	0.0030987	0.0029162	
35	87.98	0.0762062	0.0655107	0.00408522	0.0029162	
36	87.98	0.0762062	0.0655107	0.00283563	0.0029162	
37	87.38	0.0762062	0.0655107	0.00540058	0.0029162	
38	87.38	0.0762062	0.0655107	0.00609114	0.0029162	
39	86.98	0.0762062	0.0655107	0.00829436	0.0029162	
40	87.08	0.0762062	0.0655107	0.0045456	0.0029162	
41	86.78	0.0762062	0.0655107	0.0059596	0.0029162	
42	86.48	0.0762062	0.0655107	0.00714342	0.0029162	
43	86.28	0.0762062	0.0655107	0.00467713	0.0029162	
44	86.18	0.0762062	0.0655107	0.00507174	0.0029162	
45	85.98	0.0762062	0.0655107	0.006979	0.0029162	
46	85.78	0.0762062	0.0655107	0.00536769	0.0029162	
47	85.58	0.0762062	0.0655107	0.00707765	0.0029162	
48	85.18	0.0762062	0.0655107	0.00517039	0.0029162	
49	84.98	0.0762062	0.0655107	-0.00124197	0.0029162	
50	84.78	0.0762062	0.0655107	-0.00114332	0.0029162	
51	84.48	0.0762062	0.0655107	0.00444694	0.0029162	
52	84.38	0.0762062	0.0655107	0.00142163	0.0029162	
53	83.88	0.0762062	0.0655107	0.00500597	0.0029162	
54	83.68	0.0762062	0.0655107	0.0057623	0.0029162	
55	83.48	0.0762062	0.0655107	0.00829436	0.0029162	
56	83.38	0.0762062	0.0655107	0.00517039	0.0029162	
57	83.08	0.0762062	0.0655107	0.00924799	0.0029162	
58	82.58	0.0762062	0.0655107	0.00349331	0.0029162	
59	82.58	0.0762062	0.0655107	0.00533481	0.0029162	
60	82.28	0.0762062	0.0655107	0.00484155	0.0029162	
61	82.28	0.0762062	0.0655107	0.00586095	0.0029162	
62	81.58	0.0762062	0.0655107	-0.00291904	0.0029162	
63	81.18	0.0762062	0.0655107	-0.000617173	0.0029162	
64	80.78	0.0762062	0.0655107	0.00359196	0.0029162	
65	80.58	0.0762062	0.0655107	0.00451271	0.0029162	
66	80.58	0.0762062	0.0655107	0.00267121	0.0029162	
67	80.08	0.0762062	0.0655107	0.00382215	0.0029162	
68	79.78	0.0762062	0.0655107	0.00145451	0.0029162	
69	79.28	0.0762062	0.0655107	0.00681458	0.0029162	
70	79.28	0.0762062	0.0655107	0.00701189	0.0029162	
71	78.88	0.0762062	0.0655107	0.00836013	0.0029162	
72	78.28	0.0762062	0.0655107	0.00803129	0.0029162	
73	78.18	0.0762062	0.0655107	0.00507174	0.0029162	
74	77.88	0.0762062	0.0655107	0.00161893	0.0029162	
75	77.48	0.0762062	0.0655107	-0.00305058	0.0029162	
76	77.28	0.0762062	0.0655107	0.00102702	0.0029162	
77	76.98	0.0762062	0.0655107	0.000731066	0.0029162	
78	76.78	0.0762062	0.0655107	0.00158605	0.0029162	
79	76.18	0.0762062	0.0655107	-0.00406998	0.0029162	
80	75.78	0.0762062	0.0655107	-0.000452754	0.0029162	
81	75.78	0.0762062	0.0655107	-0.000781593	0.0029162	
82	75.28	0.0762062	0.0655107	0.000303575	0.0029162	
83	74.88	0.0762062	0.0655107	0.00490732	0.0029162	
84	74.78	0.0762062	0.0655107	0.00313159	0.0029162	
85	74.38	0.0762062	0.0655107	0.00484155	0.0029162	
86	74.08	0.0762062	0.0655107	0.00378927	0.0029162	
87	73.98	0.0762062	0.0655107	0.00829436	0.0029162	
88	73.28	0.0762062	0.0655107	0.00720919	0.0029162	
89	73.18	0.0762062	0.0655107	0.00665016	0.0029162	
90	72.38	0.0762062	0.0655107	0.00586095	0.0029162	
91	72.28	0.0762062	0.0655107	0.00559788	0.0029162	
92	71.78	0.0762062	0.0655107	0.00375638	0.0029162	
93	71.68	0.0762062	0.0655107	0.00214507	0.0029162	
94	71.28	0.0762062	0.0655107	0.00260545	0.0029162	
95	71.28	0.0762062	0.0655107	0.00411811	0.0029162	
96	70.78	0.0762062	0.0655107	0.00625556	0.0029162	
97	70.48	0.0762062	0.0655107	0.00559788	0.0029162	
98	69.98	0.0762062	0.0655107	0.00388792	0.0029162	
99	69.68	0.0762062	0.0655107	0.00263833	0.0029162	
100	69.48	0.0762062	0.0655107	0.00184912	0.0029162	
101	69.08	0.0762062	0.0655107	0.00102702	0.0029162	
102	68.78	0.0762062	0.0655107	0.00487443	0.0029162	
103	68.38	0.0762062	0.0655107	0.00405234	0.0029162	
104	68.38	0.0762062	0.0655107	0.00618979	0.0029162	
105	67.98	0.0762062	0.0655107	0.00316447	0.0029162	
106	67.78	0.0762062	0.0655107	0.0035262	0.0029162	
107	67.68	0.0762062	0.0655107	0.00303294	0.0029162	
108	67.18	0.0762062	0.0655107	0.00497309	0.0029162	
109	66.78	0.0762062	0.0655107	0.00868896	0.0029162	
110	66.48	0.0762062	0.0655107	0.00339466	0.0029162	
111	62.28	0.0762062	0.0655107	0.000994137	0.0029162	
112	62.08	0.0762062	0.0655107	0.00211219	0.0029162	
113	61.98	0.0762062	0.0655107	0.00165181	0.0029162	
114	61.78	0.0762062	0.0655107	0.00125721	0.0029162	
115	61.58	0.0762062	0.0655107	0.000665298	0.0029162	
116	61.38	0.0762062	0.0655107	0.00395369	0.0029162	
117	61.18	0.0762062	0.0655107	4.05043E-5	0.0029162	
118	61.08	0.0762062	0.0655107	0.00234238	0.0029162	
119	60.98	0.0762062	0.0655107	-0.000715825	0.0029162	
120	60.88	0.0762062	0.0655107	0.00217796	0.0029162	
121	60.78	0.0762062	0.0655107	0.00244103	0.0029162	
122	60.58	0.0762062	0.0655107	0.00424964	0.0029162	
123	60.28	0.0762062	0.0655107	0.00181623	0.0029162	
124	59.98	0.0762062	0.0655107	0.00171758	0.0029162	
125	59.98	0.0762062	0.0655107	0.00388792	0.0029162	
126	59.78	0.0762062	0.0655107	0.00237526	0.0029162	
127	59.48	0.0762062	0.0655107	0.00221084	0.0029162	
128	59.28	0.0762062	0.0655107	0.00152028	0.0029162	
129	59.18	0.0762062	0.0655107	-0.00084736	0.0029162	
130	58.88	0.0762062	0.0655107	0.00572942	0.0029162	
131	58.78	0.0762062	0.0655107	-0.000814477	0.0029162	
132	58.58	0.0762062	0.0655107	0.00184912	0.0029162	
133	58.48	0.0762062	0.0655107	0.00300005	0.0029162	
134	57.88	0.0762062	0.0655107	0.00517039	0.0029162	
135	57.88	0.0762062	0.0655107	0.00661728	0.0029162	
136	57.38	0.0762062	0.0655107	-0.000485638	0.0029162	
137	56.98	0.0762062	0.0655107	0.000270691	0.0029162	
138	56.98	0.0762062	0.0655107	0.00569653	0.0029162	
139	56.58	0.0762062	0.0655107	0.00257256	0.0029162	
140	56.68	0.0762062	0.0655107	0.00313159	0.0029162	
141	56.28	0.0762062	0.0655107	0.0010599	0.0029162	
142	56.28	0.0762062	0.0655107	0.001882	0.0029162	
143	55.78	0.0762062	0.0655107	0.00694612	0.0029162	
144	55.68	0.0762062	0.0655107	0.00625556	0.0029162	
145	55.48	0.0762062	0.0655107	0.00457848	0.0029162	
146	55.28	0.0762062	0.0655107	0.0065844	0.0029162	
147	55.08	0.0762062	0.0655107	0.00175047	0.0029162	
148	54.88	0.0762062	0.0655107	-5.81473E-5	0.0029162	
149	54.48	0.0762062	0.0655107	0.00122432	0.0029162	
150	54.18	0.0762062	0.0655107	0.00260545	0.0029162	
151	53.98	0.0762062	0.0655107	0.00339466	0.0029162	
152	53.68	0.0762062	0.0655107	0.00175047	0.0029162	
153	53.48	0.0762062	0.0655107	0.00224372	0.0029162	
154	53.18	0.0762062	0.0655107	0.00178335	0.0029162	
155	52.88	0.0762062	0.0655107	-0.000551405	0.0029162	
156	52.58	0.0762062	0.0655107	0.0025068	0.0029162	
157	52.38	0.0762062	0.0655107	0.00418387	0.0029162	
158	51.98	0.0762062	0.0655107	0.000435111	0.0029162	
159	51.88	0.0762062	0.0655107	0.00339466	0.0029162	
160	51.58	0.0762062	0.0655107	0.00316447	0.0029162	
161	51.08	0.0762062	0.0655107	-0.000156799	0.0029162	
162	50.78	0.0762062	0.0655107	0.00424964	0.0029162	
163	50.48	0.0762062	0.0655107	0.00648574	0.0029162	
164	50.18	0.0762062	0.0655107	0.00148739	0.0029162	
165	49.78	0.0762062	0.0655107	0.00165181	0.0029162	
166	49.68	0.0762062	0.0655107	0.000500879	0.0029162	
167	49.48	0.0762062	0.0655107	-0.00489208	0.0029162	
168	49.08	0.0762062	0.0655107	-0.000946012	0.0029162	
169	48.68	0.0762062	0.0655107	7.62044E-6	0.0029162	
170	48.58	0.0762062	0.0655107	0.00421676	0.0029162	
171	48.18	0.0762062	0.0655107	-0.0021956	0.0029162	
172	47.88	0.0762062	0.0655107	0.00362485	0.0029162	
173	47.38	0.0762062	0.0655107	0.000467995	0.0029162	
174	47.18	0.0762062	0.0655107	0.00691323	0.0029162	
175	46.68	0.0762062	0.0655107	0.00431541	0.0029162	
176	46.48	0.0762062	0.0655107	0.00428252	0.0029162	
177	46.18	0.0762062	0.0655107	-0.000321218	0.0029162	
178	45.78	0.0762062	0.0655107	0.00447983	0.0029162	
179	45.08	0.0762062	0.0655107	0.00286852	0.0029162	
180	44.68	0.0762062	0.0655107	-0.000946012	0.0029162	
181	44.48	0.0762062	0.0655107	0.000566646	0.0029162	
182	44.28	0.0762062	0.0655107	-0.000748709	0.0029162	
183	44.08	0.0762062	0.0655107	0.00112567	0.0029162	
184	43.88	0.0762062	0.0655107	0.00316447	0.0029162	
185	43.58	0.0762062	0.0655107	0.00224372	0.0029162	
186	43.28	0.0762062	0.0655107	0.000467995	0.0029162	
187	43.08	0.0762062	0.0655107	0.00487443	0.0029162	
188	42.98	0.0762062	0.0655107	0.00076395	0.0029162	
189	42.18	0.0762062	0.0655107	-0.000222567	0.0029162	
190	42.08	0.0762062	0.0655107	-0.000222567	0.0029162	
191	41.48	0.0762062	0.0655107	7.33882E-5	0.0029162	
192	41.08	0.0762062	0.0655107	0.00323024	0.0029162	
193	40.78	0.0762062	0.0655107	0.00507174	0.0029162	
194	40.48	0.0762062	0.0655107	0.0027041	0.0029162	
195	40.38	0.0762062	0.0655107	0.00253968	0.0029162	
196	40.08	0.0762062	0.0655107	0.00369061	0.0029162	
197	39.58	0.0762062	0.0655107	0.0035262	0.0029162	
198	39.18	0.0762062	0.0655107	0.00125721	0.0029162	
199	38.88	0.0762062	0.0655107	-0.00298481	0.0029162	
200	38.78	0.0762062	0.0655107	0.00503885	0.0029162	
201	38.18	0.0762062	0.0655107	0.000500879	0.0029162	
202	38.18	0.0762062	0.0655107	0.0029014	0.0029162	
203	37.58	0.0762062	0.0655107	0.00293429	0.0029162	
204	37.38	0.0762062	0.0655107	0.00526904	0.0029162	
205	36.88	0.0762062	0.0655107	-0.000156799	0.0029162	
206	36.68	0.0762062	0.0655107	0.00395369	0.0029162	
207	36.58	0.0762062	0.0655107	-0.00120908	0.0029162	
208	35.88	0.0762062	0.0655107	0.00566365	0.0029162	
209	35.58	0.0762062	0.0655107	0.00382215	0.0029162	
210	35.18	0.0762062	0.0655107	7.62044E-6	0.0029162	
211	34.88	0.0762062	0.0655107	0.0020793	0.0029162	
212	34.48	0.0762062	0.0655107	0.00319736	0.0029162	
213	34.18	0.0762062	0.0655107	0.000698182	0.0029162	
214	34.08	0.0762062	0.0655107	0.0025068	0.0029162	
215	33.78	0.0762062	0.0655107	0.00171758	0.0029162	
216	33.38	0.0762062	0.0655107	0.000139156	0.0029162	
217	32.98	0.0762062	0.0655107	0.00536769	0.0029162	
218	32.58	0.0762062	0.0655107	0.00411811	0.0029162	
219	32.18	0.0762062	0.0655107	-0.000584289	0.0029162	
220	31.88	0.0762062	0.0655107	-0.00084736	0.0029162	
221	31.68	0.0762062	0.0655107	0.0029014	0.0029162	
222	31.28	0.0762062	0.0655107	0.00655151	0.0029162	
223	31.08	0.0762062	0.0655107	-0.000715825	0.0029162	
224	30.28	0.0762062	0.0655107	0.00253968	0.0029162	
225	30.48	0.0762062	0.0655107	0.00214507	0.0029162	
226	30.08	0.0762062	0.0655107	0.00204642	0.0029162	
227	29.58	0.0762062	0.0655107	0.00355908	0.0029162	
228	29.38	0.0762062	0.0655107	0.00487443	0.0029162	
229	29.38	0.0762062	0.0655107	0.00237526	0.0029162	
230	28.98	0.0762062	0.0655107	0.0010599	0.0029162	
231	28.68	0.0762062	0.0655107	0.00369061	0.0029162	
232	28.48	0.0762062	0.0655107	0.00451271	0.0029162	
233	28.08	0.0762062	0.0655107	0.00194777	0.0029162	
234	27.88	0.0762062	0.0655107	0.00138874	0.0029162	
235	27.58	0.0762062	0.0655107	0.00668305	0.0029162	
236	27.38	0.0762062	0.0655107	0.000500879	0.0029162	
237	26.78	0.0762062	0.0655107	0.00158605	0.0029162	
238	26.48	0.0762062	0.0655107	0.0039208	0.0029162	
239	26.48	0.0762062	0.0655107	0.00569653	0.0029162	
240	25.98	0.0762062	0.0655107	0.00385503	0.0029162	
241	25.68	0.0762062	0.0655107	0.005565	0.0029162	
242	25.48	0.0762062	0.0655107	0.00198065	0.0029162	
243	25.18	0.0762062	0.0655107	0.00497309	0.0029162	
244	24.88	0.0762062	0.0655107	0.00451271	0.0029162	
245	24.68	0.0762062	0.0655107	0.00194777	0.0029162	
246	24.68	0.0762062	0.0655107	0.00523616	0.0029162	
247	24.08	0.0762062	0.0655107	0.0086232	0.0029162	
248	23.68	0.0762062	0.0655107	0.00428252	0.0029162	
249	23.18	0.0762062	0.0655107	0.00530192	0.0029162	
250	19.88	0.0762062	0.0655107	0.00165181	0.0029162	
251	19.78	0.0762062	0.0655107	0.00244103	0.0029162	
252	19.68	0.0762062	0.0655107	0.00753803	0.0029162	
253	19.48	0.0762062	0.0655107	0.00665016	0.0029162	
254	19.48	0.0762062	0.0655107	0.0045456	0.0029162	
255	19.28	0.0762062	0.0655107	0.00224372	0.0029162	
256	19.28	0.0762062	0.0655107	0.00582807	0.0029162	
257	19.18	0.0762062	0.0655107	0.00717631	0.0029162	
258	18.98	0.0762062	0.0655107	0.00401945	0.0029162	
259	18.78	0.0762062	0.0655107	-0.00400421	0.0029162	
260	18.48	0.0762062	0.0655107	0.00401945	0.0029162	
261	18.28	0.0762062	0.0655107	0.00415099	0.0029162	
262	18.28	0.0762062	0.0655107	0.00549923	0.0029162	
263	18.28	0.0762062	0.0655107	0.00280275	0.0029162	
264	17.88	0.0762062	0.0655107	0.00589383	0.0029162	
265	17.78	0.0762062	0.0655107	0.00395369	0.0029162	
266	17.38	0.0762062	0.0655107	0.00806417	0.0029162	
267	17.08	0.0762062	0.0655107	0.00217796	0.0029162	
268	16.88	0.0762062	0.0655107	0.00645286	0.0029162	
269	16.68	0.0762062	0.0655107	0.00553211	0.0029162	
270	16.58	0.0762062	0.0655107	0.00536769	0.0029162	
271	16.38	0.0762062	0.0655107	0.00849166	0.0029162	
272	16.18	0.0762062	0.0655107	0.00734073	0.0029162	
273	15.98	0.0762062	0.0655107	0.00908357	0.0029162	
274	15.68	0.0762062	0.0655107	0.00704477	0.0029162	
275	15.58	0.0762062	0.0655107	0.00329601	0.0029162	
276	15.28	0.0762062	0.0655107	0.00812994	0.0029162	
277	14.98	0.0762062	0.0655107	0.00484155	0.0029162	
278	14.68	0.0762062	0.0655107	0.00796552	0.0029162	
279	14.58	0.0762062	0.0655107	0.00632133	0.0029162	
280	13.98	0.0762062	0.0655107	0.00572942	0.0029162	
281	13.68	0.0762062	0.0655107	0.00579518	0.0029162	
282	13.38	0.0762062	0.0655107	0.00641998	0.0029162	
283	13.08	0.0762062	0.0655107	0.00569653	0.0029162	
284	12.98	0.0762062	0.0655107	0.00622267	0.0029162	
285	12.58	0.0762062	0.0655107	0.00339466	0.0029162	
286	12.38	0.0762062	0.0655107	0.006979	0.0029162	
287	11.98	0.0762062	0.0655107	0.0045456	0.0029162	
288	11.68	0.0762062	0.0655107	0.00447983	0.0029162	
289	11.38	0.0762062	0.0655107	0.00484155	0.0029162	
290	10.98	0.0762062	0.0655107	0.0104976	0.0029162	
291	10.58	0.0762062	0.0655107	0.0035262	0.0029162	
292	10.48	0.0762062	0.0655107	0.00960971	0.0029162	
293	10.08	0.0762062	0.0655107	0.00714342	0.0029162	
294	9.88	0.0762062	0.0655107	0.0039208	0.0029162	
295	9.48	0.0762062	0.0655107	0.00714342	0.0029162	
296	9.08	0.0762062	0.0655107	0.00727496	0.0029162	
297	8.98	0.0762062	0.0655107	0.00684747	0.0029162	
298	8.58	0.0762062	0.0655107	0.00418387	0.0029162	
299	8.08	0.0762062	0.0655107	0.00704477	0.0029162	
300	7.78	0.0762062	0.0655107	0.010366	0.0029162	
301	7.48	0.0762062	0.0655107	0.00635421	0.0029162	
302	7.28	0.0762062	0.0655107	0.00997144	0.0029162	
303	6.78	0.0762062	0.0655107	0.00980702	0.0029162	
304	6.58	0.0762062	0.0655107	0.00737361	0.0029162	
305	6.38	0.0762062	0.0655107	0.00928087	0.0029162	
306	5.98	0.0762062	0.0655107	0.00484155	0.0029162	
307	5.68	0.0762062	0.0655107	0.00839301	0.0029162	
308	4.98	0.0762062	0.0655107	0.0117143	0.0029162	
309	4.48	0.0762062	0.0655107	0.00740649	0.0029162	
310	4.28	0.0762062	0.0655107	0.00803129	0.0029162	
311	3.88	0.0762062	0.0655107	0.0124377	0.0029162	
312	3.58	0.0762062	0.0655107	0.0116814	0.0029162	
313	3.38	0.0762062	0.0655107	0.013786	0.0029162	
314	2.88	0.0762062	0.0655107	0.00724207	0.0029162	
315	2.68	0.0762062	0.0655107	0.012635	0.0029162	
316	2.28	0.0762062	0.0655107	0.0078011	0.0029162	
317	1.78	0.0762062	0.0655107	0.01178	0.0029162	
318	1.58	0.0762062	0.0655107	0.01178	0.0029162	
319	1.18	0.0762062	0.0655107	0.0170086	0.0029162	
320	0.78	0.0762062	0.0655107	0.0139833	0.0029162	
321	0.58	0.0762062	0.0655107	0.0178636	0.0029162	
322	0.08	0.0762062	0.0655107	0.0166469	0.0029162	
323	-0.42	0.0762062	0.0655107	0.0121418	0.0029162	
324	-0.92	0.0762062	0.0655107	0.0176663	0.0029162	
325	-1.12	0.0762062	0.0655107	0.0177649	0.0029162	
326	-1.52	0.0762062	0.0655107	0.017732	0.0029162	
327	-1.92	0.0762062	0.0655107	0.0202312	0.0029162	
328	-2.32	0.0762062	0.0655107	0.0198695	0.0029162	
329	-2.42	0.0762062	0.0655107	0.0261832	0.0029162	
330	-2.82	0.0762062	0.0655107	0.0262818	0.0029162	
331	-3.32	0.0762062	0.0655107	0.025394	0.0029162	
332	-3.42	0.0762062	0.0655107	0.0279918	0.0029162	
333	-4.02	0.0762062	0.0655107	0.0324969	0.0029162	
334	-4.42	0.0762062	0.0655107	0.0327271	0.0029162	
335	-4.62	0.0762062	0.0655107	0.0309842	0.0029162	
336	-5.02	0.0762062	0.0655107	0.0428882	0.0029162	
337	-5.32	0.0762062	0.0655107	0.031905	0.0029162	
338	-5.92	0.0762062	0.0655107	0.0410796	0.0029162	
339	-5.82	0.0762062	0.0655107	0.0422963	0.0029162	
340	-6.32	0.0762062	0.0655107	0.0402904	0.0029162	
341	-6.82	0.0762062	0.0655107	0.0453545	0.0029162	
342	-7.02	0.0762062	0.0655107	0.0424278	0.0029162	
343	-7.32	0.0762062	0.0655107	0.0504844	0.0029162	
344	-7.82	0.0762062	0.0655107	0.0470973	0.0029162	
345	-7.92	0.0762062	0.0655107	0.0492677	0.0029162	
346	-8.12	0.0762062	0.0655107	0.0459793	0.0029162	
347	-8.52	0.0762062	0.0655107	0.0569625	0.0029162	
348	-8.42	0.0762062	0.0655107	0.0580148	0.0029162	
349	-9.12	0.0762062	0.0655107	0.049728	0.0029162	
350	-9.32	0.0762062	0.0655107	0.050879	0.0029162	
351	-9.82	0.0762062	0.0655107	0.0569625	0.0029162	
352	-10.12	0.0762062	0.0655107	0.0558116	0.0029162	
353	-10.52	0.0762062	0.0655107	0.0592973	0.0029162	
354	-11.12	0.0762062	0.0655107	0.0670907	0.0029162	
355	-11.22	0.0762062	0.0655107	0.0623883	0.0029162	
356	-11.52	0.0762062	0.0655107	0.0668277	0.0029162	
357	-11.72	0.0762062	0.0655107	0.0591986	0.0029162	
358	-12.12	0.0762062	0.0655107	0.0628816	0.0029162	
359	-12.32	0.0762062	0.0655107	0.0647889	0.0029162	
360	-12.92	0.0762062	0.0655107	0.0631118	0.0029162	
361	-13.22	0.0762062	0.0655107	0.0683074	0.0029162	
362	-13.32	0.0762062	0.0655107	0.0658412	0.0029162	
363	-14.12	0.0762062	0.0655107	0.0742923	0.0029162	
364	-14.52	0.0762062	0.0655107	0.0754104	0.0029162	
365	-14.82	0.0762062	0.0655107	0.0664988	0.0029162	
366	-15.02	0.0762062	0.0655107	0.0716287	0.0029162	
367	-15.12	0.0762062	0.0655107	0.077482	0.0029162	
368	-15.52	0.0762062	0.0655107	0.0768901	0.0029162	
369	-15.72	0.0762062	0.0655107	0.0770217	0.0029162	
370	-16.42	0.0762062	0.0655107	0.0806389	0.0029162	
371	-16.72	0.0762062	0.0655107	0.0806389	0.0029162	
372	-17.12	0.0762062	0.0655107	0.0752459	0.0029162	
373	-17.22	0.0762062	0.0655107	0.0705435	0.0029162	
374	-17.72	0.0762062	0.0655107	0.0827435	0.0029162	
375	-17.92	0.0762062	0.0655107	0.0848152	0.0029162	
376	-18.32	0.0762062	0.0655107	0.0782384	0.0029162	
377	-18.62	0.0762062	0.0655107	0.0723193	0.0029162	
378	-19.12	0.0762062	0.0655107	0.0853084	0.0029162	
379	-19.62	0.0762062	0.0655107	0.0775807	0.0029162	
380	-20.02	0.0762062	0.0655107	0.0849138	0.0029162	
381	-20.22	0.0762062	0.0655107	0.0840588	0.0029162	
382	-20.72	0.0762062	0.0655107	0.0747198	0.0029162	
383	-20.82	0.0762062	0.0655107	0.0920167	0.0029162	
384	-21.32	0.0762062	0.0655107	0.0822173	0.0029162	
385	-21.62	0.0762062	0.0655107	0.0861305	0.0029162	
386	-22.22	0.0762062	0.0655107	0.086854	0.0029162	
387	-22.52	0.0762062	0.0655107	0.0866238	0.0029162	
388	-22.52	0.0762062	0.0655107	0.0798168	0.0029162	
389	-23.12	0.0762062	0.0655107	0.0878076	0.0029162	
390	-23.42	0.0762062	0.0655107	0.0865251	0.0029162	
391	-23.72	0.0762062	0.0655107	0.0950092	0.0029162	
392	-24.12	0.0762062	0.0655107	0.0925429	0.0029162	
393	-24.42	0.0762062	0.0655107	0.0938253	0.0029162	
394	-24.82	0.0762062	0.0655107	0.0968835	0.0029162	
395	-25.42	0.0762062	0.0655107	0.0956668	0.0029162	
396	-25.82	0.0762062	0.0655107	0.0932005	0.0029162	
397	-26.02	0.0762062	0.0655107	0.107604	0.0029162	
398	-26.42	0.0762062	0.0655107	0.0927073	0.0029162	
399	-26.42	0.0762062	0.0655107	0.102013	0.0029162	
400	-26.82	0.0762062	0.0655107	0.108788	0.0029162	
401	-27.12	0.0762062	0.0655107	0.106814	0.0029162	
402	-27.72	0.0762062	0.0655107	0.1103	0.0029162	
403	-28.22	0.0762062	0.0655107	0.113227	0.0029162	
404	-28.42	0.0762062	0.0655107	0.120626	0.0029162	
405	-28.82	0.0762062	0.0655107	0.112405	0.0029162	
406	-28.82	0.0762062	0.0655107	0.125591	0.0029162	
407	-29.32	0.0762062	0.0655107	0.124868	0.0029162	
408	-29.52	0.0762062	0.0655107	0.124506	0.0029162	
409	-29.92	0.0762062	0.0655107	0.124835	0.0029162	
410	-30.12	0.0762062	0.0655107	0.129208	0.0029162	
411	-30.82	0.0762062	0.0655107	0.13128	0.0029162	
412	-31.02	0.0762062	0.0655107	0.127498	0.0029162	
413	-31.52	0.0762062	0.0655107	0.128617	0.0029162	
414	-31.82	0.0762062	0.0655107	0.132004	0.0029162	
415	-32.02	0.0762062	0.0655107	0.14371	0.0029162	
416	-32.52	0.0762062	0.0655107	0.142362	0.0029162	
417	-32.82	0.0762062	0.0655107	0.142395	0.0029162	
418	-32.92	0.0762062	0.0655107	0.144269	0.0029162	
419	-33.52	0.0762062	0.0655107	0.140948	0.0029162	
420	-33.72	0.0762062	0.0655107	0.142658	0.0029162	
421	-34.52	0.0762062	0.0655107	0.145223	0.0029162	
422	-34.72	0.0762062	0.0655107	0.142329	0.0029162	
423	-34.92	0.0762062	0.0655107	0.145322	0.0029162	
424	-35.12	0.0762062	0.0655107	0.153082	0.0029162	
425	-35.72	0.0762062	0.0655107	0.145946	0.0029162	
426	-35.82	0.0762062	0.0655107	0.155417	0.0029162	
427	-35.92	0.0762062	0.0655107	0.150024	0.0029162	
428	-36.32	0.0762062	0.0655107	0.154134	0.0029162	
429	-36.62	0.0762062	0.0655107	0.161468	0.0029162	
430	-37.22	0.0762062	0.0655107	0.154496	0.0029162	
431	-36.82	0.0762062	0.0655107	0.158738	0.0029162	
432	-37.52	0.0762062	0.0655107	0.153411	0.0029162	
433	-37.82	0.0762062	0.0655107	0.150879	0.0029162	
434	-38.22	0.0762062	0.0655107	0.151537	0.0029162	
435	-38.52	0.0762062	0.0655107	0.156995	0.0029162	
436	-38.82	0.0762062	0.0655107	0.160876	0.0029162	
437	-39.02	0.0762062	0.0655107	0.165118	0.0029162	
438	-39.22	0.0762062	0.0655107	0.164822	0.0029162	
439	-39.52	0.0762062	0.0655107	0.159067	0.0029162	
440	-39.92	0.0762062	0.0655107	0.156239	0.0029162	
441	-40.42	0.0762062	0.0655107	0.158508	0.0029162	
442	-40.52	0.0762062	0.0655107	0.154825	0.0029162	
443	-41.02	0.0762062	0.0655107	0.167124	0.0029162	
444	-41.12	0.0762062	0.0655107	0.155351	0.0029162	
445	-41.52	0.0762062	0.0655107	0.163276	0.0029162	
446	-41.92	0.0762062	0.0655107	0.155285	0.0029162	
447	-42.12	0.0762062	0.0655107	0.168505	0.0029162	
448	-42.22	0.0762062	0.0655107	0.171727	0.0029162	
449	-42.72	0.0762062	0.0655107	0.172221	0.0029162	
450	-42.72	0.0762062	0.0655107	0.165611	0.0029162	
451	-43.12	0.0762062	0.0655107	0.17301	0.0029162	
452	-43.82	0.0762062	0.0655107	0.174325	0.0029162	
453	-44.02	0.0762062	0.0655107	0.169393	0.0029162	
454	-44.42	0.0762062	0.0655107	0.178501	0.0029162	
455	-44.72	0.0762062	0.0655107	0.180672	0.0029162	
456	-44.72	0.0762062	0.0655107	0.17324	0.0029162	
457	-45.02	0.0762062	0.0655107	0.173963	0.0029162	
458	-45.42	0.0762062	0.0655107	0.176035	0.0029162	
459	-45.82	0.0762062	0.0655107	0.174753	0.0029162	
460	-46.22	0.0762062	0.0655107	0.171497	0.0029162	
461	-46.22	0.0762062	0.0655107	0.178403	0.0029162	
462	-46.72	0.0762062	0.0655107	0.178567	0.0029162	
463	-47.02	0.0762062	0.0655107	0.165644	0.0029162	
464	-47.22	0.0762062	0.0655107	0.172812	0.0029162	
465	-47.62	0.0762062	0.0655107	0.172911	0.0029162	
466	-47.82	0.0762062	0.0655107	0.179356	0.0029162	
467	-48.32	0.0762062	0.0655107	0.167091	0.0029162	
468	-49.02	0.0762062	0.0655107	0.175608	0.0029162	
469	-49.02	0.0762062	0.0655107	0.170741	0.0029162	
470	-49.22	0.0762062	0.0655107	0.162849	0.0029162	
471	-49.92	0.0762062	0.0655107	0.16081	0.0029162	
472	-50.12	0.0762062	0.0655107	0.159495	0.0029162	
473	-50.52	0.0762062	0.0655107	0.164032	0.0029162	
474	-50.42	0.0762062	0.0655107	0.164986	0.0029162	
475	-50.92	0.0762062	0.0655107	0.171103	0.0029162	
476	-51.22	0.0762062	0.0655107	0.172517	0.0029162	
477	-51.62	0.0762062	0.0655107	0.179751	0.0029162	
478	-51.82	0.0762062	0.0655107	0.167189	0.0029162	
479	-52.32	0.0762062	0.0655107	0.169129	0.0029162	
480	-52.62	0.0762062	0.0655107	0.183829	0.0029162	
481	-52.82	0.0762062	0.0655107	0.18031	0.0029162	
482	-53.22	0.0762062	0.0655107	0.172122	0.0029162	
483	-53.42	0.0762062	0.0655107	0.172549	0.0029162	
484	-53.82	0.0762062	0.0655107	0.178962	0.0029162	
485	-54.32	0.0762062	0.0655107	0.19399	0.0029162	
486	-54.42	0.0762062	0.0655107	0.178863	0.0029162	
487	-54.82	0.0762062	0.0655107	0.183598	0.0029162	
488	-58.02	0.0762062	0.0655107	0.182447	0.0029162	
489	-58.12	0.0762062	0.0655107	0.184486	0.0029162	
490	-58.52	0.0762062	0.0655107	0.178337	0.0029162	
491	-58.52	0.0762062	0.0655107	0.169787	0.0029162	
492	-58.92	0.0762062	0.0655107	0.172122	0.0029162	
493	-59.12	0.0762062	0.0655107	0.166597	0.0029162	
494	-59.32	0.0762062	0.0655107	0.166565	0.0029162	
495	-59.42	0.0762062	0.0655107	0.172812	0.0029162	
496	-59.72	0.0762062	0.0655107	0.177219	0.0029162	
497	-59.92	0.0762062	0.0655107	0.167189	0.0029162	
498	-60.12	0.0762062	0.0655107	0.161862	0.0029162	
499	-60.42	0.0762062	0.0655107	0.169294	0.0029162	
500	-60.82	0.0762062	0.0655107	0.172812	0.0029162	
501	-61.12	0.0762062	0.0655107	0.166137	0.0029162	
502	-61.32	0.0762062	0.0655107	0.164887	0.0029162	
503	-61.62	0.0762062	0.0655107	0.168439	0.0029162	
504	-62.12	0.0762062	0.0655107	0.167748	0.0029162	
505	-62.22	0.0762062	0.0655107	0.173996	0.0029162	
506	-62.52	0.0762062	0.0655107	0.176495	0.0029162	
507	-62.82	0.0762062	0.0655107	0.18156	0.0029162	
508	-62.92	0.0762062	0.0655107	0.17643	0.0029162	
509	-63.22	0.0762062	0.0655107	0.176298	0.0029162	
510	-63.52	0.0762062	0.0655107	0.174194	0.0029162	
511	-63.52	0.0762062	0.0655107	0.166433	0.0029162	
512	-64.02	0.0762062	0.0655107	0.18396	0.0029162	
513	-64.22	0.0762062	0.0655107	0.173404	0.0029162	
514	-64.72	0.0762062	0.0655107	0.176857	0.0029162	
515	-64.92	0.0762062	0.0655107	0.184815	0.0029162	
516	-65.32	0.0762062	0.0655107	0.168932	0.0029162	
517	-65.62	0.0762062	0.0655107	0.177614	0.0029162	
518	-65.92	0.0762062	0.0655107	0.184947	0.0029162	
519	-66.22	0.0762062	0.0655107	0.175936	0.0029162	
520	-66.52	0.0762062	0.0655107	0.180573	0.0029162	
521	-66.92	0.0762062	0.0655107	0.163375	0.0029162	
522	-67.32	0.0762062	0.0655107	0.170872	0.0029162	
523	-67.42	0.0762062	0.0655107	0.161599	0.0029162	
524	-67.92	0.0762062	0.0655107	0.167255	0.0029162	
525	-68.42	0.0762062	0.0655107	0.172023	0.0029162	
526	-68.62	0.0762062	0.0655107	0.172385	0.0029162	
527	-69.22	0.0762062	0.0655107	0.17449	0.0029162	
528	-69.32	0.0762062	0.0655107	0.178567	0.0029162	
529	-69.72	0.0762062	0.0655107	0.16298	0.0029162	
530	-70.02	0.0762062	0.0655107	0.173799	0.0029162	
531	-70.52	0.0762062	0.0655107	0.16936	0.0029162	
532	-70.72	0.0762062	0.0655107	0.17643	0.0029162	
533	-71.02	0.0762062	0.0655107	0.175246	0.0029162	
534	-71.42	0.0762062	0.0655107	0.176627	0.0029162	
535	-71.82	0.0762062	0.0655107	0.175969	0.0029162	
536	-72.22	0.0762062	0.0655107	0.177219	0.0029162	
537	-72.32	0.0762062	0.0655107	0.18327	0.0029162	
538	-72.62	0.0762062	0.0655107	0.181362	0.0029162	
539	-72.82	0.0762062	0.0655107	0.178173	0.0029162	
540	-73.22	0.0762062	0.0655107	0.188202	0.0029162	
541	-73.72	0.0762062	0.0655107	0.187808	0.0029162	
542	-74.02	0.0762062	0.0655107	0.180573	0.0029162	
543	-74.62	0.0762062	0.0655107	0.176956	0.0029162	
544	-74.62	0.0762062	0.0655107	0.181954	0.0029162	
545	-75.12	0.0762062	0.0655107	0.176331	0.0029162	
546	-75.22	0.0762062	0.0655107	0.175345	0.0029162	
547	-75.52	0.0762062	0.0655107	0.170807	0.0029162	
548	-75.82	0.0762062	0.0655107	0.1664	0.0029162	
549	-76.32	0.0762062	0.0655107	0.186854	0.0029162	
550	-76.62	0.0762062	0.0655107	0.175246	0.0029162	
551	-76.92	0.0762062	0.0655107	0.17176	0.0029162	
552	-77.32	0.0762062	0.0655107	0.169031	0.0029162	
553	-77.52	0.0762062	0.0655107	0.172549	0.0029162	
554	-77.92	0.0762062	0.0655107	0.161533	0.0029162	
555	-78.32	0.0762062	0.0655107	0.176002	0.0029162	
556	-78.52	0.0762062	0.0655107	0.170576	0.0029162	
557	-78.52	0.0762062	0.0655107	0.176068	0.0029162	
558	-78.92	0.0762062	0.0655107	0.174818	0.0029162	
559	-79.52	0.0762062	0.0655107	0.177383	0.0029162	
560	-79.92	0.0762062	0.0655107	0.170412	0.0029162	
561	-80.12	0.0762062	0.0655107	0.19833	0.0029162	
562	-80.62	0.0762062	0.0655107	0.18327	0.0029162	
563	-80.72	0.0762062	0.0655107	0.179784	0.0029162	
564	-81.02	0.0762062	0.0655107	0.190537	0.0029162	
565	-81.32	0.0762062	0.0655107	0.172352	0.0029162	
566	-81.62	0.0762062	0.0655107	0.170346	0.0029162	
567	-82.12	0.0762062	0.0655107	0.181757	0.0029162	
568	-82.22	0.0762062	0.0655107	0.175575	0.0029162	
569	-82.42	0.0762062	0.0655107	0.181362	0.0029162	
570	-83.02	0.0762062	0.0655107	0.190997	0.0029162	
571	-83.52	0.0762062	0.0655107	0.179093	0.0029162	
572	-83.62	0.0762062	0.0655107	0.18886	0.0029162	
573	-83.92	0.0762062	0.0655107	0.178863	0.0029162	
574	-84.22	0.0762062	0.0655107	0.179587	0.0029162	
575	-84.62	0.0762062	0.0655107	0.185144	0.0029162	
576	-84.82	0.0762062	0.0655107	0.181888	0.0029162	
577	-85.12	0.0762062	0.0655107	0.177712	0.0029162	
578	-85.62	0.0762062	0.0655107	0.175608	0.0029162	
579	-86.02	0.0762062	0.0655107	0.173339	0.0029162	
580	-86.32	0.0762062	0.0655107	0.18225	0.0029162	
581	-86.82	0.0762062	0.0655107	0.182743	0.0029162	
582	-86.82	0.0762062	0.0655107	0.175345	0.0029162	
583	-87.42	0.0762062	0.0655107	0.174424	0.0029162	
584	-87.72	0.0762062	0.0655107	0.165808	0.0029162	
585	-88.02	0.0762062	0.0655107	0.166893	0.0029162	
586	-88.42	0.0762062	0.0655107	0.174358	0.0029162	
587	-88.72	0.0762062	0.0655107	0.16765	0.0029162	
588	-89.12	0.0762062	0.0655107	0.176331	0.0029162	
589	-89.52	0.0762062	0.0655107	0.187117	0.0029162	
590	-89.82	0.0762062	0.0655107	0.183894	0.0029162	
591	-90.12	0.0762062	0.0655107	0.180474	0.0029162	
592	-90.42	0.0762062	0.0655107	0.176167	0.0029162	
593	-90.82	0.0762062	0.0655107	0.178238	0.0029162	
594	-91.02	0.0762062	0.0655107	0.180803	0.0029162	
595	-91.42	0.0762062	0.0655107	0.184782	0.0029162	
596	-91.82	0.0762062	0.0655107	0.187577	0.0029162	
597	-92.12	0.0762062	0.0655107	0.184289	0.0029162	
598	-92.62	0.0762062	0.0655107	0.195174	0.0029162	
599	-93.02	0.0762062	0.0655107	0.17735	0.0029162	
600	-93.32	0.0762062	0.0655107	0.176397	0.0029162	
601	-93.42	0.0762062	0.0655107	0.185177	0.0029162	
602	-93.72	0.0762062	0.0655107	0.1786	0.0029162	
603	-94.12	0.0762062	0.0655107	0.18202	0.0029162	
604	-94.42	0.0762062	0.0655107	0.184782	0.0029162	
605	-94.92	0.0762062	0.0655107	0.178501	0.0029162	
606	-95.32	0.0762062	0.0655107	0.180738	0.0029162	
607	-95.52	0.0762062	0.0655107	0.174654	0.0029162	
608	-96.02	0.0762062	0.0655107	0.177318	0.0029162	
609	-96.32	0.0762062	0.0655107	0.177548	0.0029162	
610	-96.62	0.0762062	0.0655107	0.177581	0.0029162	
611	-97.02	0.0762062	0.0655107	0.166762	0.0029162	
612	-97.12	0.0762062	0.0655107	0.177811	0.0029162	
613	-97.72	0.0762062	0.0655107	0.178173	0.0029162	
614	-98.12	0.0762062	0.0655107	0.173799	0.0029162	
615	-98.52	0.0762062	0.0655107	0.182382	0.0029162	
616	-98.82	0.0762062	0.0655107	0.169689	0.0029162	
617	-99.22	0.0762062	0.0655107	0.172056	0.0029162	
618	-99.42	0.0762062	0.0655107	0.178534	0.0029162	
619	-99.72	0.0762062	0.0655107	0.167551	0.0029162	
620	-100.22	0.0762062	0.0655107	0.184256	0.0029162	
621	-100.52	0.0762062	0.0655107	0.176134	0.0029162	
622	-100.82	0.0762062	0.0655107	0.170346	0.0029162	
623	-101.32	0.0762062	0.0655107	0.170149	0.0029162	
624	-101.62	0.0762062	0.0655107	0.186887	0.0029162	
625	-102.02	0.0762062	0.0655107	0.186788	0.0029162	
626	-102.42	0.0762062	0.0655107	0.173339	0.0029162	
627	-102.62	0.0762062	0.0655107	0.17643	0.0029162	
628	-102.82	0.0762062	0.0655107	0.184947	0.0029162	
629	-103.22	0.0762062	0.0655107	0.179258	0.0029162	
630	-103.52	0.0762062	0.0655107	0.197574	0.0029162	
631	-104.02	0.0762062	0.0655107	0.177646	0.0029162	
632	-104.42	0.0762062	0.0655107	0.17005	0.0029162	
633	-104.62	0.0762062	0.0655107	0.173306	0.0029162	
634	-105.22	0.0762062	0.0655107	0.174095	0.0029162	
635	-105.42	0.0762062	0.0655107	0.17518	0.0029162	
636	-105.82	0.0762062	0.0655107	0.172977	0.0029162	
637	-106.02	0.0762062	0.0655107	0.188104	0.0029162	
638	-106.52	0.0762062	0.0655107	0.168603	0.0029162	
639	-106.92	0.0762062	0.0655107	0.16959	0.0029162	
640	-107.02	0.0762062	0.0655107	0.173141	0.0029162	
641	-107.22	0.0762062	0.0655107	0.174884	0.0029162	
642	-107.62	0.0762062	0.0655107	0.17985	0.0029162	
643	-107.82	0.0762062	0.0655107	0.170872	0.0029162	
644	-108.12	0.0762062	0.0655107	0.176528	0.0029162	
645	-108.52	0.0762062	0.0655107	0.165479	0.0029162	
646	-108.72	0.0762062	0.0655107	0.172648	0.0029162	
647	-109.22	0.0762062	0.0655107	0.16982	0.0029162	
648	-109.22	0.0762062	0.0655107	0.174029	0.0029162	
649	-109.82	0.0762062	0.0655107	0.18202	0.0029162	
650	-110.02	0.0762062	0.0655107	0.184421	0.0029162	
651	-110.52	0.0762062	0.0655107	0.176989	0.0029162	
652	-110.82	0.0762062	0.0655107	0.174128	0.0029162	
653	-111.12	0.0762062	0.0655107	0.178863	0.0029162	
654	-111.22	0.0762062	0.0655107	0.180639	0.0029162	
655	-111.62	0.0762062	0.0655107	0.183631	0.0029162	
656	-111.82	0.0762062	0.0655107	0.173339	0.0029162	
657	-111.92	0.0762062	0.0655107	0.177252	0.0029162	
658	-112.32	0.0762062	0.0655107	0.176068	0.0029162	
659	-112.62	0.0762062	0.0655107	0.176397	0.0029162	
660	-112.92	0.0762062	0.0655107	0.182645	0.0029162	
661	-113.32	0.0762062	0.0655107	0.180244	0.0029162	
662	-113.82	0.0762062	0.0655107	0.169195	0.0029162	
663	-113.92	0.0762062	0.0655107	0.171103	0.0029162	
664	-114.42	0.0762062	0.0655107	0.167156	0.0029162	
665	-114.62	0.0762062	0.0655107	0.165644	0.0029162	
666	-115.02	0.0762062	0.0655107	0.169261	0.0029162	
667	-115.02	0.0762062	0.0655107	0.172681	0.0029162	
668	-115.82	0.0762062	0.0655107	0.166663	0.0029162	
669	-115.92	0.0762062	0.0655107	0.173799	0.0029162	
670	-116.22	0.0762062	0.0655107	0.181494	0.0029162	
671	-116.72	0.0762062	0.0655107	0.175476	0.0029162	
672	-116.92	0.0762062	0.0655107	0.174555	0.0029162	
673	-117.32	0.0762062	0.0655107	0.171103	0.0029162	
674	-117.42	0.0762062	0.0655107	0.164953	0.0029162	
675	-117.82	0.0762062	0.0655107	0.169524	0.0029162	
676	-118.22	0.0762062	0.0655107	0.173602	0.0029162	
677	-118.32	0.0762062	0.0655107	0.175575	0.0029162	
678	-118.92	0.0762062	0.0655107	0.177252	0.0029162	
679	-119.22	0.0762062	0.0655107	0.174194	0.0029162	
680	-119.62	0.0762062	0.0655107	0.181494	0.0029162	
681	-119.92	0.0762062	0.0655107	0.177153	0.0029162	
682	-120.22	0.0762062	0.0655107	0.187117	0.0029162	
683	-120.42	0.0762062	0.0655107	0.174687	0.0029162	
684	-120.82	0.0762062	0.0655107	0.17735	0.0029162	
685	-121.52	0.0762062	0.0655107	0.163802	0.0029162	
686	-121.52	0.0762062	0.0655107	0.169787	0.0029162	
687	-121.92	0.0762062	0.0655107	0.170905	0.0029162	
688	-122.42	0.0762062	0.0655107	0.173996	0.0029162	
689	-122.62	0.0762062	0.0655107	0.176364	0.0029162	
690	-122.82	0.0762062	0.0655107	0.170708	0.0029162	
691	-123.32	0.0762062	0.0655107	0.172484	0.0029162	
692	-123.52	0.0762062	0.0655107	0.165841	0.0029162	
693	-123.92	0.0762062	0.0655107	0.169228	0.0029162	
694	-124.12	0.0762062	0.0655107	0.175476	0.0029162	
695	-124.62	0.0762062	0.0655107	0.173207	0.0029162	
696	-125.12	0.0762062	0.0655107	0.169886	0.0029162	
697	-125.72	0.0762062	0.0655107	0.168768	0.0029162	
698	-125.72	0.0762062	0.0655107	0.171004	0.0029162	
699	-126.12	0.0762062	0.0655107	0.155154	0.0029162	
700	-126.32	0.0762062	0.0655107	0.178929	0.0029162	
701	-126.72	0.0762062	0.0655107	0.165578	0.0029162	
702	-127.12	0.0762062	0.0655107	0.167124	0.0029162	
703	-127.52	0.0762062	0.0655107	0.161533	0.0029162	
704	-127.62	0.0762062	0.0655107	0.169919	0.0029162	
705	-128.02	0.0762062	0.0655107	0.172221	0.0029162	
706	-128.52	0.0762062	0.0655107	0.158771	0.0029162	
707	-128.82	0.0762062	0.0655107	0.167354	0.0029162	
708	-129.32	0.0762062	0.0655107	0.162553	0.0029162	
709	-129.52	0.0762062	0.0655107	0.163276	0.0029162	
710	-130.02	0.0762062	0.0655107	0.172221	0.0029162	
711	-130.32	0.0762062	0.0655107	0.165775	0.0029162	
712	-130.52	0.0762062	0.0655107	0.174292	0.0029162	
713	-130.82	0.0762062	0.0655107	0.167847	0.0029162	
714	-131.22	0.0762062	0.0655107	0.167847	0.0029162	
715	-131.52	0.0762062	0.0655107	0.158113	0.0029162	
716	-131.92	0.0762062	0.0655107	0.159593	0.0029162	
717	-132.22	0.0762062	0.0655107	0.164624	0.0029162	
718	-132.62	0.0762062	0.0655107	0.167058	0.0029162	
719	-132.62	0.0762062	0.0655107	0.161994	0.0029162	
720	-133.02	0.0762062	0.0655107	0.165019	0.0029162	
721	-133.42	0.0762062	0.0655107	0.163309	0.0029162	
722	-133.62	0.0762062	0.0655107	0.153082	0.0029162	
723	-134.02	0.0762062	0.0655107	0.149794	0.0029162	
724	-134.62	0.0762062	0.0655107	0.160251	0.0029162	
725	-134.82	0.0762062	0.0655107	0.157357	0.0029162	
726	-135.22	0.0762062	0.0655107	0.147755	0.0029162	
727	-135.52	0.0762062	0.0655107	0.143776	0.0029162	
728	-135.72	0.0762062	0.0655107	0.151504	0.0029162	
729	-136.12	0.0762062	0.0655107	0.150846	0.0029162	
730	-136.72	0.0762062	0.0655107	0.161665	0.0029162	
731	-137.02	0.0762062	0.0655107	0.158903	0.0029162	
732	-137.32	0.0762062	0.0655107	0.158935	0.0029162	
733	-137.62	0.0762062	0.0655107	0.170412	0.0029162	
734	-138.12	0.0762062	0.0655107	0.147722	0.0029162	
735	-138.52	0.0762062	0.0655107	0.149366	0.0029162	
736	-138.52	0.0762062	0.0655107	0.146209	0.0029162	
737	-138.92	0.0762062	0.0655107	0.152786	0.0029162	
738	-139.32	0.0762062	0.0655107	0.155417	0.0029162	
739	-139.72	0.0762062	0.0655107	0.157291	0.0029162	
740	-139.92	0.0762062	0.0655107	0.158508	0.0029162	
741	-140.12	0.0762062	0.0655107	0.151142	0.0029162	
742	-140.72	0.0762062	0.0655107	0.142066	0.0029162	
743	-140.82	0.0762062	0.0655107	0.153312	0.0029162	
744	-141.12	0.0762062	0.0655107	0.148741	0.0029162	
745	-141.52	0.0762062	0.0655107	0.153181	0.0029162	
746	-142.12	0.0762062	0.0655107	0.151602	0.0029162	
747	-142.12	0.0762062	0.0655107	0.146505	0.0029162	
748	-142.42	0.0762062	0.0655107	0.144401	0.0029162	
749	-142.82	0.0762062	0.0655107	0.136805	0.0029162	
750	-143.32	0.0762062	0.0655107	0.137692	0.0029162	
751	-143.42	0.0762062	0.0655107	0.134437	0.0029162	
752	-144.12	0.0762062	0.0655107	0.146801	0.0029162	
753	-144.32	0.0762062	0.0655107	0.131642	0.0029162	
754	-147.42	0.0762062	0.0655107	0.131543	0.0029162	
755	-147.62	0.0762062	0.0655107	0.119541	0.0029162	
756	-147.72	0.0762062	0.0655107	0.11908	0.0029162	
757	-147.92	0.0762062	0.0655107	0.124276	0.0029162	
758	-148.22	0.0762062	0.0655107	0.11862	0.0029162	
759	-148.32	0.0762062	0.0655107	0.12033	0.0029162	
760	-148.72	0.0762062	0.0655107	0.12398	0.0029162	
761	-148.82	0.0762062	0.0655107	0.122303	0.0029162	
762	-149.72	0.0762062	0.0655107	0.11714	0.0029162	
763	-149.72	0.0762062	0.0655107	0.126545	0.0029162	
764	-149.92	0.0762062	0.0655107	0.114641	0.0029162	
765	-150.12	0.0762062	0.0655107	0.128945	0.0029162	
766	-150.32	0.0762062	0.0655107	0.121119	0.0029162	
767	-150.62	0.0762062	0.0655107	0.12079	0.0029162	
768	-150.82	0.0762062	0.0655107	0.1274	0.0029162	
769	-151.02	0.0762062	0.0655107	0.124966	0.0029162	
770	-151.42	0.0762062	0.0655107	0.115529	0.0029162	
771	-151.72	0.0762062	0.0655107	0.120165	0.0029162	
772	-152.02	0.0762062	0.0655107	0.111944	0.0029162	
773	-152.22	0.0762062	0.0655107	0.110563	0.0029162	
774	-152.82	0.0762062	0.0655107	0.116449	0.0029162	
775	-153.02	0.0762062	0.0655107	0.109971	0.0029162	
776	-153.52	0.0762062	0.0655107	0.107045	0.0029162	
777	-153.52	0.0762062	0.0655107	0.109938	0.0029162	
778	-153.92	0.0762062	0.0655107	0.104447	0.0029162	
779	-154.22	0.0762062	0.0655107	0.104611	0.0029162	
780	-154.52	0.0762062	0.0655107	0.0934636	0.0029162	
781	-155.32	0.0762062	0.0655107	0.102836	0.0029162	
782	-155.62	0.0762062	0.0655107	0.0949105	0.0029162	
783	-156.12	0.0762062	0.0655107	0.103526	0.0029162	
784	-156.32	0.0762062	0.0655107	0.0970151	0.0029162	
785	-156.82	0.0762062	0.0655107	0.0865909	0.0029162	
786	-156.82	0.0762062	0.0655107	0.0965218	0.0029162	
787	-157.02	0.0762062	0.0655107	0.0931348	0.0029162	
788	-157.42	0.0762062	0.0655107	0.0930032	0.0029162	
789	-157.62	0.0762062	0.0655107	0.0950092	0.0029162	
790	-158.12	0.0762062	0.0655107	0.0860647	0.0029162	
791	-158.62	0.0762062	0.0655107	0.0853413	0.0029162	
792	-159.02	0.0762062	0.0655107	0.0827106	0.0029162	
793	-159.12	0.0762062	0.0655107	0.0915564	0.0029162	
794	-159.32	0.0762062	0.0655107	0.0799155	0.0029162	
795	-159.62	0.0762062	0.0655107	0.0839931	0.0029162	
796	-159.82	0.0762062	0.0655107	0.0866895	0.0029162	
797	-160.12	0.0762062	0.0655107	0.080902	0.0029162	
798	-160.62	0.0762062	0.0655107	0.0826448	0.0029162	
799	-160.92	0.0762062	0.0655107	0.0753117	0.0029162	
800	-161.42	0.0762062	0.0655107	0.0752459	0.0029162	
801	-161.72	0.0762062	0.0655107	0.0713656	0.0029162	
802	-162.02	0.0762062	0.0655107	0.0716616	0.0029162	
803	-162.32	0.0762062	0.0655107	0.0663015	0.0029162	
804	-162.92	0.0762062	0.0655107	0.0726152	0.0029162	
805	-163.02	0.0762062	0.0655107	0.0651177	0.0029162	
806	-163.12	0.0762062	0.0655107	0.0665975	0.0029162	
807	-163.72	0.0762062	0.0655107	0.0660385	0.0029162	
808	-163.92	0.0762062	0.0655107	0.0677484	0.0029162	
809	-164.22	0.0762062	0.0655107	0.0691624	0.0029162	
810	-164.52	0.0762062	0.0655107	0.0560746	0.0029162	
811	-165.02	0.0762062	0.0655107	0.0560089	0.0029162	
812	-165.22	0.0762062	0.0655107	0.0523916	0.0029162	
813	-165.72	0.0762062	0.0655107	0.0576202	0.0029162	
814	-165.92	0.0762062	0.0655107	0.058804	0.0029162	
815	-166.12	0.0762062	0.0655107	0.0496623	0.0029162	
816	-166.52	0.0762062	0.0655107	0.0542003	0.0029162	
817	-166.92	0.0762062	0.0655107	0.0520628	0.0029162	
818	-167.52	0.0762062	0.0655107	0.0493992	0.0029162	
819	-167.52	0.0762062	0.0655107	0.054003	0.0029162	
820	-167.82	0.0762062	0.0655107	0.0529836	0.0029162	
821	-168.12	0.0762062	0.0655107	0.0495965	0.0029162	
822	-168.62	0.0762062	0.0655107	0.0405863	0.0029162	
823	-168.72	0.0762062	0.0655107	0.0497938	0.0029162	
824	-169.22	0.0762062	0.0655107	0.0399615	0.0029162	
825	-169.42	0.0762062	0.0655107	0.0405206	0.0029162	
826	-169.72	0.0762062	0.0655107	0.0421319	0.0029162	
827	-170.22	0.0762062	0.0655107	0.0360812	0.0029162	
828	-170.52	0.0762062	0.0655107	0.0406521	0.0029162	
829	-170.72	0.0762062	0.0655107	0.0337794	0.0029162	
830	-171.22	0.0762062	0.0655107	0.0389093	0.0029162	
831	-171.42	0.0762062	0.0655107	0.0347001	0.0029162	
832	-171.82	0.0762062	0.0655107	0.0379556	0.0029162	
833	-172.12	0.0762062	0.0655107	0.0348645	0.0029162	
834	-172.42	0.0762062	0.0655107	0.0334505	0.0029162	
835	-172.72	0.0762062	0.0655107	0.0321352	0.0029162	
836	-172.92	0.0762062	0.0655107	0.0315433	0.0029162	
837	-173.42	0.0762062	0.0655107	0.0252296	0.0029162	
838	-173.82	0.0762062	0.0655107	0.028222	0.0029162	
839	-174.12	0.0762062	0.0655107	0.0236511	0.0029162	
840	-174.52	0.0762062	0.0655107	0.0271697	0.0029162	
841	-174.72	0.0762062	0.0655107	0.0252296	0.0029162	
842	-174.92	0.0762062	0.0655107	0.020297	0.0029162	
843	-175.52	0.0762062	0.0655107	0.0210204	0.0029162	
844	-175.62	0.0762062	0.0655107	0.0181595	0.0029162	
845	-176.02	0.0762062	0.0655107	0.0203299	0.0029162	
846	-176.22	0.0762062	0.0655107	0.0166797	0.0029162	
847	-176.62	0.0762062	0.0655107	0.0105305	0.0029162	
848	-177.02	0.0762062	0.0655107	0.017732	0.0029162	
849	-177.42	0.0762062	0.0655107	0.0176991	0.0029162	
850	-177.62	0.0762062	0.0655107	0.0189487	0.0029162	
851	-177.82	0.0762062	0.0655107	0.0183239	0.0029162	
852	-178.22	0.0762062	0.0655107	0.0149369	0.0029162	
853	-178.52	0.0762062	0.0655107	0.0169099	0.0029162	
854	-178.72	0.0762062	0.0655107	0.0147067	0.0029162	
855	-178.82	0.0762062	0.0655107	0.0140162	0.0029162	
856	-179.22	0.0762062	0.0655107	0.0102345	0.0029162	
857	-179.92	0.0762062	0.0655107	0.0167784	0.0029162	
858	-180.12	0.0762062	0.0655107	0.00960971	0.0029162	
859	-180.32	0.0762062	0.0655107	0.0158576	0.0029162	
860	-180.62	0.0762062	0.0655107	0.0138846	0.0029162	
861	-180.92	0.0762062	0.0655107	0.0126679	0.0029162	
862	-181.32	0.0762062	0.0655107	0.0115499	0.0029162	
863	-181.52	0.0762062	0.0655107	0.0111224	0.0029162	
864	-182.12	0.0762062	0.0655107	0.0123391	0.0029162	
865	-182.12	0.0762062	0.0655107	0.0132598	0.0029162	
866	-182.72	0.0762062	0.0655107	0.0090178	0.0029162	
867	-183.02	0.0762062	0.0655107	0.00888627	0.0029162	
868	-183.22	0.0762062	0.0655107	0.0100372	0.0029162	
869	-183.62	0.0762062	0.0655107	0.0103003	0.0029162	
870	-183.92	0.0762062	0.0655107	0.0098399	0.0029162	
871	-184.22	0.0762062	0.0655107	0.00918222	0.0029162	
872	-184.42	0.0762062	0.0655107	0.0100701	0.0029162	
873	-184.82	0.0762062	0.0655107	0.0111553	0.0029162	
874	-185.12	0.0762062	0.0655107	0.0104647	0.0029162	
875	-185.42	0.0762062	0.0655107	0.00806417	0.0029162	
876	-186.02	0.0762062	0.0655107	0.00970836	0.0029162	
877	-186.32	0.0762062	0.0655107	0.0108922	0.0029162	
878	-186.72	0.0762062	0.0655107	0.00829436	0.0029162	
879	-187.02	0.0762062	0.0655107	0.00704477	0.0029162	
880	-187.22	0.0762062	0.0655107	0.00447983	0.0029162	
881	-187.52	0.0762062	0.0655107	0.00655151	0.0029162	
882	-187.92	0.0762062	0.0655107	0.00704477	0.0029162	
883	-188.22	0.0762062	0.0655107	0.00428252	0.0029162	
884	-188.72	0.0762062	0.0655107	0.00665016	0.0029162	
885	-189.12	0.0762062	0.0655107	0.00303294	0.0029162	
886	-189.32	0.0762062	0.0655107	0.00668305	0.0029162	
887	-189.82	0.0762062	0.0655107	0.0104318	0.0029162	
888	-189.82	0.0762062	0.0655107	0.00803129	0.0029162	
889	-190.22	0.0762062	0.0655107	0.00563076	0.0029162	
890	-190.42	0.0762062	0.0655107	0.0107606	0.0029162	
891	-190.72	0.0762062	0.0655107	0.0123391	0.0029162	
892	-190.92	0.0762062	0.0655107	0.0129639	0.0029162	
893	-191.12	0.0762062	0.0655107	0.0118458	0.0029162	
894	-192.02	0.0762062	0.0655107	0.0100701	0.0029162	
895	-192.12	0.0762062	0.0655107	0.0113197	0.0029162	
896	-192.52	0.0762062	0.0655107	0.00928087	0.0029162	
897	-192.92	0.0762062	0.0655107	0.0108264	0.0029162	
898	-193.12	0.0762062	0.0655107	0.00668305	0.0029162	
899	-193.32	0.0762062	0.0655107	0.00819571	0.0029162	
900	-193.82	0.0762062	0.0655107	0.00974125	0.0029162	
901	-194.32	0.0762062	0.0655107	0.00924799	0.0029162	
902	-194.72	0.0762062	0.0655107	0.00734073	0.0029162	
903	-195.12	0.0762062	0.0655107	0.00641998	0.0029162	
904	-195.32	0.0762062	0.0655107	0.00957683	0.0029162	
905	-195.42	0.0762062	0.0655107	0.00809705	0.0029162	
906	-196.12	0.0762062	0.0655107	0.00737361	0.0029162	
907	-196.22	0.0762062	0.0655107	0.0119445	0.0029162	
908	-196.62	0.0762062	0.0655107	0.00655151	0.0029162	
909	-196.82	0.0762062	0.0655107	0.0112868	0.0029162	
910	-197.32	0.0762062	0.0655107	0.01178	0.0029162	
911	-197.72	0.0762062	0.0655107	0.00398657	0.0029162	
912	-198.12	0.0762062	0.0655107	0.00543346	0.0029162	
913	-198.42	0.0762062	0.0655107	0.00918222	0.0029162	
914	-198.62	0.0762062	0.0655107	0.00471002	0.0029162	
915	-198.62	0.0762062	0.0655107	0.00727496	0.0029162	
916	-199.42	0.0762062	0.0655107	0.00651863	0.0029162	
917	-199.52	0.0762062	0.0655107	0.00684747	0.0029162	
918	-199.92	0.0762062	0.0655107	0.00990567	0.0029162	
919	-200.12	0.0762062	0.0655107	0.00632133	0.0029162	
920	-200.52	0.0762062	0.0655107	0.00918222	0.0029162	
921	-201.02	0.0762062	0.0655107	0.00484155	0.0029162	
922	-201.32	0.0762062	0.0655107	0.00500597	0.0029162	
923	-201.62	0.0762062	0.0655107	0.00526904	0.0029162	
924	-202.02	0.0762062	0.0655107	0.00773533	0.0029162	
925	-202.22	0.0762062	0.0655107	0.00342754	0.0029162	
926	-202.52	0.0762062	0.0655107	0.00724207	0.0029162	
927	-203.02	0.0762062	0.0655107	0.00766956	0.0029162	
928	-203.22	0.0762062	0.0655107	0.0100043	0.0029162	
929	-203.72	0.0762062	0.0655107	0.00612402	0.0029162	
930	-204.12	0.0762062	0.0655107	0.00796552	0.0029162	
931	-204.52	0.0762062	0.0655107	0.00582807	0.0029162	
932	-204.72	0.0762062	0.0655107	0.00628844	0.0029162	
933	-205.12	0.0762062	0.0655107	0.0098399	0.0029162	
934	-205.42	0.0762062	0.0655107	0.00832724	0.0029162	
935	-205.72	0.0762062	0.0655107	0.00947818	0.0029162	
936	-206.02	0.0762062	0.0655107	0.00434829	0.0029162	
937	-206.42	0.0762062	0.0655107	0.00582807	0.0029162	
938	-206.82	0.0762062	0.0655107	0.00441406	0.0029162	
939	-207.12	0.0762062	0.0655107	0.00829436	0.0029162	
940	-207.52	0.0762062	0.0655107	0.00513751	0.0029162	
941	-207.72	0.0762062	0.0655107	0.00704477	0.0029162	
942	-207.92	0.0762062	0.0655107	0.00638709	0.0029162	
943	-208.32	0.0762062	0.0655107	0.00618979	0.0029162	
944	-208.62	0.0762062	0.0655107	0.00602537	0.0029162	
945	-208.92	0.0762062	0.0655107	0.00819571	0.0029162	
946	-209.32	0.0762062	0.0655107	0.00645286	0.0029162	
947	-209.72	0.0762062	0.0655107	0.00763668	0.0029162	
948	-210.22	0.0762062	0.0655107	0.00457848	0.0029162	
949	-210.72	0.0762062	0.0655107	0.00586095	0.0029162	
950	-210.62	0.0762062	0.0655107	0.00691323	0.0029162	
951	-211.22	0.0762062	0.0655107	0.00681458	0.0029162	
952	-211.52	0.0762062	0.0655107	0.00740649	0.0029162	
953	-211.72	0.0762062	0.0655107	0.00517039	0.0029162	
954	-212.22	0.0762062	0.0655107	0.00602537	0.0029162	
955	-212.32	0.0762062	0.0655107	0.00178335	0.0029162	
956	-212.82	0.0762062	0.0655107	0.0047429	0.0029162	
957	-213.02	0.0762062	0.0655107	0.00635421	0.0029162	
958	-213.32	0.0762062	0.0655107	0.00428252	0.0029162	
959	-213.82	0.0762062	0.0655107	0.00342754	0.0029162	
960	-214.12	0.0762062	0.0655107	0.00530192	0.0029162	
961	-214.42	0.0762062	0.0655107	0.0107935	0.0029162	
962	-214.82	0.0762062	0.0655107	0.00730784	0.0029162	
963	-215.12	0.0762062	0.0655107	0.00411811	0.0029162	
964	-215.52	0.0762062	0.0655107	0.00569653	0.0029162	
965	-215.92	0.0762062	0.0655107	0.00434829	0.0029162	
966	-216.32	0.0762062	0.0655107	0.00510462	0.0029162	
967	-216.62	0.0762062	0.0655107	0.00924799	0.0029162	
968	-216.92	0.0762062	0.0655107	0.00566365	0.0029162	
969	-217.22	0.0762062	0.0655107	0.00655151	0.0029162	
970	-217.42	0.0762062	0.0655107	0.00957683	0.0029162	
971	-217.92	0.0762062	0.0655107	0.0104318	0.0029162	
972	-218.22	0.0762062	0.0655107	0.00244103	0.0029162	
973	-218.82	0.0762062	0.0655107	0.00253968	0.0029162	
974	-219.32	0.0762062	0.0655107	0.0057623	0.0029162	
975	-219.62	0.0762062	0.0655107	0.00684747	0.0029162	
976	-220.12	0.0762062	0.0655107	0.00109279	0.0029162	
977	-220.62	0.0762062	0.0655107	0.00444694	0.0029162	
978	-220.92	0.0762062	0.0655107	-0.0021956	0.0029162	
979	-221.32	0.0762062	0.0655107	0.00267121	0.0029162	
980	-221.82	0.0762062	0.0655107	0.00296717	0.0029162	
981	-222.12	0.0762062	0.0655107	0.0037235	0.0029162	
982	-222.32	0.0762062	0.0655107	0.00451271	0.0029162	
983	-222.72	0.0762062	0.0655107	0.00319736	0.0029162	
984	-223.22	0.0762062	0.0655107	0.00707765	0.0029162	
985	-223.62	0.0762062	0.0655107	0.00273698	0.0029162	
986	-224.12	0.0762062	0.0655107	0.00987278	0.0029162	
987	-224.42	0.0762062	0.0655107	0.0102016	0.0029162	
988	-224.82	0.0762062	0.0655107	0.00750514	0.0029162	
989	-225.32	0.0762062	0.0655107	0.0101359	0.0029162	
990	-225.62	0.0762062	0.0655107	0.00549923	0.0029162	
991	-226.22	0.0762062	0.0655107	0.00859031	0.0029162	
992	-226.42	0.0762062	0.0655107	0.00743938	0.0029162	
993	-226.72	0.0762062	0.0655107	0.00842589	0.0029162	
994	-227.12	0.0762062	0.0655107	0.00503885	0.0029162	
995	-227.42	0.0762062	0.0655107	0.00191489	0.0029162	
996	-227.92	0.0762062	0.0655107	0.00638709	0.0029162	
997	-228.32	0.0762062	0.0655107	0.00296717	0.0029162	
998	-229.12	0.0762062	0.0655107	0.00388792	0.0029162	
999	-229.12	0.0762062	0.0655107	0.00480867	0.0029162	
1000	-229.72	0.0762062	0.0655107	0.00411811	0.0029162	
1001	-229.72	0.0762062	0.0655107	0.00461136	0.0029162	
