# Delay scan
# PM at 12.4 (31.5 dB)
# MW at 19 dB, 18.5094 GHzs, 18.6 dBm
# 0 Resonance
# Laser at 365859.0 GHz
# Static at 40 mV
i	d	n	nb	s	sb
0.000	48520.000	0.001	0.001	0.042	0.001
1.000	49593.000	0.001	0.001	0.046	0.001
2.000	50665.000	0.001	0.001	0.038	0.001
3.000	51738.000	0.001	0.001	0.029	0.001
4.000	52810.000	0.001	0.001	0.041	0.001
5.000	53883.000	0.001	0.001	0.045	0.001
6.000	54955.000	0.001	0.001	0.041	0.001
7.000	56028.000	0.001	0.001	0.058	0.001
8.000	57100.000	0.001	0.001	0.054	0.001
9.000	58173.000	0.001	0.001	0.047	0.001
10.000	59245.000	0.001	0.001	0.042	0.001
11.000	60318.000	0.001	0.001	0.048	0.001
12.000	61390.000	0.001	0.001	0.054	0.001
13.000	62463.000	0.001	0.001	0.047	0.001
14.000	63535.000	0.001	0.001	0.045	0.001
15.000	64608.000	0.001	0.001	0.049	0.001
16.000	65680.000	0.001	0.001	0.041	0.001
17.000	66753.000	0.001	0.001	0.033	0.001
18.000	67825.000	0.001	0.001	0.033	0.001
19.000	68898.000	0.001	0.001	0.053	0.001
20.000	69970.000	0.001	0.001	0.045	0.001
21.000	71043.000	0.001	0.001	0.052	0.001
22.000	72115.000	0.001	0.001	0.039	0.001
23.000	73188.000	0.001	0.001	0.045	0.001
24.000	74260.000	0.001	0.001	0.039	0.001
25.000	75333.000	0.001	0.001	0.062	0.001
26.000	76405.000	0.001	0.001	0.045	0.001
27.000	77478.000	0.001	0.001	0.048	0.001
28.000	78550.000	0.001	0.001	0.043	0.001
29.000	79623.000	0.001	0.001	0.047	0.001
30.000	80695.000	0.001	0.001	0.052	0.001
31.000	81768.000	0.001	0.001	0.041	0.001
32.000	82840.000	0.001	0.001	0.048	0.001
33.000	83913.000	0.001	0.001	0.040	0.001
34.000	84985.000	0.001	0.001	0.040	0.001
35.000	86058.000	0.001	0.001	0.048	0.001
36.000	87130.000	0.001	0.001	0.056	0.001
37.000	88203.000	0.001	0.001	0.058	0.001
38.000	89275.000	0.001	0.001	0.049	0.001
39.000	90348.000	0.001	0.001	0.049	0.001
40.000	91420.000	0.001	0.001	0.054	0.001
41.000	92493.000	0.001	0.001	0.038	0.001
42.000	93565.000	0.001	0.001	0.059	0.001
43.000	94638.000	0.001	0.001	0.048	0.001
44.000	95710.000	0.001	0.001	0.042	0.001
45.000	96783.000	0.001	0.001	0.044	0.001
46.000	97855.000	0.001	0.001	0.044	0.001
47.000	98928.000	0.001	0.001	0.042	0.001
48.000	100000.000	0.001	0.001	0.033	0.001
49.000	101072.000	0.001	0.001	0.048	0.001
50.000	102145.000	0.001	0.001	0.046	0.001
51.000	103217.000	0.001	0.001	0.047	0.001
52.000	104290.000	0.001	0.001	0.058	0.001
53.000	105362.000	0.001	0.001	0.046	0.001
54.000	106435.000	0.001	0.001	0.039	0.001
55.000	107507.000	0.001	0.001	0.047	0.001
56.000	108580.000	0.001	0.001	0.046	0.001
57.000	109652.000	0.001	0.001	0.051	0.001
58.000	110725.000	0.001	0.001	0.048	0.001
59.000	111797.000	0.001	0.001	0.042	0.001
60.000	112870.000	0.001	0.001	0.041	0.001
61.000	113942.000	0.001	0.001	0.034	0.001
62.000	115015.000	0.001	0.001	0.042	0.001
63.000	116087.000	0.001	0.001	0.042	0.001
64.000	117160.000	0.001	0.001	0.036	0.001
65.000	118232.000	0.001	0.001	0.055	0.001
66.000	119305.000	0.001	0.001	0.048	0.001
67.000	120377.000	0.001	0.001	0.046	0.001
68.000	121450.000	0.001	0.001	0.033	0.001
69.000	122522.000	0.001	0.001	0.045	0.001
70.000	123595.000	0.001	0.001	0.052	0.001
71.000	124667.000	0.001	0.001	0.040	0.001
72.000	125740.000	0.001	0.001	0.035	0.001
73.000	126812.000	0.001	0.001	0.044	0.001
74.000	127885.000	0.001	0.001	0.044	0.001
75.000	128957.000	0.001	0.001	0.040	0.001
76.000	130030.000	0.001	0.001	0.047	0.001
77.000	131102.000	0.001	0.001	0.034	0.001
78.000	132175.000	0.001	0.001	0.034	0.001
79.000	133247.000	0.001	0.001	0.041	0.001
80.000	134320.000	0.001	0.001	0.053	0.001
81.000	135392.000	0.001	0.001	0.054	0.001
82.000	136465.000	0.001	0.001	0.055	0.001
83.000	137537.000	0.001	0.001	0.048	0.001
84.000	138610.000	0.001	0.001	0.038	0.001
85.000	139682.000	0.001	0.001	0.040	0.001
86.000	140755.000	0.001	0.001	0.046	0.001
87.000	141827.000	0.001	0.001	0.045	0.001
88.000	142900.000	0.001	0.001	0.039	0.001
89.000	143972.000	0.001	0.001	0.063	0.001
90.000	145045.000	0.001	0.001	0.033	0.001
91.000	146117.000	0.001	0.001	0.035	0.001
92.000	147190.000	0.001	0.001	0.030	0.001
93.000	148262.000	0.001	0.001	0.038	0.001
94.000	149335.000	0.001	0.001	0.048	0.001
95.000	150407.000	0.001	0.001	0.039	0.001
96.000	151480.000	0.001	0.001	0.050	0.001
97.000	150675.000	0.001	0.001	0.039	0.001
98.000	149603.000	0.001	0.001	0.039	0.001
99.000	148530.000	0.001	0.001	0.031	0.001
100.000	147458.000	0.001	0.001	0.035	0.001
101.000	146385.000	0.001	0.001	0.037	0.001
102.000	145313.000	0.001	0.001	0.034	0.001
103.000	144240.000	0.001	0.001	0.047	0.001
104.000	143168.000	0.001	0.001	0.042	0.001
105.000	142095.000	0.001	0.001	0.046	0.001
106.000	141023.000	0.001	0.001	0.046	0.001
107.000	139950.000	0.001	0.001	0.051	0.001
108.000	138878.000	0.001	0.001	0.040	0.001
109.000	137805.000	0.001	0.001	0.037	0.001
110.000	136733.000	0.001	0.001	0.044	0.001
111.000	135660.000	0.001	0.001	0.049	0.001
112.000	134588.000	0.001	0.001	0.052	0.001
113.000	133515.000	0.001	0.001	0.043	0.001
114.000	132443.000	0.001	0.001	0.032	0.001
115.000	131370.000	0.001	0.001	0.027	0.001
116.000	130298.000	0.001	0.001	0.041	0.001
117.000	129225.000	0.001	0.001	0.029	0.001
118.000	128153.000	0.001	0.001	0.038	0.001
119.000	127080.000	0.001	0.001	0.031	0.001
120.000	126008.000	0.001	0.001	0.036	0.001
121.000	124935.000	0.001	0.001	0.041	0.001
122.000	123863.000	0.001	0.001	0.034	0.001
123.000	122790.000	0.001	0.001	0.041	0.001
124.000	121718.000	0.001	0.001	0.030	0.001
125.000	120645.000	0.001	0.001	0.038	0.001
126.000	119573.000	0.001	0.001	0.052	0.001
127.000	118501.000	0.001	0.001	0.047	0.001
128.000	117428.000	0.001	0.001	0.033	0.001
129.000	116356.000	0.001	0.001	0.040	0.001
130.000	115283.000	0.001	0.001	0.034	0.001
131.000	114211.000	0.001	0.001	0.044	0.001
132.000	113138.000	0.001	0.001	0.035	0.001
133.000	112066.000	0.001	0.001	0.032	0.001
134.000	110993.000	0.001	0.001	0.038	0.001
135.000	109921.000	0.001	0.001	0.045	0.001
136.000	108848.000	0.001	0.001	0.043	0.001
137.000	107776.000	0.001	0.001	0.039	0.001
138.000	106703.000	0.001	0.001	0.038	0.001
139.000	105631.000	0.001	0.001	0.045	0.001
140.000	104558.000	0.001	0.001	0.044	0.001
141.000	103486.000	0.001	0.001	0.057	0.001
142.000	102413.000	0.001	0.001	0.048	0.001
143.000	101341.000	0.001	0.001	0.033	0.001
144.000	100268.000	0.001	0.001	0.040	0.001
145.000	99196.000	0.001	0.001	0.022	0.001
146.000	98123.000	0.001	0.001	0.040	0.001
147.000	97051.000	0.001	0.001	0.028	0.001
148.000	95978.000	0.001	0.001	0.033	0.001
149.000	94906.000	0.001	0.001	0.038	0.001
150.000	93833.000	0.001	0.001	0.035	0.001
151.000	92761.000	0.001	0.001	0.046	0.001
152.000	91688.000	0.001	0.001	0.031	0.001
153.000	90616.000	0.001	0.001	0.050	0.001
154.000	89543.000	0.001	0.001	0.033	0.001
155.000	88471.000	0.001	0.001	0.045	0.001
156.000	87398.000	0.001	0.001	0.041	0.001
157.000	86326.000	0.001	0.001	0.034	0.001
158.000	85253.000	0.001	0.001	0.036	0.001
159.000	84181.000	0.001	0.001	0.027	0.001
160.000	83108.000	0.001	0.001	0.029	0.001
161.000	82036.000	0.001	0.001	0.030	0.001
162.000	80963.000	0.001	0.001	0.031	0.001
163.000	79891.000	0.001	0.001	0.037	0.001
164.000	78818.000	0.001	0.001	0.044	0.001
165.000	77746.000	0.001	0.001	0.039	0.001
166.000	76673.000	0.001	0.001	0.041	0.001
167.000	75601.000	0.001	0.001	0.044	0.001
168.000	74528.000	0.001	0.001	0.036	0.001
169.000	73456.000	0.001	0.001	0.032	0.001
170.000	72383.000	0.001	0.001	0.036	0.001
171.000	71311.000	0.001	0.001	0.031	0.001
172.000	70238.000	0.001	0.001	0.035	0.001
173.000	69166.000	0.001	0.001	0.035	0.001
174.000	68093.000	0.001	0.001	0.033	0.001
175.000	67021.000	0.001	0.001	0.025	0.001
176.000	65948.000	0.001	0.001	0.029	0.001
177.000	64876.000	0.001	0.001	0.026	0.001
178.000	63803.000	0.001	0.001	0.024	0.001
179.000	62731.000	0.001	0.001	0.033	0.001
180.000	61658.000	0.001	0.001	0.027	0.001
181.000	60586.000	0.001	0.001	0.040	0.001
182.000	59513.000	0.001	0.001	0.038	0.001
183.000	58441.000	0.001	0.001	0.043	0.001
184.000	57368.000	0.001	0.001	0.035	0.001
185.000	56296.000	0.001	0.001	0.041	0.001
186.000	55223.000	0.001	0.001	0.049	0.001
187.000	54151.000	0.001	0.001	0.043	0.001
188.000	53078.000	0.001	0.001	0.029	0.001
189.000	52006.000	0.001	0.001	0.030	0.001
190.000	50933.000	0.001	0.001	0.029	0.001
191.000	49861.000	0.001	0.001	0.029	0.001
192.000	48788.000	0.001	0.001	0.023	0.001
193.000	49057.000	0.001	0.001	0.029	0.001
194.000	50129.000	0.001	0.001	0.029	0.001
195.000	51202.000	0.001	0.001	0.028	0.001
196.000	52274.000	0.001	0.001	0.016	0.001
197.000	53347.000	0.001	0.001	0.042	0.001
198.000	54419.000	0.001	0.001	0.040	0.001
199.000	55492.000	0.001	0.001	0.047	0.001
200.000	56564.000	0.001	0.001	0.039	0.001
201.000	57637.000	0.001	0.001	0.046	0.001
202.000	58709.000	0.001	0.001	0.026	0.001
203.000	59782.000	0.001	0.001	0.045	0.001
204.000	60854.000	0.001	0.001	0.034	0.001
205.000	61926.000	0.001	0.001	0.032	0.001
206.000	62999.000	0.001	0.001	0.029	0.001
207.000	64071.000	0.001	0.001	0.030	0.001
208.000	65144.000	0.001	0.001	0.031	0.001
209.000	66216.000	0.001	0.001	0.021	0.001
210.000	67289.000	0.001	0.001	0.015	0.001
211.000	68361.000	0.001	0.001	0.023	0.001
212.000	69434.000	0.001	0.001	0.030	0.001
213.000	70506.000	0.001	0.001	0.044	0.001
214.000	71579.000	0.001	0.001	0.051	0.001
215.000	72651.000	0.001	0.001	0.036	0.001
216.000	73724.000	0.001	0.001	0.035	0.001
217.000	74796.000	0.001	0.001	0.039	0.001
218.000	75869.000	0.001	0.001	0.028	0.001
219.000	76941.000	0.001	0.001	0.048	0.001
220.000	78014.000	0.001	0.001	0.031	0.001
221.000	79086.000	0.001	0.001	0.030	0.001
222.000	80159.000	0.001	0.001	0.031	0.001
223.000	81231.000	0.001	0.001	0.025	0.001
224.000	82304.000	0.001	0.001	0.027	0.001
225.000	83376.000	0.001	0.001	0.026	0.001
226.000	84449.000	0.001	0.001	0.038	0.001
227.000	85521.000	0.001	0.001	0.028	0.001
228.000	86594.000	0.001	0.001	0.049	0.001
229.000	87666.000	0.001	0.001	0.034	0.001
230.000	88739.000	0.001	0.001	0.024	0.001
231.000	89811.000	0.001	0.001	0.030	0.001
232.000	90884.000	0.001	0.001	0.035	0.001
233.000	91956.000	0.001	0.001	0.030	0.001
234.000	93029.000	0.001	0.001	0.021	0.001
235.000	94101.000	0.001	0.001	0.031	0.001
236.000	95174.000	0.001	0.001	0.035	0.001
237.000	96246.000	0.001	0.001	0.040	0.001
238.000	97319.000	0.001	0.001	0.030	0.001
239.000	98391.000	0.001	0.001	0.038	0.001
240.000	99464.000	0.001	0.001	0.025	0.001
241.000	100536.000	0.001	0.001	0.024	0.001
242.000	101609.000	0.001	0.001	0.047	0.001
243.000	102681.000	0.001	0.001	0.042	0.001
244.000	103754.000	0.001	0.001	0.042	0.001
245.000	104826.000	0.001	0.001	0.032	0.001
246.000	105899.000	0.001	0.001	0.039	0.001
247.000	106971.000	0.001	0.001	0.029	0.001
248.000	108044.000	0.001	0.001	0.032	0.001
249.000	109116.000	0.001	0.001	0.036	0.001
250.000	110189.000	0.001	0.001	0.035	0.001
251.000	111261.000	0.001	0.001	0.031	0.001
252.000	112334.000	0.001	0.001	0.029	0.001
253.000	113406.000	0.001	0.001	0.028	0.001
254.000	114479.000	0.001	0.001	0.018	0.001
255.000	115551.000	0.001	0.001	0.025	0.001
256.000	116624.000	0.001	0.001	0.039	0.001
257.000	117696.000	0.001	0.001	0.052	0.001
258.000	118769.000	0.001	0.001	0.049	0.001
259.000	119841.000	0.001	0.001	0.040	0.001
260.000	120914.000	0.001	0.001	0.033	0.001
261.000	121986.000	0.001	0.001	0.036	0.001
262.000	123059.000	0.001	0.001	0.042	0.001
263.000	124131.000	0.001	0.001	0.041	0.001
264.000	125204.000	0.001	0.001	0.038	0.001
265.000	126276.000	0.001	0.001	0.031	0.001
266.000	127349.000	0.001	0.001	0.023	0.001
267.000	128421.000	0.001	0.001	0.031	0.001
268.000	129494.000	0.001	0.001	0.028	0.001
269.000	130566.000	0.001	0.001	0.023	0.001
270.000	131639.000	0.001	0.001	0.026	0.001
271.000	132711.000	0.001	0.001	0.030	0.001
272.000	133784.000	0.001	0.001	0.046	0.001
273.000	134856.000	0.001	0.001	0.047	0.001
274.000	135929.000	0.001	0.001	0.047	0.001
275.000	137001.000	0.001	0.001	0.039	0.001
276.000	138074.000	0.001	0.001	0.038	0.001
277.000	139146.000	0.001	0.001	0.031	0.001
278.000	140218.000	0.001	0.001	0.040	0.001
279.000	141291.000	0.001	0.001	0.049	0.001
280.000	142363.000	0.001	0.001	0.033	0.001
281.000	143436.000	0.001	0.001	0.037	0.001
282.000	144508.000	0.001	0.001	0.030	0.001
283.000	145581.000	0.001	0.001	0.033	0.001
284.000	146653.000	0.001	0.001	0.029	0.001
285.000	147726.000	0.001	0.001	0.030	0.001
286.000	148798.000	0.001	0.001	0.039	0.001
287.000	149871.000	0.001	0.001	0.040	0.001
288.000	150943.000	0.001	0.001	0.035	0.001
289.000	151212.000	0.001	0.001	0.040	0.001
290.000	150139.000	0.001	0.001	0.042	0.001
291.000	149067.000	0.001	0.001	0.038	0.001
292.000	147994.000	0.001	0.001	0.033	0.001
293.000	146922.000	0.001	0.001	0.026	0.001
294.000	145849.000	0.001	0.001	0.045	0.001
295.000	144777.000	0.001	0.001	0.026	0.001
296.000	143704.000	0.001	0.001	0.032	0.001
297.000	142632.000	0.001	0.001	0.034	0.001
298.000	141559.000	0.001	0.001	0.042	0.001
299.000	140487.000	0.001	0.001	0.049	0.001
300.000	139414.000	0.001	0.001	0.036	0.001
301.000	138342.000	0.001	0.001	0.045	0.001
302.000	137269.000	0.001	0.001	0.031	0.001
303.000	136197.000	0.001	0.001	0.045	0.001
304.000	135124.000	0.001	0.001	0.049	0.001
305.000	134052.000	0.001	0.001	0.047	0.001
306.000	132979.000	0.001	0.001	0.031	0.001
307.000	131907.000	0.001	0.001	0.025	0.001
308.000	130834.000	0.001	0.001	0.026	0.001
309.000	129762.000	0.001	0.001	0.028	0.001
310.000	128689.000	0.001	0.001	0.046	0.001
311.000	127617.000	0.001	0.001	0.036	0.001
312.000	126544.000	0.001	0.001	0.041	0.001
313.000	125472.000	0.001	0.001	0.043	0.001
314.000	124399.000	0.001	0.001	0.039	0.001
315.000	123327.000	0.001	0.001	0.041	0.001
316.000	122254.000	0.001	0.001	0.034	0.001
317.000	121182.000	0.001	0.001	0.055	0.001
318.000	120109.000	0.001	0.001	0.043	0.001
319.000	119037.000	0.001	0.001	0.054	0.001
320.000	117964.000	0.001	0.001	0.048	0.001
321.000	116892.000	0.001	0.001	0.039	0.001
322.000	115819.000	0.001	0.001	0.042	0.001
323.000	114747.000	0.001	0.001	0.030	0.001
324.000	113674.000	0.001	0.001	0.032	0.001
325.000	112602.000	0.001	0.001	0.040	0.001
326.000	111529.000	0.001	0.001	0.030	0.001
327.000	110457.000	0.001	0.001	0.040	0.001
328.000	109384.000	0.001	0.001	0.042	0.001
329.000	108312.000	0.001	0.001	0.035	0.001
330.000	107239.000	0.001	0.001	0.039	0.001
331.000	106167.000	0.001	0.001	0.040	0.001
332.000	105094.000	0.001	0.001	0.034	0.001
333.000	104022.000	0.001	0.001	0.035	0.001
334.000	102949.000	0.001	0.001	0.048	0.001
335.000	101877.000	0.001	0.001	0.045	0.001
336.000	100804.000	0.001	0.001	0.029	0.001
337.000	99732.000	0.001	0.001	0.025	0.001
338.000	98659.000	0.001	0.001	0.034	0.001
339.000	97587.000	0.001	0.001	0.039	0.001
340.000	96514.000	0.001	0.001	0.035	0.001
341.000	95442.000	0.001	0.001	0.050	0.001
342.000	94369.000	0.001	0.001	0.045	0.001
343.000	93297.000	0.001	0.001	0.036	0.001
344.000	92224.000	0.001	0.001	0.048	0.001
345.000	91152.000	0.001	0.001	0.046	0.001
346.000	90079.000	0.001	0.001	0.039	0.001
347.000	89007.000	0.001	0.001	0.035	0.001
348.000	87934.000	0.001	0.001	0.052	0.001
349.000	86862.000	0.001	0.001	0.051	0.001
350.000	85789.000	0.001	0.001	0.056	0.001
351.000	84717.000	0.001	0.001	0.030	0.001
352.000	83644.000	0.001	0.001	0.045	0.001
353.000	82572.000	0.001	0.001	0.031	0.001
354.000	81499.000	0.001	0.001	0.052	0.001
355.000	80427.000	0.001	0.001	0.036	0.001
356.000	79355.000	0.001	0.001	0.045	0.001
357.000	78282.000	0.001	0.001	0.051	0.001
358.000	77210.000	0.001	0.001	0.039	0.001
359.000	76137.000	0.001	0.001	0.040	0.001
360.000	75065.000	0.001	0.001	0.039	0.001
361.000	73992.000	0.001	0.001	0.050	0.001
362.000	72920.000	0.001	0.001	0.037	0.001
363.000	71847.000	0.001	0.001	0.049	0.001
364.000	70775.000	0.001	0.001	0.051	0.001
365.000	69702.000	0.001	0.001	0.062	0.001
366.000	68630.000	0.001	0.001	0.038	0.001
367.000	67557.000	0.001	0.001	0.036	0.001
368.000	66485.000	0.001	0.001	0.040	0.001
369.000	65412.000	0.001	0.001	0.052	0.001
370.000	64340.000	0.001	0.001	0.035	0.001
371.000	63267.000	0.001	0.001	0.056	0.001
372.000	62195.000	0.001	0.001	0.045	0.001
373.000	61122.000	0.001	0.001	0.044	0.001
374.000	60050.000	0.001	0.001	0.046	0.001
375.000	58977.000	0.001	0.001	0.061	0.001
376.000	57905.000	0.001	0.001	0.042	0.001
377.000	56832.000	0.001	0.001	0.037	0.001
378.000	55760.000	0.001	0.001	0.057	0.001
379.000	54687.000	0.001	0.001	0.054	0.001
380.000	53615.000	0.001	0.001	0.041	0.001
381.000	52542.000	0.001	0.001	0.046	0.001
382.000	51470.000	0.001	0.001	0.045	0.001
383.000	50397.000	0.001	0.001	0.038	0.001
384.000	49325.000	0.001	0.001	0.041	0.001
