# Delay scan
# PM at 1.0 (38 dB)
# MW at 19 dB, 18.5094 GHzs, 18.6 dBm
# 0 Resonance
# Laser at 365819.0 GHz
# Static at 0 mV
# No Mod:	0.10152
# No Mod No MW:	0.27301
i	d	n	nb	s	sb
0.000	46804.000	0.206	0.223	0.104	0.001
1.000	47876.000	0.206	0.223	0.106	0.001
2.000	48948.000	0.206	0.223	0.087	0.001
3.000	50020.000	0.206	0.223	0.098	0.001
4.000	51092.000	0.206	0.223	0.098	0.001
5.000	52164.000	0.206	0.223	0.101	0.001
6.000	53236.000	0.206	0.223	0.099	0.001
7.000	54308.000	0.206	0.223	0.094	0.001
8.000	55380.000	0.206	0.223	0.105	0.001
9.000	56452.000	0.206	0.223	0.104	0.001
10.000	57524.000	0.206	0.223	0.097	0.001
11.000	58596.000	0.206	0.223	0.100	0.001
12.000	59668.000	0.206	0.223	0.116	0.001
13.000	60740.000	0.206	0.223	0.104	0.001
14.000	61812.000	0.206	0.223	0.086	0.001
15.000	62884.000	0.206	0.223	0.096	0.001
16.000	63956.000	0.206	0.223	0.102	0.001
17.000	65028.000	0.206	0.223	0.099	0.001
18.000	66099.000	0.206	0.223	0.099	0.001
19.000	67171.000	0.206	0.223	0.106	0.001
20.000	68243.000	0.206	0.223	0.114	0.001
21.000	69315.000	0.206	0.223	0.103	0.001
22.000	70387.000	0.206	0.223	0.106	0.001
23.000	71459.000	0.206	0.223	0.089	0.001
24.000	72531.000	0.206	0.223	0.105	0.001
25.000	73603.000	0.206	0.223	0.095	0.001
26.000	74675.000	0.206	0.223	0.109	0.001
27.000	75747.000	0.206	0.223	0.093	0.001
28.000	76819.000	0.206	0.223	0.106	0.001
29.000	77891.000	0.206	0.223	0.094	0.001
30.000	78963.000	0.206	0.223	0.100	0.001
31.000	80035.000	0.206	0.223	0.116	0.001
32.000	81107.000	0.206	0.223	0.094	0.001
33.000	82179.000	0.206	0.223	0.092	0.001
34.000	83251.000	0.206	0.223	0.102	0.001
35.000	84323.000	0.206	0.223	0.109	0.001
36.000	85395.000	0.206	0.223	0.083	0.001
37.000	86467.000	0.206	0.223	0.098	0.001
38.000	87539.000	0.206	0.223	0.098	0.001
39.000	88611.000	0.206	0.223	0.105	0.001
40.000	89682.000	0.206	0.223	0.107	0.001
41.000	90754.000	0.206	0.223	0.106	0.001
42.000	91826.000	0.206	0.223	0.107	0.001
43.000	92898.000	0.206	0.223	0.085	0.001
44.000	93970.000	0.206	0.223	0.108	0.001
45.000	95042.000	0.206	0.223	0.091	0.001
46.000	96114.000	0.206	0.223	0.095	0.001
47.000	97186.000	0.206	0.223	0.094	0.001
48.000	98258.000	0.206	0.223	0.110	0.001
49.000	99330.000	0.206	0.223	0.105	0.001
50.000	100402.000	0.206	0.223	0.093	0.001
51.000	101474.000	0.206	0.223	0.106	0.001
52.000	102546.000	0.206	0.223	0.087	0.001
53.000	103618.000	0.206	0.223	0.103	0.001
54.000	104690.000	0.206	0.223	0.113	0.001
55.000	105762.000	0.206	0.223	0.093	0.001
56.000	106834.000	0.206	0.223	0.106	0.001
57.000	107906.000	0.206	0.223	0.113	0.001
58.000	108978.000	0.206	0.223	0.087	0.001
59.000	110050.000	0.206	0.223	0.092	0.001
60.000	111122.000	0.206	0.223	0.097	0.001
61.000	112193.000	0.206	0.223	0.089	0.001
62.000	113265.000	0.206	0.223	0.104	0.001
63.000	114337.000	0.206	0.223	0.094	0.001
64.000	115409.000	0.206	0.223	0.117	0.001
65.000	116481.000	0.206	0.223	0.105	0.001
66.000	117553.000	0.206	0.223	0.087	0.001
67.000	118625.000	0.206	0.223	0.086	0.001
68.000	119697.000	0.206	0.223	0.083	0.001
69.000	120769.000	0.206	0.223	0.107	0.001
70.000	121841.000	0.206	0.223	0.108	0.001
71.000	122913.000	0.206	0.223	0.112	0.001
72.000	123985.000	0.206	0.223	0.105	0.001
73.000	125057.000	0.206	0.223	0.093	0.001
74.000	126129.000	0.206	0.223	0.093	0.001
75.000	127201.000	0.206	0.223	0.101	0.001
76.000	128273.000	0.206	0.223	0.107	0.001
77.000	129345.000	0.206	0.223	0.107	0.001
78.000	130417.000	0.206	0.223	0.102	0.001
79.000	131489.000	0.206	0.223	0.083	0.001
80.000	132561.000	0.206	0.223	0.102	0.001
81.000	133633.000	0.206	0.223	0.100	0.001
82.000	134704.000	0.206	0.223	0.088	0.001
83.000	135776.000	0.206	0.223	0.101	0.001
84.000	136848.000	0.206	0.223	0.100	0.001
85.000	137920.000	0.206	0.223	0.115	0.001
86.000	138992.000	0.206	0.223	0.094	0.001
87.000	140064.000	0.206	0.223	0.093	0.001
88.000	141136.000	0.206	0.223	0.109	0.001
89.000	142208.000	0.206	0.223	0.084	0.001
90.000	143280.000	0.206	0.223	0.093	0.001
91.000	144352.000	0.206	0.223	0.080	0.001
92.000	145424.000	0.206	0.223	0.095	0.001
93.000	146496.000	0.206	0.223	0.098	0.001
94.000	147568.000	0.206	0.223	0.098	0.001
95.000	148640.000	0.206	0.223	0.114	0.001
96.000	149712.000	0.206	0.223	0.077	0.001
97.000	150784.000	0.206	0.223	0.089	0.001
98.000	151856.000	0.206	0.223	0.095	0.001
99.000	152928.000	0.206	0.223	0.098	0.001
100.000	153196.000	0.206	0.223	0.098	0.001
101.000	152124.000	0.206	0.223	0.098	0.001
102.000	151052.000	0.206	0.223	0.084	0.001
103.000	149980.000	0.206	0.223	0.101	0.001
104.000	148908.000	0.206	0.223	0.102	0.001
105.000	147836.000	0.206	0.223	0.094	0.001
106.000	146764.000	0.206	0.223	0.097	0.001
107.000	145692.000	0.206	0.223	0.095	0.001
108.000	144620.000	0.206	0.223	0.087	0.001
109.000	143548.000	0.206	0.223	0.099	0.001
110.000	142476.000	0.206	0.223	0.095	0.001
111.000	141404.000	0.206	0.223	0.114	0.001
112.000	140332.000	0.206	0.223	0.113	0.001
113.000	139260.000	0.206	0.223	0.098	0.001
114.000	138188.000	0.206	0.223	0.082	0.001
115.000	137116.000	0.206	0.223	0.092	0.001
116.000	136044.000	0.206	0.223	0.080	0.001
117.000	134972.000	0.206	0.223	0.081	0.001
118.000	133901.000	0.206	0.223	0.080	0.001
119.000	132829.000	0.206	0.223	0.084	0.001
120.000	131757.000	0.206	0.223	0.099	0.001
121.000	130685.000	0.206	0.223	0.093	0.001
122.000	129613.000	0.206	0.223	0.096	0.001
123.000	128541.000	0.206	0.223	0.096	0.001
124.000	127469.000	0.206	0.223	0.087	0.001
125.000	126397.000	0.206	0.223	0.081	0.001
126.000	125325.000	0.206	0.223	0.105	0.001
127.000	124253.000	0.206	0.223	0.090	0.001
128.000	123181.000	0.206	0.223	0.099	0.001
129.000	122109.000	0.206	0.223	0.093	0.001
130.000	121037.000	0.206	0.223	0.087	0.001
131.000	119965.000	0.206	0.223	0.082	0.001
132.000	118893.000	0.206	0.223	0.084	0.001
133.000	117821.000	0.206	0.223	0.090	0.001
134.000	116749.000	0.206	0.223	0.085	0.001
135.000	115677.000	0.206	0.223	0.106	0.001
136.000	114605.000	0.206	0.223	0.086	0.001
137.000	113533.000	0.206	0.223	0.103	0.001
138.000	112461.000	0.206	0.223	0.089	0.001
139.000	111389.000	0.206	0.223	0.095	0.001
140.000	110318.000	0.206	0.223	0.088	0.001
141.000	109246.000	0.206	0.223	0.095	0.001
142.000	108174.000	0.206	0.223	0.106	0.001
143.000	107102.000	0.206	0.223	0.094	0.001
144.000	106030.000	0.206	0.223	0.101	0.001
145.000	104958.000	0.206	0.223	0.089	0.001
146.000	103886.000	0.206	0.223	0.094	0.001
147.000	102814.000	0.206	0.223	0.076	0.001
148.000	101742.000	0.206	0.223	0.102	0.001
149.000	100670.000	0.206	0.223	0.103	0.001
150.000	99598.000	0.206	0.223	0.099	0.001
151.000	98526.000	0.206	0.223	0.092	0.001
152.000	97454.000	0.206	0.223	0.100	0.001
153.000	96382.000	0.206	0.223	0.113	0.001
154.000	95310.000	0.206	0.223	0.087	0.001
155.000	94238.000	0.206	0.223	0.097	0.001
156.000	93166.000	0.206	0.223	0.101	0.001
157.000	92094.000	0.206	0.223	0.099	0.001
158.000	91022.000	0.206	0.223	0.101	0.001
159.000	89950.000	0.206	0.223	0.092	0.001
160.000	88878.000	0.206	0.223	0.106	0.001
161.000	87807.000	0.206	0.223	0.118	0.001
162.000	86735.000	0.206	0.223	0.106	0.001
163.000	85663.000	0.206	0.223	0.086	0.001
164.000	84591.000	0.206	0.223	0.093	0.001
165.000	83519.000	0.206	0.223	0.115	0.001
166.000	82447.000	0.206	0.223	0.098	0.001
167.000	81375.000	0.206	0.223	0.097	0.001
168.000	80303.000	0.206	0.223	0.096	0.001
169.000	79231.000	0.206	0.223	0.083	0.001
170.000	78159.000	0.206	0.223	0.104	0.001
171.000	77087.000	0.206	0.223	0.112	0.001
172.000	76015.000	0.206	0.223	0.107	0.001
173.000	74943.000	0.206	0.223	0.117	0.001
174.000	73871.000	0.206	0.223	0.098	0.001
175.000	72799.000	0.206	0.223	0.104	0.001
176.000	71727.000	0.206	0.223	0.097	0.001
177.000	70655.000	0.206	0.223	0.091	0.001
178.000	69583.000	0.206	0.223	0.103	0.001
179.000	68511.000	0.206	0.223	0.117	0.001
180.000	67439.000	0.206	0.223	0.108	0.001
181.000	66367.000	0.206	0.223	0.101	0.001
182.000	65296.000	0.206	0.223	0.094	0.001
183.000	64224.000	0.206	0.223	0.084	0.001
184.000	63152.000	0.206	0.223	0.101	0.001
185.000	62080.000	0.206	0.223	0.088	0.001
186.000	61008.000	0.206	0.223	0.103	0.001
187.000	59936.000	0.206	0.223	0.105	0.001
188.000	58864.000	0.206	0.223	0.112	0.001
189.000	57792.000	0.206	0.223	0.104	0.001
190.000	56720.000	0.206	0.223	0.103	0.001
191.000	55648.000	0.206	0.223	0.100	0.001
192.000	54576.000	0.206	0.223	0.089	0.001
193.000	53504.000	0.206	0.223	0.091	0.001
194.000	52432.000	0.206	0.223	0.111	0.001
195.000	51360.000	0.206	0.223	0.091	0.001
196.000	50288.000	0.206	0.223	0.114	0.001
197.000	49216.000	0.206	0.223	0.109	0.001
198.000	48144.000	0.206	0.223	0.103	0.001
199.000	47072.000	0.206	0.223	0.087	0.001
200.000	47340.000	0.206	0.223	0.096	0.001
201.000	48412.000	0.206	0.223	0.089	0.001
202.000	49484.000	0.206	0.223	0.101	0.001
203.000	50556.000	0.206	0.223	0.106	0.001
204.000	51628.000	0.206	0.223	0.108	0.001
205.000	52700.000	0.206	0.223	0.103	0.001
206.000	53772.000	0.206	0.223	0.100	0.001
207.000	54844.000	0.206	0.223	0.083	0.001
208.000	55916.000	0.206	0.223	0.095	0.001
209.000	56988.000	0.206	0.223	0.094	0.001
210.000	58060.000	0.206	0.223	0.102	0.001
211.000	59132.000	0.206	0.223	0.114	0.001
212.000	60204.000	0.206	0.223	0.107	0.001
213.000	61276.000	0.206	0.223	0.101	0.001
214.000	62348.000	0.206	0.223	0.093	0.001
215.000	63420.000	0.206	0.223	0.083	0.001
216.000	64492.000	0.206	0.223	0.086	0.001
217.000	65564.000	0.206	0.223	0.102	0.001
218.000	66635.000	0.206	0.223	0.099	0.001
219.000	67707.000	0.206	0.223	0.106	0.001
220.000	68779.000	0.206	0.223	0.092	0.001
221.000	69851.000	0.206	0.223	0.085	0.001
222.000	70923.000	0.206	0.223	0.084	0.001
223.000	71995.000	0.206	0.223	0.097	0.001
224.000	73067.000	0.206	0.223	0.101	0.001
225.000	74139.000	0.206	0.223	0.099	0.001
226.000	75211.000	0.206	0.223	0.090	0.001
227.000	76283.000	0.206	0.223	0.102	0.001
228.000	77355.000	0.206	0.223	0.092	0.001
229.000	78427.000	0.206	0.223	0.093	0.001
230.000	79499.000	0.206	0.223	0.094	0.001
231.000	80571.000	0.206	0.223	0.085	0.001
232.000	81643.000	0.206	0.223	0.099	0.001
233.000	82715.000	0.206	0.223	0.100	0.001
234.000	83787.000	0.206	0.223	0.087	0.001
235.000	84859.000	0.206	0.223	0.103	0.001
236.000	85931.000	0.206	0.223	0.087	0.001
237.000	87003.000	0.206	0.223	0.078	0.001
238.000	88075.000	0.206	0.223	0.086	0.001
239.000	89146.000	0.206	0.223	0.101	0.001
240.000	90218.000	0.206	0.223	0.098	0.001
241.000	91290.000	0.206	0.223	0.107	0.001
242.000	92362.000	0.206	0.223	0.116	0.001
243.000	93434.000	0.206	0.223	0.117	0.001
244.000	94506.000	0.206	0.223	0.087	0.001
245.000	95578.000	0.206	0.223	0.090	0.001
246.000	96650.000	0.206	0.223	0.078	0.001
247.000	97722.000	0.206	0.223	0.098	0.001
248.000	98794.000	0.206	0.223	0.090	0.001
249.000	99866.000	0.206	0.223	0.088	0.001
250.000	100938.000	0.206	0.223	0.081	0.001
251.000	102010.000	0.206	0.223	0.081	0.001
252.000	103082.000	0.206	0.223	0.078	0.001
253.000	104154.000	0.206	0.223	0.082	0.001
254.000	105226.000	0.206	0.223	0.099	0.001
255.000	106298.000	0.206	0.223	0.084	0.001
256.000	107370.000	0.206	0.223	0.109	0.001
257.000	108442.000	0.206	0.223	0.098	0.001
258.000	109514.000	0.206	0.223	0.087	0.001
259.000	110586.000	0.206	0.223	0.098	0.001
260.000	111657.000	0.206	0.223	0.083	0.001
261.000	112729.000	0.206	0.223	0.095	0.001
262.000	113801.000	0.206	0.223	0.078	0.001
263.000	114873.000	0.206	0.223	0.107	0.001
264.000	115945.000	0.206	0.223	0.096	0.001
265.000	117017.000	0.206	0.223	0.090	0.001
266.000	118089.000	0.206	0.223	0.083	0.001
267.000	119161.000	0.206	0.223	0.088	0.001
268.000	120233.000	0.206	0.223	0.095	0.001
269.000	121305.000	0.206	0.223	0.084	0.001
270.000	122377.000	0.206	0.223	0.090	0.001
271.000	123449.000	0.206	0.223	0.082	0.001
272.000	124521.000	0.206	0.223	0.084	0.001
273.000	125593.000	0.206	0.223	0.074	0.001
274.000	126665.000	0.206	0.223	0.085	0.001
275.000	127737.000	0.206	0.223	0.084	0.001
276.000	128809.000	0.206	0.223	0.081	0.001
277.000	129881.000	0.206	0.223	0.100	0.001
278.000	130953.000	0.206	0.223	0.090	0.001
279.000	132025.000	0.206	0.223	0.096	0.001
280.000	133097.000	0.206	0.223	0.079	0.001
281.000	134168.000	0.206	0.223	0.088	0.001
282.000	135240.000	0.206	0.223	0.086	0.001
283.000	136312.000	0.206	0.223	0.080	0.001
284.000	137384.000	0.206	0.223	0.093	0.001
285.000	138456.000	0.206	0.223	0.103	0.001
286.000	139528.000	0.206	0.223	0.116	0.001
287.000	140600.000	0.206	0.223	0.080	0.001
288.000	141672.000	0.206	0.223	0.082	0.001
289.000	142744.000	0.206	0.223	0.077	0.001
290.000	143816.000	0.206	0.223	0.087	0.001
291.000	144888.000	0.206	0.223	0.082	0.001
292.000	145960.000	0.206	0.223	0.111	0.001
293.000	147032.000	0.206	0.223	0.094	0.001
294.000	148104.000	0.206	0.223	0.093	0.001
295.000	149176.000	0.206	0.223	0.100	0.001
296.000	150248.000	0.206	0.223	0.078	0.001
297.000	151320.000	0.206	0.223	0.071	0.001
298.000	152392.000	0.206	0.223	0.068	0.001
299.000	152660.000	0.206	0.223	0.084	0.001
300.000	151588.000	0.206	0.223	0.072	0.001
301.000	150516.000	0.206	0.223	0.089	0.001
302.000	149444.000	0.206	0.223	0.090	0.001
303.000	148372.000	0.206	0.223	0.112	0.001
304.000	147300.000	0.206	0.223	0.087	0.001
305.000	146228.000	0.206	0.223	0.077	0.001
306.000	145156.000	0.206	0.223	0.091	0.001
307.000	144084.000	0.206	0.223	0.089	0.001
308.000	143012.000	0.206	0.223	0.077	0.001
309.000	141940.000	0.206	0.223	0.100	0.001
310.000	140868.000	0.206	0.223	0.097	0.001
311.000	139796.000	0.206	0.223	0.114	0.001
312.000	138724.000	0.206	0.223	0.098	0.001
313.000	137652.000	0.206	0.223	0.084	0.001
314.000	136580.000	0.206	0.223	0.088	0.001
315.000	135508.000	0.206	0.223	0.078	0.001
316.000	134436.000	0.206	0.223	0.089	0.001
317.000	133365.000	0.206	0.223	0.095	0.001
318.000	132293.000	0.206	0.223	0.100	0.001
319.000	131221.000	0.206	0.223	0.084	0.001
320.000	130149.000	0.206	0.223	0.088	0.001
321.000	129077.000	0.206	0.223	0.084	0.001
322.000	128005.000	0.206	0.223	0.087	0.001
323.000	126933.000	0.206	0.223	0.093	0.001
324.000	125861.000	0.206	0.223	0.085	0.001
325.000	124789.000	0.206	0.223	0.085	0.001
326.000	123717.000	0.206	0.223	0.095	0.001
327.000	122645.000	0.206	0.223	0.110	0.001
328.000	121573.000	0.206	0.223	0.093	0.001
329.000	120501.000	0.206	0.223	0.094	0.001
330.000	119429.000	0.206	0.223	0.085	0.001
331.000	118357.000	0.206	0.223	0.092	0.001
332.000	117285.000	0.206	0.223	0.086	0.001
333.000	116213.000	0.206	0.223	0.093	0.001
334.000	115141.000	0.206	0.223	0.083	0.001
335.000	114069.000	0.206	0.223	0.073	0.001
336.000	112997.000	0.206	0.223	0.077	0.001
337.000	111925.000	0.206	0.223	0.080	0.001
338.000	110854.000	0.206	0.223	0.093	0.001
339.000	109782.000	0.206	0.223	0.078	0.001
340.000	108710.000	0.206	0.223	0.097	0.001
341.000	107638.000	0.206	0.223	0.074	0.001
342.000	106566.000	0.206	0.223	0.104	0.001
343.000	105494.000	0.206	0.223	0.120	0.001
344.000	104422.000	0.206	0.223	0.088	0.001
345.000	103350.000	0.206	0.223	0.075	0.001
346.000	102278.000	0.206	0.223	0.081	0.001
347.000	101206.000	0.206	0.223	0.080	0.001
348.000	100134.000	0.206	0.223	0.089	0.001
349.000	99062.000	0.206	0.223	0.101	0.001
350.000	97990.000	0.206	0.223	0.083	0.001
351.000	96918.000	0.206	0.223	0.087	0.001
352.000	95846.000	0.206	0.223	0.085	0.001
353.000	94774.000	0.206	0.223	0.097	0.001
354.000	93702.000	0.206	0.223	0.086	0.001
355.000	92630.000	0.206	0.223	0.097	0.001
356.000	91558.000	0.206	0.223	0.094	0.001
357.000	90486.000	0.206	0.223	0.099	0.001
358.000	89414.000	0.206	0.223	0.082	0.001
359.000	88343.000	0.206	0.223	0.082	0.001
360.000	87271.000	0.206	0.223	0.073	0.001
361.000	86199.000	0.206	0.223	0.079	0.001
362.000	85127.000	0.206	0.223	0.089	0.001
363.000	84055.000	0.206	0.223	0.080	0.001
364.000	82983.000	0.206	0.223	0.094	0.001
365.000	81911.000	0.206	0.223	0.102	0.001
366.000	80839.000	0.206	0.223	0.096	0.001
367.000	79767.000	0.206	0.223	0.074	0.001
368.000	78695.000	0.206	0.223	0.090	0.001
369.000	77623.000	0.206	0.223	0.088	0.001
370.000	76551.000	0.206	0.223	0.102	0.001
371.000	75479.000	0.206	0.223	0.088	0.001
372.000	74407.000	0.206	0.223	0.092	0.001
373.000	73335.000	0.206	0.223	0.078	0.001
374.000	72263.000	0.206	0.223	0.090	0.001
375.000	71191.000	0.206	0.223	0.083	0.001
376.000	70119.000	0.206	0.223	0.079	0.001
377.000	69047.000	0.206	0.223	0.081	0.001
378.000	67975.000	0.206	0.223	0.102	0.001
379.000	66903.000	0.206	0.223	0.099	0.001
380.000	65832.000	0.206	0.223	0.081	0.001
381.000	64760.000	0.206	0.223	0.087	0.001
382.000	63688.000	0.206	0.223	0.087	0.001
383.000	62616.000	0.206	0.223	0.095	0.001
384.000	61544.000	0.206	0.223	0.082	0.001
385.000	60472.000	0.206	0.223	0.096	0.001
386.000	59400.000	0.206	0.223	0.087	0.001
387.000	58328.000	0.206	0.223	0.093	0.001
388.000	57256.000	0.206	0.223	0.088	0.001
389.000	56184.000	0.206	0.223	0.094	0.001
390.000	55112.000	0.206	0.223	0.078	0.001
391.000	54040.000	0.206	0.223	0.087	0.001
392.000	52968.000	0.206	0.223	0.085	0.001
393.000	51896.000	0.206	0.223	0.093	0.001
394.000	50824.000	0.206	0.223	0.096	0.001
395.000	49752.000	0.206	0.223	0.088	0.001
396.000	48680.000	0.206	0.223	0.079	0.001
397.000	47608.000	0.206	0.223	0.093	0.001
