# Limit Scan
i	f	s
0.000	49.723	-0.008
1.000	49.365	-0.008
2.000	49.008	-0.005
3.000	48.650	-0.005
4.000	48.293	-0.006
5.000	47.935	-0.006
6.000	47.578	-0.004
7.000	47.220	-0.003
8.000	46.863	-0.003
9.000	46.505	-0.004
10.000	46.148	-0.003
11.000	45.790	-0.003
12.000	45.433	-0.004
13.000	45.075	-0.002
14.000	44.718	-0.006
15.000	44.360	-0.005
16.000	44.003	-0.006
17.000	43.645	-0.006
18.000	43.288	-0.008
19.000	42.930	-0.009
20.000	42.573	-0.008
21.000	42.215	-0.010
22.000	41.858	-0.006
23.000	41.500	-0.005
24.000	41.143	-0.006
25.000	40.785	-0.008
26.000	40.428	-0.007
27.000	40.070	-0.004
28.000	39.713	-0.004
29.000	39.355	-0.003
30.000	38.998	-0.002
31.000	38.640	-0.004
32.000	38.283	-0.005
33.000	37.926	-0.006
34.000	37.568	-0.010
35.000	37.211	-0.008
36.000	36.853	-0.006
37.000	36.496	-0.002
38.000	36.138	-0.004
39.000	35.781	-0.005
40.000	35.423	-0.005
41.000	35.066	-0.004
42.000	34.708	-0.006
43.000	34.351	-0.006
44.000	33.993	-0.006
45.000	33.636	-0.008
46.000	33.278	-0.006
47.000	32.921	-0.005
48.000	32.563	-0.004
49.000	32.206	-0.006
50.000	31.848	-0.008
51.000	31.491	-0.009
52.000	31.133	-0.010
53.000	30.776	-0.008
54.000	30.418	-0.005
55.000	30.061	-0.006
56.000	29.703	-0.006
57.000	29.346	-0.003
58.000	28.988	-0.002
59.000	28.631	-0.005
60.000	28.273	-0.003
61.000	27.916	-0.002
62.000	27.558	-0.007
63.000	27.201	-0.006
64.000	26.843	-0.009
65.000	26.486	-0.009
66.000	26.129	-0.010
67.000	25.771	-0.010
68.000	25.414	-0.007
69.000	25.056	-0.006
70.000	24.699	-0.006
71.000	24.341	-0.006
72.000	23.984	-0.005
73.000	23.626	-0.006
74.000	23.269	-0.007
75.000	22.911	-0.009
76.000	22.554	-0.008
77.000	22.196	-0.009
78.000	21.839	-0.009
79.000	21.481	-0.010
80.000	21.124	-0.008
81.000	20.766	-0.010
82.000	20.409	-0.006
83.000	20.051	-0.007
84.000	19.694	-0.009
85.000	19.336	-0.008
86.000	18.979	-0.009
87.000	18.621	-0.010
88.000	18.264	-0.010
89.000	17.906	-0.010
90.000	17.549	-0.007
91.000	17.191	-0.007
92.000	16.834	-0.005
93.000	16.476	-0.006
94.000	16.119	-0.008
95.000	15.761	-0.009
96.000	15.404	-0.010
97.000	15.046	-0.008
98.000	14.689	-0.006
99.000	14.331	-0.005
100.000	13.974	-0.004
101.000	13.617	-0.002
102.000	13.259	-0.003
103.000	12.902	-0.004
104.000	12.544	-0.004
105.000	12.187	-0.007
106.000	11.829	-0.008
107.000	11.472	-0.007
108.000	11.114	-0.008
109.000	10.757	-0.007
110.000	10.399	-0.005
111.000	10.042	-0.005
112.000	9.684	-0.004
113.000	9.327	-0.002
114.000	8.969	-0.004
115.000	8.612	-0.006
116.000	8.254	-0.006
117.000	7.897	-0.003
118.000	7.539	-0.003
119.000	7.182	-0.004
120.000	6.824	-0.005
121.000	6.467	-0.007
122.000	6.109	-0.009
123.000	5.752	-0.010
124.000	5.394	-0.008
125.000	5.037	-0.009
126.000	4.679	-0.009
127.000	4.322	-0.009
128.000	3.964	-0.007
129.000	3.607	-0.009
130.000	3.249	-0.004
131.000	2.892	-0.005
132.000	2.534	-0.005
133.000	2.177	-0.006
134.000	1.820	-0.003
135.000	1.462	-0.003
136.000	1.105	-0.001
137.000	0.747	-0.003
138.000	0.390	-0.003
139.000	0.032	-0.003
140.000	-0.325	-0.002
141.000	-0.683	-0.003
142.000	-1.040	-0.003
143.000	-1.398	0.002
144.000	-1.755	0.001
145.000	-2.113	0.002
146.000	-2.470	0.001
147.000	-2.828	0.008
148.000	-3.185	0.006
149.000	-3.543	0.009
150.000	-3.900	0.015
151.000	-4.258	0.013
152.000	-4.615	0.011
153.000	-4.973	0.017
154.000	-5.330	0.018
155.000	-5.688	0.018
156.000	-6.045	0.016
157.000	-6.403	0.022
158.000	-6.760	0.025
159.000	-7.118	0.025
160.000	-7.475	0.028
161.000	-7.833	0.034
162.000	-8.190	0.033
163.000	-8.548	0.037
164.000	-8.905	0.040
165.000	-9.263	0.046
166.000	-9.620	0.048
167.000	-9.977	0.053
168.000	-10.335	0.051
169.000	-10.692	0.063
170.000	-11.050	0.067
171.000	-11.407	0.078
172.000	-11.765	0.078
173.000	-12.122	0.090
174.000	-12.480	0.088
175.000	-12.837	0.091
176.000	-13.195	0.080
177.000	-13.552	0.084
178.000	-13.910	0.094
179.000	-14.267	0.094
180.000	-14.625	0.100
181.000	-14.982	0.108
182.000	-15.340	0.111
183.000	-15.697	0.106
184.000	-16.055	0.099
185.000	-16.412	0.093
186.000	-16.770	0.094
187.000	-17.127	0.101
188.000	-17.485	0.103
189.000	-17.842	0.097
190.000	-18.200	0.104
191.000	-18.557	0.109
192.000	-18.915	0.106
193.000	-19.272	0.101
194.000	-19.630	0.108
195.000	-19.987	0.099
196.000	-20.345	0.102
197.000	-20.702	0.100
198.000	-21.060	0.108
199.000	-21.417	0.105
200.000	-21.774	0.121
201.000	-22.132	0.108
202.000	-22.489	0.109
203.000	-22.847	0.111
204.000	-23.204	0.116
205.000	-23.562	0.118
206.000	-23.919	0.118
207.000	-24.277	0.125
208.000	-24.634	0.112
209.000	-24.992	0.115
210.000	-25.349	0.108
211.000	-25.707	0.106
212.000	-26.064	0.115
213.000	-26.422	0.107
214.000	-26.779	0.098
215.000	-27.137	0.104
216.000	-27.494	0.118
217.000	-27.852	0.125
218.000	-28.209	0.135
219.000	-28.567	0.131
220.000	-28.924	0.134
221.000	-29.282	0.132
222.000	-29.639	0.124
223.000	-29.997	0.126
224.000	-30.354	0.129
225.000	-30.712	0.123
226.000	-31.069	0.118
227.000	-31.427	0.125
228.000	-31.784	0.119
229.000	-32.142	0.128
230.000	-32.499	0.135
231.000	-32.857	0.133
232.000	-33.214	0.139
233.000	-33.571	0.125
234.000	-33.929	0.127
235.000	-34.286	0.122
236.000	-34.644	0.118
237.000	-35.001	0.116
238.000	-35.359	0.121
239.000	-35.716	0.118
240.000	-36.074	0.127
241.000	-36.431	0.127
242.000	-36.789	0.119
243.000	-37.146	0.113
244.000	-37.504	0.118
245.000	-37.861	0.135
246.000	-38.219	0.129
247.000	-38.576	0.134
248.000	-38.934	0.131
249.000	-39.291	0.136
250.000	-39.649	0.154
251.000	-40.006	0.158
252.000	-40.364	0.157
253.000	-40.721	0.148
254.000	-41.079	0.153
255.000	-41.436	0.154
256.000	-41.794	0.160
257.000	-42.151	0.161
258.000	-42.509	0.159
259.000	-42.866	0.171
260.000	-43.224	0.177
261.000	-43.581	0.175
262.000	-43.939	0.174
263.000	-44.296	0.175
264.000	-44.654	0.187
265.000	-45.011	0.186
266.000	-45.369	0.181
267.000	-45.726	0.178
268.000	-46.083	0.163
269.000	-46.441	0.174
270.000	-46.798	0.176
271.000	-47.156	0.179
272.000	-47.513	0.173
273.000	-47.871	0.178
274.000	-48.228	0.171
275.000	-48.586	0.177
276.000	-48.943	0.167
277.000	-49.301	0.164
278.000	-49.658	0.164
279.000	-50.016	0.177
280.000	-50.373	0.183
281.000	-50.731	0.175
282.000	-51.088	0.163
283.000	-51.446	0.170
284.000	-51.803	0.160
285.000	-52.161	0.170
286.000	-52.518	0.168
287.000	-52.876	0.185
288.000	-53.233	0.176
289.000	-53.591	0.180
290.000	-53.948	0.184
291.000	-54.306	0.172
292.000	-54.663	0.179
293.000	-55.021	0.155
294.000	-55.378	0.170
295.000	-55.736	0.172
296.000	-56.093	0.171
297.000	-56.451	0.170
298.000	-56.808	0.158
299.000	-57.166	0.154
300.000	-57.523	0.154
301.000	-57.880	0.176
302.000	-58.238	0.173
303.000	-58.595	0.175
304.000	-58.953	0.172
305.000	-59.310	0.167
306.000	-59.668	0.154
307.000	-60.025	0.163
308.000	-60.383	0.175
309.000	-60.740	0.171
310.000	-61.098	0.167
311.000	-61.455	0.176
312.000	-61.813	0.178
313.000	-62.170	0.181
314.000	-62.528	0.182
315.000	-62.885	0.177
316.000	-63.243	0.179
317.000	-63.600	0.173
318.000	-63.958	0.165
319.000	-64.315	0.168
320.000	-64.673	0.169
321.000	-65.030	0.170
322.000	-65.388	0.168
323.000	-65.745	0.167
324.000	-66.103	0.178
325.000	-66.460	0.168
326.000	-66.818	0.166
327.000	-67.175	0.156
328.000	-67.533	0.146
329.000	-67.890	0.144
330.000	-68.248	0.156
331.000	-68.605	0.167
332.000	-68.963	0.161
333.000	-69.320	0.163
334.000	-69.677	0.157
335.000	-70.035	0.166
336.000	-70.392	0.165
337.000	-70.750	0.156
338.000	-71.107	0.158
339.000	-71.465	0.162
340.000	-71.822	0.164
341.000	-72.180	0.173
342.000	-72.537	0.183
343.000	-72.895	0.162
344.000	-73.252	0.160
345.000	-73.610	0.157
346.000	-73.967	0.154
347.000	-74.325	0.155
348.000	-74.682	0.158
349.000	-75.040	0.162
350.000	-75.397	0.153
351.000	-75.755	0.161
352.000	-76.112	0.170
353.000	-76.470	0.168
354.000	-76.827	0.151
355.000	-77.185	0.152
356.000	-77.542	0.157
357.000	-77.900	0.147
358.000	-78.257	0.153
359.000	-78.615	0.158
360.000	-78.972	0.157
361.000	-79.330	0.161
362.000	-79.687	0.157
363.000	-80.045	0.163
364.000	-80.402	0.168
365.000	-80.760	0.166
366.000	-81.117	0.164
367.000	-81.474	0.177
368.000	-81.832	0.180
369.000	-82.189	0.188
370.000	-82.547	0.182
371.000	-82.904	0.179
372.000	-83.262	0.186
373.000	-83.619	0.171
374.000	-83.977	0.176
375.000	-84.334	0.176
376.000	-84.692	0.176
377.000	-85.049	0.166
378.000	-85.407	0.160
379.000	-85.764	0.157
380.000	-86.122	0.163
381.000	-86.479	0.171
382.000	-86.837	0.164
383.000	-87.194	0.164
384.000	-87.552	0.162
385.000	-87.909	0.164
386.000	-88.267	0.161
387.000	-88.624	0.156
388.000	-88.982	0.162
389.000	-89.339	0.167
390.000	-89.697	0.169
391.000	-90.054	0.164
392.000	-90.412	0.167
393.000	-90.769	0.152
394.000	-91.127	0.153
395.000	-91.484	0.157
396.000	-91.842	0.171
397.000	-92.199	0.164
398.000	-92.557	0.160
399.000	-92.914	0.160
400.000	-93.271	0.155
401.000	-93.629	0.170
402.000	-93.986	0.167
403.000	-94.344	0.153
404.000	-94.701	0.155
405.000	-95.059	0.156
406.000	-95.416	0.151
407.000	-95.774	0.149
408.000	-96.131	0.155
409.000	-96.489	0.165
410.000	-96.846	0.167
411.000	-97.204	0.185
412.000	-97.561	0.180
413.000	-97.919	0.172
414.000	-98.276	0.165
415.000	-98.634	0.159
416.000	-98.991	0.165
417.000	-99.349	0.164
418.000	-99.706	0.164
419.000	-100.064	0.165
420.000	-100.421	0.163
421.000	-100.779	0.166
422.000	-101.136	0.166
423.000	-101.494	0.168
424.000	-101.851	0.162
425.000	-102.209	0.164
426.000	-102.566	0.153
427.000	-102.924	0.167
428.000	-103.281	0.173
429.000	-103.639	0.168
430.000	-103.996	0.167
431.000	-104.354	0.163
432.000	-104.711	0.160
433.000	-105.069	0.156
434.000	-105.426	0.166
435.000	-105.783	0.163
436.000	-106.141	0.161
437.000	-106.498	0.156
438.000	-106.856	0.162
439.000	-107.213	0.152
440.000	-107.571	0.158
441.000	-107.928	0.147
442.000	-108.286	0.150
443.000	-108.643	0.154
444.000	-109.001	0.154
445.000	-109.358	0.147
446.000	-109.716	0.157
447.000	-110.073	0.142
448.000	-110.431	0.149
449.000	-110.788	0.143
450.000	-111.146	0.141
451.000	-111.503	0.142
452.000	-111.861	0.157
453.000	-112.218	0.154
454.000	-112.576	0.156
455.000	-112.933	0.151
456.000	-113.291	0.160
457.000	-113.648	0.169
458.000	-114.006	0.160
459.000	-114.363	0.155
460.000	-114.721	0.166
461.000	-115.078	0.161
462.000	-115.436	0.159
463.000	-115.793	0.152
464.000	-116.151	0.160
465.000	-116.508	0.166
466.000	-116.866	0.159
467.000	-117.223	0.154
468.000	-117.580	0.154
469.000	-117.938	0.163
470.000	-118.295	0.166
471.000	-118.653	0.159
472.000	-119.010	0.162
473.000	-119.368	0.159
474.000	-119.725	0.161
475.000	-120.083	0.165
476.000	-120.440	0.162
477.000	-120.798	0.162
478.000	-121.155	0.162
479.000	-121.513	0.156
480.000	-121.870	0.170
481.000	-122.228	0.179
482.000	-122.585	0.179
483.000	-122.943	0.171
484.000	-123.300	0.176
485.000	-123.658	0.169
486.000	-124.015	0.164
487.000	-124.373	0.158
488.000	-124.730	0.164
489.000	-125.088	0.164
490.000	-125.445	0.156
491.000	-125.803	0.171
492.000	-126.160	0.166
493.000	-126.518	0.161
494.000	-126.875	0.162
495.000	-127.233	0.148
496.000	-127.590	0.145
497.000	-127.948	0.133
498.000	-128.305	0.154
499.000	-128.663	0.157
500.000	-129.020	0.171
0.000	49.619	-0.013
1.000	49.259	-0.013
2.000	48.898	-0.015
3.000	48.537	-0.012
4.000	48.177	-0.014
5.000	47.816	-0.012
6.000	47.455	-0.010
7.000	47.095	-0.011
8.000	46.734	-0.009
9.000	46.373	-0.009
10.000	46.013	-0.009
11.000	45.652	-0.009
12.000	45.291	-0.010
13.000	44.930	-0.011
14.000	44.570	-0.012
15.000	44.209	-0.012
16.000	43.848	-0.012
17.000	43.488	-0.013
18.000	43.127	-0.013
19.000	42.766	-0.012
20.000	42.406	-0.014
21.000	42.045	-0.012
22.000	41.684	-0.011
23.000	41.324	-0.009
24.000	40.963	-0.010
25.000	40.602	-0.008
26.000	40.242	-0.007
27.000	39.881	-0.009
28.000	39.520	-0.011
29.000	39.160	-0.007
30.000	38.799	-0.008
31.000	38.438	-0.007
32.000	38.078	-0.007
33.000	37.717	-0.008
34.000	37.356	-0.009
35.000	36.996	-0.009
36.000	36.635	-0.012
37.000	36.274	-0.009
38.000	35.914	-0.010
39.000	35.553	-0.008
40.000	35.192	-0.012
41.000	34.831	-0.007
42.000	34.471	-0.006
43.000	34.110	-0.008
44.000	33.749	-0.010
45.000	33.389	-0.008
46.000	33.028	-0.008
47.000	32.667	-0.009
48.000	32.307	-0.010
49.000	31.946	-0.012
50.000	31.585	-0.010
51.000	31.225	-0.010
52.000	30.864	-0.011
53.000	30.503	-0.009
54.000	30.143	-0.010
55.000	29.782	-0.010
56.000	29.421	-0.013
57.000	29.061	-0.014
58.000	28.700	-0.013
59.000	28.339	-0.013
60.000	27.979	-0.011
61.000	27.618	-0.009
62.000	27.257	-0.008
63.000	26.897	-0.005
64.000	26.536	-0.004
65.000	26.175	-0.005
66.000	25.815	-0.008
67.000	25.454	-0.009
68.000	25.093	-0.007
69.000	24.732	-0.008
70.000	24.372	-0.008
71.000	24.011	-0.007
72.000	23.650	-0.008
73.000	23.290	-0.010
74.000	22.929	-0.008
75.000	22.568	-0.006
76.000	22.208	-0.005
77.000	21.847	-0.004
78.000	21.486	-0.005
79.000	21.126	-0.006
80.000	20.765	-0.008
81.000	20.404	-0.007
82.000	20.044	-0.007
83.000	19.683	-0.009
84.000	19.322	-0.009
85.000	18.962	-0.007
86.000	18.601	-0.006
87.000	18.240	-0.005
88.000	17.880	-0.007
89.000	17.519	-0.004
90.000	17.158	-0.004
91.000	16.798	-0.006
92.000	16.437	-0.005
93.000	16.076	-0.008
94.000	15.716	-0.007
95.000	15.355	-0.005
96.000	14.994	-0.005
97.000	14.633	-0.007
98.000	14.273	-0.007
99.000	13.912	-0.009
100.000	13.551	-0.008
101.000	13.191	-0.008
102.000	12.830	-0.009
103.000	12.469	-0.009
104.000	12.109	-0.008
105.000	11.748	-0.011
106.000	11.387	-0.011
107.000	11.027	-0.008
108.000	10.666	-0.011
109.000	10.305	-0.012
110.000	9.945	-0.010
111.000	9.584	-0.008
112.000	9.223	-0.007
113.000	8.863	-0.010
114.000	8.502	-0.008
115.000	8.141	-0.009
116.000	7.781	-0.008
117.000	7.420	-0.007
118.000	7.059	-0.007
119.000	6.699	-0.007
120.000	6.338	-0.007
121.000	5.977	-0.007
122.000	5.617	-0.006
123.000	5.256	-0.007
124.000	4.895	-0.005
125.000	4.534	-0.006
126.000	4.174	-0.007
127.000	3.813	-0.010
128.000	3.452	-0.006
129.000	3.092	-0.008
130.000	2.731	-0.008
131.000	2.370	-0.009
132.000	2.010	-0.007
133.000	1.649	-0.005
134.000	1.288	-0.004
135.000	0.928	0.000
136.000	0.567	-0.003
137.000	0.206	0.003
138.000	-0.154	0.001
139.000	-0.515	-0.002
140.000	-0.876	-0.003
141.000	-1.236	-0.003
142.000	-1.597	0.000
143.000	-1.958	0.000
144.000	-2.318	0.004
145.000	-2.679	0.003
146.000	-3.040	0.009
147.000	-3.400	0.014
148.000	-3.761	0.017
149.000	-4.122	0.020
150.000	-4.482	0.028
151.000	-4.843	0.039
152.000	-5.204	0.041
153.000	-5.565	0.044
154.000	-5.925	0.041
155.000	-6.286	0.040
156.000	-6.647	0.048
157.000	-7.007	0.056
158.000	-7.368	0.051
159.000	-7.729	0.048
160.000	-8.089	0.057
161.000	-8.450	0.074
162.000	-8.811	0.063
163.000	-9.171	0.066
164.000	-9.532	0.073
165.000	-9.893	0.074
166.000	-10.253	0.075
167.000	-10.614	0.079
168.000	-10.975	0.088
169.000	-11.335	0.083
170.000	-11.696	0.086
171.000	-12.057	0.083
172.000	-12.417	0.082
173.000	-12.778	0.087
174.000	-13.139	0.084
175.000	-13.499	0.079
176.000	-13.860	0.093
177.000	-14.221	0.094
178.000	-14.581	0.093
179.000	-14.942	0.093
180.000	-15.303	0.097
181.000	-15.664	0.109
182.000	-16.024	0.106
183.000	-16.385	0.101
184.000	-16.746	0.102
185.000	-17.106	0.105
186.000	-17.467	0.100
187.000	-17.828	0.098
188.000	-18.188	0.096
189.000	-18.549	0.098
190.000	-18.910	0.094
191.000	-19.270	0.091
192.000	-19.631	0.093
193.000	-19.992	0.090
194.000	-20.352	0.099
195.000	-20.713	0.099
196.000	-21.074	0.091
197.000	-21.434	0.105
198.000	-21.795	0.108
199.000	-22.156	0.116
200.000	-22.516	0.106
201.000	-22.877	0.108
202.000	-23.238	0.116
203.000	-23.598	0.112
204.000	-23.959	0.119
205.000	-24.320	0.121
206.000	-24.680	0.115
207.000	-25.041	0.116
208.000	-25.402	0.106
209.000	-25.763	0.108
210.000	-26.123	0.098
211.000	-26.484	0.105
212.000	-26.845	0.109
213.000	-27.205	0.104
214.000	-27.566	0.098
215.000	-27.927	0.108
216.000	-28.287	0.105
217.000	-28.648	0.112
218.000	-29.009	0.120
219.000	-29.369	0.111
220.000	-29.730	0.117
221.000	-30.091	0.122
222.000	-30.451	0.123
223.000	-30.812	0.129
224.000	-31.173	0.121
225.000	-31.533	0.126
226.000	-31.894	0.124
227.000	-32.255	0.128
228.000	-32.615	0.118
229.000	-32.976	0.108
230.000	-33.337	0.116
231.000	-33.697	0.119
232.000	-34.058	0.131
233.000	-34.419	0.117
234.000	-34.779	0.110
235.000	-35.140	0.109
236.000	-35.501	0.116
237.000	-35.862	0.122
238.000	-36.222	0.140
239.000	-36.583	0.135
240.000	-36.944	0.136
241.000	-37.304	0.147
242.000	-37.665	0.141
243.000	-38.026	0.142
244.000	-38.386	0.152
245.000	-38.747	0.150
246.000	-39.108	0.154
247.000	-39.468	0.153
248.000	-39.829	0.167
249.000	-40.190	0.169
250.000	-40.550	0.158
251.000	-40.911	0.166
252.000	-41.272	0.160
253.000	-41.632	0.154
254.000	-41.993	0.159
255.000	-42.354	0.161
256.000	-42.714	0.152
257.000	-43.075	0.154
258.000	-43.436	0.157
259.000	-43.796	0.160
260.000	-44.157	0.169
261.000	-44.518	0.173
262.000	-44.878	0.177
263.000	-45.239	0.163
264.000	-45.600	0.161
265.000	-45.961	0.154
266.000	-46.321	0.151
267.000	-46.682	0.148
268.000	-47.043	0.152
269.000	-47.403	0.153
270.000	-47.764	0.146
271.000	-48.125	0.137
272.000	-48.485	0.139
273.000	-48.846	0.163
274.000	-49.207	0.161
275.000	-49.567	0.169
276.000	-49.928	0.162
277.000	-50.289	0.157
278.000	-50.649	0.172
279.000	-51.010	0.171
280.000	-51.371	0.166
281.000	-51.731	0.172
282.000	-52.092	0.178
283.000	-52.453	0.171
284.000	-52.813	0.172
285.000	-53.174	0.164
286.000	-53.535	0.156
287.000	-53.895	0.169
288.000	-54.256	0.171
289.000	-54.617	0.170
290.000	-54.977	0.168
291.000	-55.338	0.151
292.000	-55.699	0.146
293.000	-56.060	0.158
294.000	-56.420	0.153
295.000	-56.781	0.145
296.000	-57.142	0.141
297.000	-57.502	0.129
298.000	-57.863	0.129
299.000	-58.224	0.152
300.000	-58.584	0.156
301.000	-58.945	0.160
302.000	-59.306	0.161
303.000	-59.666	0.168
304.000	-60.027	0.177
305.000	-60.388	0.166
306.000	-60.748	0.169
307.000	-61.109	0.165
308.000	-61.470	0.165
309.000	-61.830	0.161
310.000	-62.191	0.159
311.000	-62.552	0.147
312.000	-62.912	0.146
313.000	-63.273	0.140
314.000	-63.634	0.154
315.000	-63.994	0.153
316.000	-64.355	0.151
317.000	-64.716	0.157
318.000	-65.076	0.158
319.000	-65.437	0.160
320.000	-65.798	0.158
321.000	-66.159	0.151
322.000	-66.519	0.148
323.000	-66.880	0.152
324.000	-67.241	0.142
325.000	-67.601	0.146
326.000	-67.962	0.148
327.000	-68.323	0.145
328.000	-68.683	0.137
329.000	-69.044	0.144
330.000	-69.405	0.151
331.000	-69.765	0.156
332.000	-70.126	0.157
333.000	-70.487	0.142
334.000	-70.847	0.155
335.000	-71.208	0.169
336.000	-71.569	0.159
337.000	-71.929	0.161
338.000	-72.290	0.167
339.000	-72.651	0.166
340.000	-73.011	0.160
341.000	-73.372	0.154
342.000	-73.733	0.165
343.000	-74.093	0.167
344.000	-74.454	0.164
345.000	-74.815	0.170
346.000	-75.175	0.179
347.000	-75.536	0.178
348.000	-75.897	0.181
349.000	-76.258	0.177
350.000	-76.618	0.177
351.000	-76.979	0.162
352.000	-77.340	0.154
353.000	-77.700	0.155
354.000	-78.061	0.181
355.000	-78.422	0.172
356.000	-78.782	0.162
357.000	-79.143	0.159
358.000	-79.504	0.158
359.000	-79.864	0.157
360.000	-80.225	0.170
361.000	-80.586	0.169
362.000	-80.946	0.180
363.000	-81.307	0.173
364.000	-81.668	0.178
365.000	-82.028	0.169
366.000	-82.389	0.168
367.000	-82.750	0.181
368.000	-83.110	0.178
369.000	-83.471	0.178
370.000	-83.832	0.172
371.000	-84.192	0.158
372.000	-84.553	0.173
373.000	-84.914	0.163
374.000	-85.274	0.175
375.000	-85.635	0.177
376.000	-85.996	0.168
377.000	-86.357	0.169
378.000	-86.717	0.180
379.000	-87.078	0.172
380.000	-87.439	0.171
381.000	-87.799	0.154
382.000	-88.160	0.163
383.000	-88.521	0.165
384.000	-88.881	0.170
385.000	-89.242	0.161
386.000	-89.603	0.158
387.000	-89.963	0.163
388.000	-90.324	0.160
389.000	-90.685	0.166
390.000	-91.045	0.157
391.000	-91.406	0.172
392.000	-91.767	0.171
393.000	-92.127	0.173
394.000	-92.488	0.152
395.000	-92.849	0.153
396.000	-93.209	0.160
397.000	-93.570	0.147
398.000	-93.931	0.147
399.000	-94.291	0.141
400.000	-94.652	0.149
401.000	-95.013	0.152
402.000	-95.373	0.155
403.000	-95.734	0.157
404.000	-96.095	0.159
405.000	-96.456	0.170
406.000	-96.816	0.158
407.000	-97.177	0.150
408.000	-97.538	0.144
409.000	-97.898	0.154
410.000	-98.259	0.162
411.000	-98.620	0.157
412.000	-98.980	0.143
413.000	-99.341	0.140
414.000	-99.702	0.140
415.000	-100.062	0.135
416.000	-100.423	0.153
417.000	-100.784	0.164
418.000	-101.144	0.154
419.000	-101.505	0.152
420.000	-101.866	0.150
421.000	-102.226	0.141
422.000	-102.587	0.149
423.000	-102.948	0.153
424.000	-103.308	0.160
425.000	-103.669	0.163
426.000	-104.030	0.153
427.000	-104.390	0.153
428.000	-104.751	0.155
429.000	-105.112	0.151
430.000	-105.472	0.141
431.000	-105.833	0.136
432.000	-106.194	0.133
433.000	-106.555	0.129
434.000	-106.915	0.131
435.000	-107.276	0.153
436.000	-107.637	0.155
437.000	-107.997	0.160
438.000	-108.358	0.169
439.000	-108.719	0.163
440.000	-109.079	0.169
441.000	-109.440	0.172
442.000	-109.801	0.179
443.000	-110.161	0.168
444.000	-110.522	0.166
445.000	-110.883	0.179
446.000	-111.243	0.179
447.000	-111.604	0.171
448.000	-111.965	0.173
449.000	-112.325	0.163
450.000	-112.686	0.172
451.000	-113.047	0.170
452.000	-113.407	0.170
453.000	-113.768	0.168
454.000	-114.129	0.161
455.000	-114.489	0.167
456.000	-114.850	0.171
457.000	-115.211	0.166
458.000	-115.571	0.161
459.000	-115.932	0.156
460.000	-116.293	0.151
461.000	-116.654	0.163
462.000	-117.014	0.173
463.000	-117.375	0.166
464.000	-117.736	0.165
465.000	-118.096	0.165
466.000	-118.457	0.154
467.000	-118.818	0.149
468.000	-119.178	0.152
469.000	-119.539	0.158
470.000	-119.900	0.145
471.000	-120.260	0.151
472.000	-120.621	0.166
473.000	-120.982	0.154
474.000	-121.342	0.153
475.000	-121.703	0.158
476.000	-122.064	0.164
477.000	-122.424	0.165
478.000	-122.785	0.162
479.000	-123.146	0.154
480.000	-123.506	0.157
481.000	-123.867	0.161
482.000	-124.228	0.173
483.000	-124.588	0.182
484.000	-124.949	0.177
485.000	-125.310	0.178
486.000	-125.670	0.177
487.000	-126.031	0.173
488.000	-126.392	0.180
489.000	-126.753	0.170
490.000	-127.113	0.171
491.000	-127.474	0.172
492.000	-127.835	0.180
493.000	-128.195	0.176
494.000	-128.556	0.167
495.000	-128.917	0.184
496.000	-129.277	0.180
497.000	-129.638	0.176
498.000	-129.999	0.167
499.000	-130.359	0.167
500.000	-130.720	0.167
0.000	49.621	-0.012
1.000	49.263	-0.012
2.000	48.904	-0.012
3.000	48.545	-0.012
4.000	48.187	-0.013
5.000	47.828	-0.013
6.000	47.469	-0.016
7.000	47.111	-0.018
8.000	46.752	-0.018
9.000	46.393	-0.015
10.000	46.034	-0.014
11.000	45.676	-0.013
12.000	45.317	-0.009
13.000	44.958	-0.009
14.000	44.600	-0.010
15.000	44.241	-0.010
16.000	43.882	-0.008
17.000	43.524	-0.008
18.000	43.165	-0.010
19.000	42.806	-0.009
20.000	42.448	-0.011
21.000	42.089	-0.009
22.000	41.730	-0.011
23.000	41.372	-0.009
24.000	41.013	-0.006
25.000	40.654	-0.007
26.000	40.296	-0.007
27.000	39.937	-0.007
28.000	39.578	-0.007
29.000	39.220	-0.008
30.000	38.861	-0.010
31.000	38.502	-0.009
32.000	38.143	-0.010
33.000	37.785	-0.013
34.000	37.426	-0.014
35.000	37.067	-0.015
36.000	36.709	-0.013
37.000	36.350	-0.011
38.000	35.991	-0.010
39.000	35.633	-0.013
40.000	35.274	-0.010
41.000	34.915	-0.012
42.000	34.557	-0.012
43.000	34.198	-0.011
44.000	33.839	-0.011
45.000	33.481	-0.008
46.000	33.122	-0.008
47.000	32.763	-0.010
48.000	32.405	-0.010
49.000	32.046	-0.012
50.000	31.687	-0.012
51.000	31.329	-0.011
52.000	30.970	-0.012
53.000	30.611	-0.014
54.000	30.252	-0.013
55.000	29.894	-0.011
56.000	29.535	-0.010
57.000	29.176	-0.011
58.000	28.818	-0.012
59.000	28.459	-0.012
60.000	28.100	-0.012
61.000	27.742	-0.011
62.000	27.383	-0.009
63.000	27.024	-0.012
64.000	26.666	-0.009
65.000	26.307	-0.008
66.000	25.948	-0.005
67.000	25.590	-0.009
68.000	25.231	-0.008
69.000	24.872	-0.012
70.000	24.514	-0.013
71.000	24.155	-0.013
72.000	23.796	-0.015
73.000	23.437	-0.013
74.000	23.079	-0.015
75.000	22.720	-0.013
76.000	22.361	-0.011
77.000	22.003	-0.012
78.000	21.644	-0.012
79.000	21.285	-0.011
80.000	20.927	-0.010
81.000	20.568	-0.011
82.000	20.209	-0.014
83.000	19.851	-0.015
84.000	19.492	-0.015
85.000	19.133	-0.016
86.000	18.775	-0.016
87.000	18.416	-0.014
88.000	18.057	-0.014
89.000	17.699	-0.012
90.000	17.340	-0.014
91.000	16.981	-0.013
92.000	16.623	-0.012
93.000	16.264	-0.013
94.000	15.905	-0.009
95.000	15.546	-0.008
96.000	15.188	-0.007
97.000	14.829	-0.007
98.000	14.470	-0.008
99.000	14.112	-0.009
100.000	13.753	-0.011
101.000	13.394	-0.010
102.000	13.036	-0.009
103.000	12.677	-0.006
104.000	12.318	-0.006
105.000	11.960	-0.004
106.000	11.601	-0.002
107.000	11.242	-0.003
108.000	10.884	-0.001
109.000	10.525	-0.004
110.000	10.166	-0.004
111.000	9.808	-0.008
112.000	9.449	-0.010
113.000	9.090	-0.011
114.000	8.731	-0.009
115.000	8.373	-0.009
116.000	8.014	-0.010
117.000	7.655	-0.010
118.000	7.297	-0.009
119.000	6.938	-0.009
120.000	6.579	-0.012
121.000	6.221	-0.010
122.000	5.862	-0.010
123.000	5.503	-0.007
124.000	5.145	-0.008
125.000	4.786	-0.005
126.000	4.427	-0.005
127.000	4.069	-0.005
128.000	3.710	-0.002
129.000	3.351	-0.003
130.000	2.993	-0.003
131.000	2.634	-0.003
132.000	2.275	-0.006
133.000	1.917	-0.005
134.000	1.558	-0.006
135.000	1.199	-0.008
136.000	0.840	-0.006
137.000	0.482	-0.003
138.000	0.123	0.003
139.000	-0.236	0.002
140.000	-0.594	0.004
141.000	-0.953	0.003
142.000	-1.312	0.003
143.000	-1.670	0.005
144.000	-2.029	0.005
145.000	-2.388	0.003
146.000	-2.746	0.013
147.000	-3.105	0.011
148.000	-3.464	0.009
149.000	-3.822	0.012
150.000	-4.181	0.014
151.000	-4.540	0.017
152.000	-4.898	0.020
153.000	-5.257	0.028
154.000	-5.616	0.027
155.000	-5.974	0.028
156.000	-6.333	0.035
157.000	-6.692	0.043
158.000	-7.051	0.046
159.000	-7.409	0.053
160.000	-7.768	0.058
161.000	-8.127	0.069
162.000	-8.485	0.070
163.000	-8.844	0.066
164.000	-9.203	0.071
165.000	-9.561	0.078
166.000	-9.920	0.078
167.000	-10.279	0.081
168.000	-10.637	0.088
169.000	-10.996	0.096
170.000	-11.355	0.092
171.000	-11.713	0.083
172.000	-12.072	0.086
173.000	-12.431	0.086
174.000	-12.789	0.084
175.000	-13.148	0.090
176.000	-13.507	0.083
177.000	-13.866	0.094
178.000	-14.224	0.091
179.000	-14.583	0.100
180.000	-14.942	0.092
181.000	-15.300	0.093
182.000	-15.659	0.088
183.000	-16.018	0.089
184.000	-16.376	0.093
185.000	-16.735	0.090
186.000	-17.094	0.100
187.000	-17.452	0.097
188.000	-17.811	0.102
189.000	-18.170	0.097
190.000	-18.528	0.095
191.000	-18.887	0.108
192.000	-19.246	0.113
193.000	-19.604	0.100
194.000	-19.963	0.100
195.000	-20.322	0.100
196.000	-20.680	0.113
197.000	-21.039	0.108
198.000	-21.398	0.102
199.000	-21.757	0.095
200.000	-22.115	0.100
201.000	-22.474	0.103
202.000	-22.833	0.101
203.000	-23.191	0.103
204.000	-23.550	0.104
205.000	-23.909	0.097
206.000	-24.267	0.107
207.000	-24.626	0.099
208.000	-24.985	0.097
209.000	-25.343	0.107
210.000	-25.702	0.114
211.000	-26.061	0.117
212.000	-26.419	0.122
213.000	-26.778	0.111
214.000	-27.137	0.103
215.000	-27.495	0.111
216.000	-27.854	0.111
217.000	-28.213	0.111
218.000	-28.571	0.116
219.000	-28.930	0.114
220.000	-29.289	0.110
221.000	-29.648	0.114
222.000	-30.006	0.118
223.000	-30.365	0.122
224.000	-30.724	0.126
225.000	-31.082	0.114
226.000	-31.441	0.121
227.000	-31.800	0.128
228.000	-32.158	0.112
229.000	-32.517	0.117
230.000	-32.876	0.130
231.000	-33.234	0.126
232.000	-33.593	0.125
233.000	-33.952	0.130
234.000	-34.310	0.134
235.000	-34.669	0.126
236.000	-35.028	0.134
237.000	-35.386	0.136
238.000	-35.745	0.137
239.000	-36.104	0.125
240.000	-36.463	0.119
241.000	-36.821	0.118
242.000	-37.180	0.118
243.000	-37.539	0.138
244.000	-37.897	0.150
245.000	-38.256	0.161
246.000	-38.615	0.163
247.000	-38.973	0.154
248.000	-39.332	0.146
249.000	-39.691	0.152
250.000	-40.049	0.149
251.000	-40.408	0.151
252.000	-40.767	0.160
253.000	-41.125	0.159
254.000	-41.484	0.166
255.000	-41.843	0.165
256.000	-42.201	0.170
257.000	-42.560	0.166
258.000	-42.919	0.166
259.000	-43.277	0.160
260.000	-43.636	0.156
261.000	-43.995	0.158
262.000	-44.354	0.155
263.000	-44.712	0.162
264.000	-45.071	0.166
265.000	-45.430	0.165
266.000	-45.788	0.155
267.000	-46.147	0.154
268.000	-46.506	0.154
269.000	-46.864	0.144
270.000	-47.223	0.151
271.000	-47.582	0.155
272.000	-47.940	0.161
273.000	-48.299	0.151
274.000	-48.658	0.147
275.000	-49.016	0.148
276.000	-49.375	0.158
277.000	-49.734	0.145
278.000	-50.092	0.146
279.000	-50.451	0.152
280.000	-50.810	0.144
281.000	-51.169	0.149
282.000	-51.527	0.147
283.000	-51.886	0.143
284.000	-52.245	0.144
285.000	-52.603	0.147
286.000	-52.962	0.140
287.000	-53.321	0.138
288.000	-53.679	0.137
289.000	-54.038	0.138
290.000	-54.397	0.142
291.000	-54.755	0.138
292.000	-55.114	0.135
293.000	-55.473	0.130
294.000	-55.831	0.130
295.000	-56.190	0.140
296.000	-56.549	0.139
297.000	-56.907	0.146
298.000	-57.266	0.148
299.000	-57.625	0.148
300.000	-57.983	0.141
301.000	-58.342	0.136
302.000	-58.701	0.133
303.000	-59.060	0.138
304.000	-59.418	0.137
305.000	-59.777	0.144
306.000	-60.136	0.147
307.000	-60.494	0.144
308.000	-60.853	0.139
309.000	-61.212	0.148
310.000	-61.570	0.149
311.000	-61.929	0.151
312.000	-62.288	0.148
313.000	-62.646	0.152
314.000	-63.005	0.149
315.000	-63.364	0.149
316.000	-63.722	0.148
317.000	-64.081	0.153
318.000	-64.440	0.161
319.000	-64.798	0.148
320.000	-65.157	0.139
321.000	-65.516	0.138
322.000	-65.874	0.142
323.000	-66.233	0.144
324.000	-66.592	0.143
325.000	-66.951	0.139
326.000	-67.309	0.142
327.000	-67.668	0.149
328.000	-68.027	0.160
329.000	-68.385	0.171
330.000	-68.744	0.160
331.000	-69.103	0.148
332.000	-69.461	0.168
333.000	-69.820	0.157
334.000	-70.179	0.157
335.000	-70.537	0.166
336.000	-70.896	0.155
337.000	-71.255	0.157
338.000	-71.613	0.170
339.000	-71.972	0.160
340.000	-72.331	0.158
341.000	-72.689	0.168
342.000	-73.048	0.164
343.000	-73.407	0.153
344.000	-73.766	0.155
345.000	-74.124	0.159
346.000	-74.483	0.164
347.000	-74.842	0.160
348.000	-75.200	0.167
349.000	-75.559	0.163
350.000	-75.918	0.152
351.000	-76.276	0.160
352.000	-76.635	0.162
353.000	-76.994	0.163
354.000	-77.352	0.147
355.000	-77.711	0.155
356.000	-78.070	0.157
357.000	-78.428	0.156
358.000	-78.787	0.149
359.000	-79.146	0.143
360.000	-79.504	0.156
361.000	-79.863	0.154
362.000	-80.222	0.153
363.000	-80.580	0.156
364.000	-80.939	0.146
365.000	-81.298	0.140
366.000	-81.657	0.147
367.000	-82.015	0.143
368.000	-82.374	0.138
369.000	-82.733	0.140
370.000	-83.091	0.139
371.000	-83.450	0.151
372.000	-83.809	0.152
373.000	-84.167	0.149
374.000	-84.526	0.149
375.000	-84.885	0.156
376.000	-85.243	0.160
377.000	-85.602	0.169
378.000	-85.961	0.167
379.000	-86.319	0.170
380.000	-86.678	0.173
381.000	-87.037	0.172
382.000	-87.395	0.169
383.000	-87.754	0.167
384.000	-88.113	0.174
385.000	-88.471	0.167
386.000	-88.830	0.155
387.000	-89.189	0.153
388.000	-89.548	0.161
389.000	-89.906	0.156
390.000	-90.265	0.155
391.000	-90.624	0.155
392.000	-90.982	0.148
393.000	-91.341	0.146
394.000	-91.700	0.153
395.000	-92.058	0.150
396.000	-92.417	0.154
397.000	-92.776	0.159
398.000	-93.134	0.160
399.000	-93.493	0.157
400.000	-93.852	0.166
401.000	-94.210	0.166
402.000	-94.569	0.163
403.000	-94.928	0.164
404.000	-95.286	0.159
405.000	-95.645	0.158
406.000	-96.004	0.154
407.000	-96.363	0.149
408.000	-96.721	0.145
409.000	-97.080	0.157
410.000	-97.439	0.168
411.000	-97.797	0.147
412.000	-98.156	0.161
413.000	-98.515	0.160
414.000	-98.873	0.160
415.000	-99.232	0.151
416.000	-99.591	0.155
417.000	-99.949	0.154
418.000	-100.308	0.157
419.000	-100.667	0.160
420.000	-101.025	0.159
421.000	-101.384	0.151
422.000	-101.743	0.149
423.000	-102.101	0.155
424.000	-102.460	0.147
425.000	-102.819	0.145
426.000	-103.177	0.143
427.000	-103.536	0.164
428.000	-103.895	0.160
429.000	-104.254	0.149
430.000	-104.612	0.151
431.000	-104.971	0.157
432.000	-105.330	0.169
433.000	-105.688	0.163
434.000	-106.047	0.164
435.000	-106.406	0.161
436.000	-106.764	0.158
437.000	-107.123	0.162
438.000	-107.482	0.162
439.000	-107.840	0.159
440.000	-108.199	0.171
441.000	-108.558	0.175
442.000	-108.916	0.179
443.000	-109.275	0.157
444.000	-109.634	0.154
445.000	-109.992	0.163
446.000	-110.351	0.165
447.000	-110.710	0.166
448.000	-111.069	0.160
449.000	-111.427	0.180
450.000	-111.786	0.166
451.000	-112.145	0.167
452.000	-112.503	0.171
453.000	-112.862	0.168
454.000	-113.221	0.164
455.000	-113.579	0.160
456.000	-113.938	0.159
457.000	-114.297	0.158
458.000	-114.655	0.179
459.000	-115.014	0.162
460.000	-115.373	0.163
461.000	-115.731	0.158
462.000	-116.090	0.155
463.000	-116.449	0.153
464.000	-116.807	0.149
465.000	-117.166	0.157
466.000	-117.525	0.158
467.000	-117.883	0.152
468.000	-118.242	0.159
469.000	-118.601	0.162
470.000	-118.960	0.160
471.000	-119.318	0.153
472.000	-119.677	0.157
473.000	-120.036	0.162
474.000	-120.394	0.162
475.000	-120.753	0.161
476.000	-121.112	0.156
477.000	-121.470	0.139
478.000	-121.829	0.155
479.000	-122.188	0.169
480.000	-122.546	0.162
481.000	-122.905	0.154
482.000	-123.264	0.150
483.000	-123.622	0.153
484.000	-123.981	0.155
485.000	-124.340	0.160
486.000	-124.698	0.147
487.000	-125.057	0.148
488.000	-125.416	0.149
489.000	-125.774	0.160
490.000	-126.133	0.153
491.000	-126.492	0.143
492.000	-126.851	0.152
493.000	-127.209	0.152
494.000	-127.568	0.149
495.000	-127.927	0.140
496.000	-128.285	0.152
497.000	-128.644	0.147
498.000	-129.003	0.153
499.000	-129.361	0.145
500.000	-129.720	0.159
0.000	50.220	-0.016
1.000	49.860	-0.015
2.000	49.500	-0.017
3.000	49.140	-0.013
4.000	48.780	-0.012
5.000	48.420	-0.015
6.000	48.059	-0.017
7.000	47.699	-0.013
8.000	47.339	-0.012
9.000	46.979	-0.013
10.000	46.619	-0.010
11.000	46.259	-0.013
12.000	45.899	-0.011
13.000	45.539	-0.012
14.000	45.179	-0.013
15.000	44.819	-0.013
16.000	44.459	-0.016
17.000	44.099	-0.016
18.000	43.738	-0.015
19.000	43.378	-0.016
20.000	43.018	-0.015
21.000	42.658	-0.015
22.000	42.298	-0.017
23.000	41.938	-0.019
24.000	41.578	-0.018
25.000	41.218	-0.013
26.000	40.858	-0.013
27.000	40.498	-0.012
28.000	40.138	-0.011
29.000	39.778	-0.011
30.000	39.418	-0.013
31.000	39.057	-0.012
32.000	38.697	-0.013
33.000	38.337	-0.012
34.000	37.977	-0.014
35.000	37.617	-0.011
36.000	37.257	-0.013
37.000	36.897	-0.014
38.000	36.537	-0.014
39.000	36.177	-0.015
40.000	35.817	-0.018
41.000	35.457	-0.013
42.000	35.097	-0.014
43.000	34.736	-0.016
44.000	34.376	-0.017
45.000	34.016	-0.018
46.000	33.656	-0.018
47.000	33.296	-0.016
48.000	32.936	-0.015
49.000	32.576	-0.016
50.000	32.216	-0.016
51.000	31.856	-0.017
52.000	31.496	-0.015
53.000	31.136	-0.014
54.000	30.776	-0.015
55.000	30.416	-0.015
56.000	30.055	-0.012
57.000	29.695	-0.010
58.000	29.335	-0.011
59.000	28.975	-0.012
60.000	28.615	-0.014
61.000	28.255	-0.014
62.000	27.895	-0.016
63.000	27.535	-0.016
64.000	27.175	-0.015
65.000	26.815	-0.016
66.000	26.455	-0.016
67.000	26.095	-0.015
68.000	25.734	-0.013
69.000	25.374	-0.014
70.000	25.014	-0.014
71.000	24.654	-0.016
72.000	24.294	-0.018
73.000	23.934	-0.012
74.000	23.574	-0.012
75.000	23.214	-0.012
76.000	22.854	-0.013
77.000	22.494	-0.016
78.000	22.134	-0.017
79.000	21.774	-0.018
80.000	21.414	-0.017
81.000	21.053	-0.017
82.000	20.693	-0.015
83.000	20.333	-0.017
84.000	19.973	-0.016
85.000	19.613	-0.017
86.000	19.253	-0.017
87.000	18.893	-0.019
88.000	18.533	-0.017
89.000	18.173	-0.012
90.000	17.813	-0.017
91.000	17.453	-0.016
92.000	17.093	-0.015
93.000	16.732	-0.014
94.000	16.372	-0.017
95.000	16.012	-0.018
96.000	15.652	-0.016
97.000	15.292	-0.016
98.000	14.932	-0.018
99.000	14.572	-0.017
100.000	14.212	-0.019
101.000	13.852	-0.021
102.000	13.492	-0.020
103.000	13.132	-0.018
104.000	12.772	-0.019
105.000	12.412	-0.020
106.000	12.051	-0.020
107.000	11.691	-0.019
108.000	11.331	-0.018
109.000	10.971	-0.019
110.000	10.611	-0.016
111.000	10.251	-0.016
112.000	9.891	-0.014
113.000	9.531	-0.015
114.000	9.171	-0.017
115.000	8.811	-0.021
116.000	8.451	-0.020
117.000	8.091	-0.017
118.000	7.730	-0.015
119.000	7.370	-0.015
120.000	7.010	-0.017
121.000	6.650	-0.018
122.000	6.290	-0.015
123.000	5.930	-0.014
124.000	5.570	-0.015
125.000	5.210	-0.014
126.000	4.850	-0.014
127.000	4.490	-0.017
128.000	4.130	-0.016
129.000	3.770	-0.016
130.000	3.410	-0.010
131.000	3.049	-0.011
132.000	2.689	-0.010
133.000	2.329	-0.012
134.000	1.969	-0.008
135.000	1.609	-0.010
136.000	1.249	-0.006
137.000	0.889	-0.005
138.000	0.529	0.002
139.000	0.169	-0.002
140.000	-0.191	-0.003
141.000	-0.551	0.003
142.000	-0.911	0.005
143.000	-1.271	0.008
144.000	-1.632	0.013
145.000	-1.992	0.013
146.000	-2.352	0.015
147.000	-2.712	0.021
148.000	-3.072	0.023
149.000	-3.432	0.022
150.000	-3.792	0.026
151.000	-4.152	0.030
152.000	-4.512	0.034
153.000	-4.872	0.039
154.000	-5.232	0.046
155.000	-5.592	0.053
156.000	-5.953	0.060
157.000	-6.313	0.055
158.000	-6.673	0.057
159.000	-7.033	0.063
160.000	-7.393	0.062
161.000	-7.753	0.068
162.000	-8.113	0.061
163.000	-8.473	0.069
164.000	-8.833	0.065
165.000	-9.193	0.071
166.000	-9.553	0.074
167.000	-9.913	0.073
168.000	-10.273	0.076
169.000	-10.634	0.081
170.000	-10.994	0.082
171.000	-11.354	0.080
172.000	-11.714	0.083
173.000	-12.074	0.092
174.000	-12.434	0.093
175.000	-12.794	0.098
176.000	-13.154	0.092
177.000	-13.514	0.091
178.000	-13.874	0.094
179.000	-14.234	0.088
180.000	-14.594	0.086
181.000	-14.955	0.086
182.000	-15.315	0.083
183.000	-15.675	0.081
184.000	-16.035	0.094
185.000	-16.395	0.095
186.000	-16.755	0.095
187.000	-17.115	0.102
188.000	-17.475	0.109
189.000	-17.835	0.111
190.000	-18.195	0.112
191.000	-18.555	0.097
192.000	-18.915	0.108
193.000	-19.275	0.106
194.000	-19.636	0.105
195.000	-19.996	0.111
196.000	-20.356	0.110
197.000	-20.716	0.109
198.000	-21.076	0.113
199.000	-21.436	0.106
200.000	-21.796	0.116
201.000	-22.156	0.110
202.000	-22.516	0.111
203.000	-22.876	0.107
204.000	-23.236	0.100
205.000	-23.596	0.111
206.000	-23.957	0.108
207.000	-24.317	0.107
208.000	-24.677	0.105
209.000	-25.037	0.101
210.000	-25.397	0.105
211.000	-25.757	0.122
212.000	-26.117	0.122
213.000	-26.477	0.125
214.000	-26.837	0.133
215.000	-27.197	0.133
216.000	-27.557	0.127
217.000	-27.917	0.124
218.000	-28.277	0.115
219.000	-28.638	0.120
220.000	-28.998	0.110
221.000	-29.358	0.116
222.000	-29.718	0.114
223.000	-30.078	0.112
224.000	-30.438	0.108
225.000	-30.798	0.114
226.000	-31.158	0.126
227.000	-31.518	0.129
228.000	-31.878	0.144
229.000	-32.238	0.142
230.000	-32.598	0.132
231.000	-32.959	0.128
232.000	-33.319	0.131
233.000	-33.679	0.135
234.000	-34.039	0.141
235.000	-34.399	0.144
236.000	-34.759	0.132
237.000	-35.119	0.125
238.000	-35.479	0.128
239.000	-35.839	0.131
240.000	-36.199	0.132
241.000	-36.559	0.133
242.000	-36.919	0.130
243.000	-37.279	0.133
244.000	-37.640	0.129
245.000	-38.000	0.138
246.000	-38.360	0.141
247.000	-38.720	0.123
248.000	-39.080	0.132
249.000	-39.440	0.137
250.000	-39.800	0.132
251.000	-40.160	0.121
252.000	-40.520	0.127
253.000	-40.880	0.135
254.000	-41.240	0.133
255.000	-41.600	0.140
256.000	-41.961	0.139
257.000	-42.321	0.150
258.000	-42.681	0.146
259.000	-43.041	0.138
260.000	-43.401	0.137
261.000	-43.761	0.136
262.000	-44.121	0.131
263.000	-44.481	0.137
264.000	-44.841	0.130
265.000	-45.201	0.138
266.000	-45.561	0.134
267.000	-45.921	0.143
268.000	-46.281	0.147
269.000	-46.642	0.148
270.000	-47.002	0.141
271.000	-47.362	0.127
272.000	-47.722	0.141
273.000	-48.082	0.135
274.000	-48.442	0.134
275.000	-48.802	0.135
276.000	-49.162	0.133
277.000	-49.522	0.134
278.000	-49.882	0.133
279.000	-50.242	0.142
280.000	-50.602	0.147
281.000	-50.963	0.150
282.000	-51.323	0.156
283.000	-51.683	0.142
284.000	-52.043	0.140
285.000	-52.403	0.141
286.000	-52.763	0.157
287.000	-53.123	0.157
288.000	-53.483	0.142
289.000	-53.843	0.154
290.000	-54.203	0.158
291.000	-54.563	0.165
292.000	-54.923	0.156
293.000	-55.283	0.150
294.000	-55.644	0.149
295.000	-56.004	0.157
296.000	-56.364	0.148
297.000	-56.724	0.147
298.000	-57.084	0.160
299.000	-57.444	0.167
300.000	-57.804	0.166
301.000	-58.164	0.148
302.000	-58.524	0.141
303.000	-58.884	0.158
304.000	-59.244	0.153
305.000	-59.604	0.157
306.000	-59.965	0.155
307.000	-60.325	0.151
308.000	-60.685	0.148
309.000	-61.045	0.158
310.000	-61.405	0.153
311.000	-61.765	0.139
312.000	-62.125	0.141
313.000	-62.485	0.145
314.000	-62.845	0.150
315.000	-63.205	0.146
316.000	-63.565	0.151
317.000	-63.925	0.145
318.000	-64.285	0.150
319.000	-64.646	0.152
320.000	-65.006	0.156
321.000	-65.366	0.172
322.000	-65.726	0.170
323.000	-66.086	0.163
324.000	-66.446	0.153
325.000	-66.806	0.149
326.000	-67.166	0.154
327.000	-67.526	0.137
328.000	-67.886	0.132
329.000	-68.246	0.136
330.000	-68.606	0.135
331.000	-68.967	0.136
332.000	-69.327	0.140
333.000	-69.687	0.149
334.000	-70.047	0.153
335.000	-70.407	0.147
336.000	-70.767	0.153
337.000	-71.127	0.150
338.000	-71.487	0.142
339.000	-71.847	0.144
340.000	-72.207	0.134
341.000	-72.567	0.142
342.000	-72.927	0.156
343.000	-73.287	0.168
344.000	-73.648	0.158
345.000	-74.008	0.153
346.000	-74.368	0.143
347.000	-74.728	0.137
348.000	-75.088	0.147
349.000	-75.448	0.143
350.000	-75.808	0.148
351.000	-76.168	0.153
352.000	-76.528	0.155
353.000	-76.888	0.150
354.000	-77.248	0.144
355.000	-77.608	0.149
356.000	-77.969	0.155
357.000	-78.329	0.151
358.000	-78.689	0.164
359.000	-79.049	0.167
360.000	-79.409	0.161
361.000	-79.769	0.159
362.000	-80.129	0.143
363.000	-80.489	0.144
364.000	-80.849	0.142
365.000	-81.209	0.135
366.000	-81.569	0.130
367.000	-81.929	0.129
368.000	-82.289	0.123
369.000	-82.650	0.130
370.000	-83.010	0.124
371.000	-83.370	0.123
372.000	-83.730	0.125
373.000	-84.090	0.143
374.000	-84.450	0.134
375.000	-84.810	0.135
376.000	-85.170	0.137
377.000	-85.530	0.136
378.000	-85.890	0.129
379.000	-86.250	0.136
380.000	-86.610	0.139
381.000	-86.970	0.134
382.000	-87.331	0.148
383.000	-87.691	0.151
384.000	-88.051	0.129
385.000	-88.411	0.129
386.000	-88.771	0.135
387.000	-89.131	0.130
388.000	-89.491	0.128
389.000	-89.851	0.124
390.000	-90.211	0.139
391.000	-90.571	0.142
392.000	-90.931	0.136
393.000	-91.291	0.132
394.000	-91.652	0.134
395.000	-92.012	0.142
396.000	-92.372	0.139
397.000	-92.732	0.134
398.000	-93.092	0.122
399.000	-93.452	0.133
400.000	-93.812	0.145
401.000	-94.172	0.142
402.000	-94.532	0.145
403.000	-94.892	0.154
404.000	-95.252	0.143
405.000	-95.612	0.149
406.000	-95.972	0.157
407.000	-96.333	0.168
408.000	-96.693	0.155
409.000	-97.053	0.159
410.000	-97.413	0.157
411.000	-97.773	0.143
412.000	-98.133	0.140
413.000	-98.493	0.140
414.000	-98.853	0.151
415.000	-99.213	0.156
416.000	-99.573	0.154
417.000	-99.933	0.146
418.000	-100.293	0.140
419.000	-100.654	0.145
420.000	-101.014	0.153
421.000	-101.374	0.156
422.000	-101.734	0.170
423.000	-102.094	0.164
424.000	-102.454	0.166
425.000	-102.814	0.164
426.000	-103.174	0.150
427.000	-103.534	0.147
428.000	-103.894	0.154
429.000	-104.254	0.163
430.000	-104.614	0.152
431.000	-104.974	0.155
432.000	-105.335	0.160
433.000	-105.695	0.150
434.000	-106.055	0.157
435.000	-106.415	0.165
436.000	-106.775	0.164
437.000	-107.135	0.157
438.000	-107.495	0.148
439.000	-107.855	0.140
440.000	-108.215	0.141
441.000	-108.575	0.142
442.000	-108.935	0.146
443.000	-109.295	0.147
444.000	-109.656	0.148
445.000	-110.016	0.148
446.000	-110.376	0.146
447.000	-110.736	0.146
448.000	-111.096	0.143
449.000	-111.456	0.158
450.000	-111.816	0.162
451.000	-112.176	0.149
452.000	-112.536	0.151
453.000	-112.896	0.164
454.000	-113.256	0.152
455.000	-113.616	0.144
456.000	-113.976	0.144
457.000	-114.337	0.139
458.000	-114.697	0.144
459.000	-115.057	0.139
460.000	-115.417	0.144
461.000	-115.777	0.154
462.000	-116.137	0.143
463.000	-116.497	0.144
464.000	-116.857	0.151
465.000	-117.217	0.150
466.000	-117.577	0.154
467.000	-117.937	0.142
468.000	-118.297	0.133
469.000	-118.658	0.146
470.000	-119.018	0.138
471.000	-119.378	0.146
472.000	-119.738	0.138
473.000	-120.098	0.139
474.000	-120.458	0.136
475.000	-120.818	0.142
476.000	-121.178	0.145
477.000	-121.538	0.139
478.000	-121.898	0.141
479.000	-122.258	0.142
480.000	-122.618	0.137
481.000	-122.978	0.142
482.000	-123.339	0.133
483.000	-123.699	0.138
484.000	-124.059	0.147
485.000	-124.419	0.135
486.000	-124.779	0.144
487.000	-125.139	0.133
488.000	-125.499	0.137
489.000	-125.859	0.147
490.000	-126.219	0.140
491.000	-126.579	0.147
492.000	-126.939	0.144
493.000	-127.299	0.152
494.000	-127.660	0.149
495.000	-128.020	0.163
496.000	-128.380	0.156
497.000	-128.740	0.148
498.000	-129.100	0.141
499.000	-129.460	0.134
500.000	-129.820	0.125
0.000	50.029	-0.020
1.000	49.677	-0.019
2.000	49.326	-0.021
3.000	48.974	-0.019
4.000	48.623	-0.020
5.000	48.271	-0.020
6.000	47.920	-0.020
7.000	47.568	-0.020
8.000	47.217	-0.018
9.000	46.865	-0.018
10.000	46.514	-0.019
11.000	46.162	-0.020
12.000	45.811	-0.023
13.000	45.459	-0.025
14.000	45.108	-0.026
15.000	44.756	-0.024
16.000	44.405	-0.026
17.000	44.053	-0.027
18.000	43.702	-0.024
19.000	43.350	-0.022
20.000	42.999	-0.021
21.000	42.647	-0.023
22.000	42.296	-0.022
23.000	41.944	-0.022
24.000	41.593	-0.023
25.000	41.241	-0.020
26.000	40.890	-0.019
27.000	40.538	-0.019
28.000	40.187	-0.018
29.000	39.835	-0.017
30.000	39.484	-0.014
31.000	39.132	-0.017
32.000	38.781	-0.017
33.000	38.429	-0.019
34.000	38.078	-0.018
35.000	37.726	-0.020
36.000	37.375	-0.019
37.000	37.023	-0.020
38.000	36.672	-0.020
39.000	36.320	-0.023
40.000	35.969	-0.023
41.000	35.617	-0.023
42.000	35.266	-0.024
43.000	34.914	-0.024
44.000	34.563	-0.026
45.000	34.211	-0.025
46.000	33.860	-0.022
47.000	33.508	-0.021
48.000	33.157	-0.020
49.000	32.805	-0.020
50.000	32.454	-0.016
51.000	32.102	-0.017
52.000	31.751	-0.020
53.000	31.399	-0.016
54.000	31.048	-0.017
55.000	30.696	-0.015
56.000	30.345	-0.018
57.000	29.993	-0.017
58.000	29.642	-0.018
59.000	29.290	-0.020
60.000	28.939	-0.020
61.000	28.587	-0.021
62.000	28.236	-0.020
63.000	27.884	-0.018
64.000	27.533	-0.016
65.000	27.181	-0.015
66.000	26.830	-0.017
67.000	26.478	-0.018
68.000	26.127	-0.019
69.000	25.775	-0.019
70.000	25.424	-0.018
71.000	25.072	-0.019
72.000	24.721	-0.018
73.000	24.369	-0.019
74.000	24.018	-0.018
75.000	23.666	-0.019
76.000	23.315	-0.021
77.000	22.963	-0.021
78.000	22.612	-0.019
79.000	22.260	-0.016
80.000	21.909	-0.020
81.000	21.557	-0.015
82.000	21.206	-0.016
83.000	20.854	-0.017
84.000	20.503	-0.019
85.000	20.151	-0.020
86.000	19.800	-0.019
87.000	19.448	-0.019
88.000	19.097	-0.020
89.000	18.745	-0.020
90.000	18.394	-0.021
91.000	18.042	-0.019
92.000	17.691	-0.022
93.000	17.339	-0.019
94.000	16.988	-0.020
95.000	16.636	-0.021
96.000	16.285	-0.023
97.000	15.933	-0.025
98.000	15.582	-0.025
99.000	15.230	-0.024
100.000	14.879	-0.025
101.000	14.527	-0.026
102.000	14.176	-0.024
103.000	13.824	-0.024
104.000	13.473	-0.024
105.000	13.121	-0.025
106.000	12.770	-0.027
107.000	12.418	-0.026
108.000	12.067	-0.025
109.000	11.715	-0.025
110.000	11.364	-0.028
111.000	11.012	-0.027
112.000	10.661	-0.023
113.000	10.309	-0.026
114.000	9.958	-0.028
115.000	9.606	-0.028
116.000	9.255	-0.029
117.000	8.903	-0.028
118.000	8.552	-0.028
119.000	8.200	-0.027
120.000	7.849	-0.022
121.000	7.497	-0.023
122.000	7.146	-0.027
123.000	6.794	-0.031
124.000	6.443	-0.028
125.000	6.091	-0.028
126.000	5.740	-0.026
127.000	5.388	-0.025
128.000	5.037	-0.025
129.000	4.685	-0.027
130.000	4.334	-0.028
131.000	3.982	-0.024
132.000	3.631	-0.023
133.000	3.279	-0.024
134.000	2.928	-0.026
135.000	2.576	-0.025
136.000	2.225	-0.026
137.000	1.873	-0.028
138.000	1.522	-0.030
139.000	1.170	-0.028
140.000	0.819	-0.025
141.000	0.467	-0.022
142.000	0.116	-0.024
143.000	-0.236	-0.022
144.000	-0.587	-0.020
145.000	-0.939	-0.016
146.000	-1.290	-0.013
147.000	-1.642	-0.015
148.000	-1.993	-0.013
149.000	-2.345	-0.009
150.000	-2.696	-0.015
151.000	-3.048	-0.013
152.000	-3.399	-0.007
153.000	-3.751	-0.003
154.000	-4.102	0.002
155.000	-4.454	0.001
156.000	-4.805	0.005
157.000	-5.157	0.005
158.000	-5.508	0.004
159.000	-5.860	0.006
160.000	-6.211	0.008
161.000	-6.563	0.008
162.000	-6.914	0.011
163.000	-7.266	0.023
164.000	-7.617	0.023
165.000	-7.969	0.033
166.000	-8.320	0.034
167.000	-8.671	0.041
168.000	-9.023	0.040
169.000	-9.374	0.042
170.000	-9.726	0.043
171.000	-10.077	0.053
172.000	-10.429	0.060
173.000	-10.780	0.071
174.000	-11.132	0.068
175.000	-11.483	0.070
176.000	-11.835	0.060
177.000	-12.186	0.061
178.000	-12.538	0.069
179.000	-12.889	0.063
180.000	-13.241	0.072
181.000	-13.592	0.079
182.000	-13.944	0.086
183.000	-14.295	0.089
184.000	-14.647	0.080
185.000	-14.998	0.075
186.000	-15.350	0.078
187.000	-15.701	0.091
188.000	-16.053	0.086
189.000	-16.404	0.095
190.000	-16.756	0.091
191.000	-17.107	0.086
192.000	-17.459	0.091
193.000	-17.810	0.097
194.000	-18.162	0.096
195.000	-18.513	0.095
196.000	-18.865	0.090
197.000	-19.216	0.092
198.000	-19.568	0.091
199.000	-19.919	0.090
200.000	-20.271	0.087
201.000	-20.622	0.086
202.000	-20.974	0.084
203.000	-21.325	0.084
204.000	-21.677	0.087
205.000	-22.028	0.095
206.000	-22.380	0.093
207.000	-22.731	0.084
208.000	-23.083	0.083
209.000	-23.434	0.084
210.000	-23.786	0.091
211.000	-24.137	0.081
212.000	-24.489	0.082
213.000	-24.840	0.098
214.000	-25.192	0.091
215.000	-25.543	0.087
216.000	-25.895	0.091
217.000	-26.246	0.090
218.000	-26.598	0.093
219.000	-26.949	0.098
220.000	-27.301	0.091
221.000	-27.652	0.095
222.000	-28.004	0.091
223.000	-28.355	0.091
224.000	-28.707	0.085
225.000	-29.058	0.091
226.000	-29.410	0.099
227.000	-29.761	0.106
228.000	-30.113	0.094
229.000	-30.464	0.092
230.000	-30.816	0.098
231.000	-31.167	0.110
232.000	-31.519	0.095
233.000	-31.870	0.104
234.000	-32.222	0.102
235.000	-32.573	0.092
236.000	-32.925	0.092
237.000	-33.276	0.107
238.000	-33.628	0.100
239.000	-33.979	0.103
240.000	-34.331	0.098
241.000	-34.682	0.096
242.000	-35.034	0.106
243.000	-35.385	0.096
244.000	-35.737	0.092
245.000	-36.088	0.089
246.000	-36.440	0.102
247.000	-36.791	0.110
248.000	-37.143	0.111
249.000	-37.494	0.100
250.000	-37.846	0.108
251.000	-38.197	0.123
252.000	-38.549	0.117
253.000	-38.900	0.127
254.000	-39.252	0.118
255.000	-39.603	0.120
256.000	-39.955	0.126
257.000	-40.306	0.117
258.000	-40.658	0.125
259.000	-41.009	0.129
260.000	-41.361	0.120
261.000	-41.712	0.119
262.000	-42.064	0.122
263.000	-42.415	0.133
264.000	-42.767	0.129
265.000	-43.118	0.137
266.000	-43.470	0.144
267.000	-43.821	0.146
268.000	-44.173	0.139
269.000	-44.524	0.153
270.000	-44.876	0.155
271.000	-45.227	0.158
272.000	-45.579	0.159
273.000	-45.930	0.154
274.000	-46.282	0.142
275.000	-46.633	0.143
276.000	-46.985	0.137
277.000	-47.336	0.142
278.000	-47.688	0.145
279.000	-48.039	0.140
280.000	-48.391	0.146
281.000	-48.742	0.157
282.000	-49.094	0.165
283.000	-49.445	0.159
284.000	-49.797	0.162
285.000	-50.148	0.162
286.000	-50.500	0.158
287.000	-50.851	0.148
288.000	-51.203	0.154
289.000	-51.554	0.147
290.000	-51.906	0.148
291.000	-52.257	0.146
292.000	-52.609	0.164
293.000	-52.960	0.153
294.000	-53.312	0.161
295.000	-53.663	0.166
296.000	-54.015	0.160
297.000	-54.366	0.164
298.000	-54.718	0.165
299.000	-55.069	0.161
300.000	-55.421	0.158
301.000	-55.772	0.163
302.000	-56.124	0.148
303.000	-56.475	0.153
304.000	-56.827	0.157
305.000	-57.178	0.148
306.000	-57.530	0.135
307.000	-57.881	0.135
308.000	-58.233	0.133
309.000	-58.584	0.142
310.000	-58.936	0.145
311.000	-59.287	0.160
312.000	-59.639	0.160
313.000	-59.990	0.153
314.000	-60.342	0.159
315.000	-60.693	0.159
316.000	-61.045	0.154
317.000	-61.396	0.151
318.000	-61.748	0.153
319.000	-62.099	0.155
320.000	-62.451	0.164
321.000	-62.802	0.164
322.000	-63.154	0.156
323.000	-63.505	0.154
324.000	-63.857	0.163
325.000	-64.208	0.150
326.000	-64.560	0.146
327.000	-64.911	0.150
328.000	-65.263	0.155
329.000	-65.614	0.151
330.000	-65.966	0.145
331.000	-66.317	0.154
332.000	-66.669	0.163
333.000	-67.020	0.156
334.000	-67.371	0.152
335.000	-67.723	0.160
336.000	-68.074	0.161
337.000	-68.426	0.153
338.000	-68.777	0.150
339.000	-69.129	0.150
340.000	-69.480	0.146
341.000	-69.832	0.138
342.000	-70.183	0.137
343.000	-70.535	0.143
344.000	-70.886	0.139
345.000	-71.238	0.138
346.000	-71.589	0.136
347.000	-71.941	0.126
348.000	-72.292	0.142
349.000	-72.644	0.130
350.000	-72.995	0.140
351.000	-73.347	0.133
352.000	-73.698	0.135
353.000	-74.050	0.140
354.000	-74.401	0.134
355.000	-74.753	0.146
356.000	-75.104	0.138
357.000	-75.456	0.141
358.000	-75.807	0.139
359.000	-76.159	0.140
360.000	-76.510	0.130
361.000	-76.862	0.127
362.000	-77.213	0.128
363.000	-77.565	0.121
364.000	-77.916	0.129
365.000	-78.268	0.125
366.000	-78.619	0.137
367.000	-78.971	0.139
368.000	-79.322	0.134
369.000	-79.674	0.138
370.000	-80.025	0.141
371.000	-80.377	0.143
372.000	-80.728	0.139
373.000	-81.080	0.135
374.000	-81.431	0.140
375.000	-81.783	0.128
376.000	-82.134	0.142
377.000	-82.486	0.149
378.000	-82.837	0.153
379.000	-83.189	0.145
380.000	-83.540	0.148
381.000	-83.892	0.155
382.000	-84.243	0.148
383.000	-84.595	0.151
384.000	-84.946	0.161
385.000	-85.298	0.159
386.000	-85.649	0.149
387.000	-86.001	0.141
388.000	-86.352	0.142
389.000	-86.704	0.136
390.000	-87.055	0.123
391.000	-87.407	0.125
392.000	-87.758	0.131
393.000	-88.110	0.141
394.000	-88.461	0.146
395.000	-88.813	0.147
396.000	-89.164	0.158
397.000	-89.516	0.159
398.000	-89.867	0.158
399.000	-90.219	0.152
400.000	-90.570	0.131
401.000	-90.922	0.122
402.000	-91.273	0.137
403.000	-91.625	0.130
404.000	-91.976	0.125
405.000	-92.328	0.136
406.000	-92.679	0.129
407.000	-93.031	0.135
408.000	-93.382	0.137
409.000	-93.734	0.140
410.000	-94.085	0.137
411.000	-94.437	0.141
412.000	-94.788	0.137
413.000	-95.140	0.128
414.000	-95.491	0.133
415.000	-95.843	0.126
416.000	-96.194	0.126
417.000	-96.546	0.137
418.000	-96.897	0.130
419.000	-97.249	0.130
420.000	-97.600	0.125
421.000	-97.952	0.139
422.000	-98.303	0.142
423.000	-98.655	0.137
424.000	-99.006	0.139
425.000	-99.358	0.147
426.000	-99.709	0.147
427.000	-100.061	0.153
428.000	-100.412	0.143
429.000	-100.764	0.148
430.000	-101.115	0.152
431.000	-101.467	0.147
432.000	-101.818	0.138
433.000	-102.170	0.129
434.000	-102.521	0.130
435.000	-102.873	0.135
436.000	-103.224	0.138
437.000	-103.576	0.141
438.000	-103.927	0.144
439.000	-104.279	0.137
440.000	-104.630	0.124
441.000	-104.982	0.138
442.000	-105.333	0.151
443.000	-105.685	0.146
444.000	-106.036	0.154
445.000	-106.388	0.147
446.000	-106.739	0.132
447.000	-107.091	0.137
448.000	-107.442	0.133
449.000	-107.794	0.131
450.000	-108.145	0.141
451.000	-108.497	0.143
452.000	-108.848	0.152
453.000	-109.200	0.138
454.000	-109.551	0.150
455.000	-109.903	0.133
456.000	-110.254	0.137
457.000	-110.606	0.129
458.000	-110.957	0.134
459.000	-111.309	0.131
460.000	-111.660	0.128
461.000	-112.012	0.125
462.000	-112.363	0.125
463.000	-112.715	0.118
464.000	-113.066	0.111
465.000	-113.418	0.125
466.000	-113.769	0.122
467.000	-114.121	0.121
468.000	-114.472	0.129
469.000	-114.824	0.124
470.000	-115.175	0.127
471.000	-115.527	0.125
472.000	-115.878	0.128
473.000	-116.230	0.125
474.000	-116.581	0.122
475.000	-116.933	0.135
476.000	-117.284	0.139
477.000	-117.636	0.142
478.000	-117.987	0.138
479.000	-118.339	0.128
480.000	-118.690	0.124
481.000	-119.042	0.134
482.000	-119.393	0.130
483.000	-119.745	0.124
484.000	-120.096	0.145
485.000	-120.448	0.145
486.000	-120.799	0.152
487.000	-121.151	0.153
488.000	-121.502	0.143
489.000	-121.854	0.136
490.000	-122.205	0.136
491.000	-122.557	0.132
492.000	-122.908	0.131
493.000	-123.260	0.127
494.000	-123.611	0.135
495.000	-123.963	0.139
496.000	-124.314	0.151
497.000	-124.666	0.156
498.000	-125.017	0.160
499.000	-125.369	0.148
500.000	-125.720	0.144
