# Long Delay scan
# PM at 1.0 (38 dB)
# MW at 19 dB
# - Resonance
# Laser at 365818.6 GHz
# Static at 0 mV
# Norm	0.274391, 0.25157 -> 0.2629805
# Norm Background	0.0772695, -0.0656286 -> 0.00582045
i	d	n	nb	s	sb
0.000	46804.000	1.000	0.000	0.083	-0.037
1.000	47072.000	1.000	0.000	0.071	-0.037
2.000	47341.000	1.000	0.000	0.094	-0.037
3.000	47609.000	1.000	0.000	0.072	-0.037
4.000	47877.000	1.000	0.000	0.051	-0.037
5.000	48145.000	1.000	0.000	0.069	-0.037
6.000	48413.000	1.000	0.000	0.089	-0.037
7.000	48681.000	1.000	0.000	0.099	-0.037
8.000	48950.000	1.000	0.000	0.064	-0.037
9.000	49218.000	1.000	0.000	0.094	-0.037
10.000	49486.000	1.000	0.000	0.093	-0.037
11.000	49754.000	1.000	0.000	0.068	-0.037
12.000	50022.000	1.000	0.000	0.081	-0.037
13.000	50290.000	1.000	0.000	0.086	-0.037
14.000	50559.000	1.000	0.000	0.088	-0.037
15.000	50827.000	1.000	0.000	0.083	-0.037
16.000	51095.000	1.000	0.000	0.096	-0.037
17.000	51363.000	1.000	0.000	0.067	-0.037
18.000	51631.000	1.000	0.000	0.109	-0.037
19.000	51899.000	1.000	0.000	0.100	-0.037
20.000	52167.000	1.000	0.000	0.084	-0.037
21.000	52436.000	1.000	0.000	0.065	-0.037
22.000	52704.000	1.000	0.000	0.111	-0.037
23.000	52972.000	1.000	0.000	0.098	-0.037
24.000	53240.000	1.000	0.000	0.106	-0.037
25.000	53508.000	1.000	0.000	0.074	-0.037
26.000	53776.000	1.000	0.000	0.069	-0.037
27.000	54045.000	1.000	0.000	0.080	-0.037
28.000	54313.000	1.000	0.000	0.095	-0.037
29.000	54581.000	1.000	0.000	0.076	-0.037
30.000	54849.000	1.000	0.000	0.078	-0.037
31.000	55117.000	1.000	0.000	0.072	-0.037
32.000	55385.000	1.000	0.000	0.076	-0.037
33.000	55654.000	1.000	0.000	0.091	-0.037
34.000	55922.000	1.000	0.000	0.053	-0.037
35.000	56190.000	1.000	0.000	0.081	-0.037
36.000	56458.000	1.000	0.000	0.064	-0.037
37.000	56726.000	1.000	0.000	0.073	-0.037
38.000	56994.000	1.000	0.000	0.076	-0.037
39.000	57262.000	1.000	0.000	0.079	-0.037
40.000	57531.000	1.000	0.000	0.063	-0.037
41.000	57799.000	1.000	0.000	0.069	-0.037
42.000	58067.000	1.000	0.000	0.058	-0.037
43.000	58335.000	1.000	0.000	0.060	-0.037
44.000	58603.000	1.000	0.000	0.062	-0.037
45.000	58871.000	1.000	0.000	0.106	-0.037
46.000	59140.000	1.000	0.000	0.105	-0.037
47.000	59408.000	1.000	0.000	0.087	-0.037
48.000	59676.000	1.000	0.000	0.077	-0.037
49.000	59944.000	1.000	0.000	0.058	-0.037
50.000	60212.000	1.000	0.000	0.096	-0.037
51.000	60480.000	1.000	0.000	0.049	-0.037
52.000	60749.000	1.000	0.000	0.081	-0.037
53.000	61017.000	1.000	0.000	0.070	-0.037
54.000	61285.000	1.000	0.000	0.084	-0.037
55.000	61553.000	1.000	0.000	0.076	-0.037
56.000	61821.000	1.000	0.000	0.073	-0.037
57.000	62089.000	1.000	0.000	0.089	-0.037
58.000	62357.000	1.000	0.000	0.059	-0.037
59.000	62626.000	1.000	0.000	0.072	-0.037
60.000	62894.000	1.000	0.000	0.087	-0.037
61.000	63162.000	1.000	0.000	0.089	-0.037
62.000	63430.000	1.000	0.000	0.079	-0.037
63.000	63698.000	1.000	0.000	0.098	-0.037
64.000	63966.000	1.000	0.000	0.086	-0.037
65.000	64235.000	1.000	0.000	0.079	-0.037
66.000	64503.000	1.000	0.000	0.070	-0.037
67.000	64771.000	1.000	0.000	0.106	-0.037
68.000	65039.000	1.000	0.000	0.083	-0.037
69.000	65307.000	1.000	0.000	0.089	-0.037
70.000	65575.000	1.000	0.000	0.069	-0.037
71.000	65843.000	1.000	0.000	0.068	-0.037
72.000	66112.000	1.000	0.000	0.078	-0.037
73.000	66380.000	1.000	0.000	0.091	-0.037
74.000	66648.000	1.000	0.000	0.072	-0.037
75.000	66916.000	1.000	0.000	0.083	-0.037
76.000	67184.000	1.000	0.000	0.100	-0.037
77.000	67452.000	1.000	0.000	0.098	-0.037
78.000	67721.000	1.000	0.000	0.076	-0.037
79.000	67989.000	1.000	0.000	0.101	-0.037
80.000	68257.000	1.000	0.000	0.079	-0.037
81.000	68525.000	1.000	0.000	0.082	-0.037
82.000	68793.000	1.000	0.000	0.075	-0.037
83.000	69061.000	1.000	0.000	0.076	-0.037
84.000	69330.000	1.000	0.000	0.066	-0.037
85.000	69598.000	1.000	0.000	0.093	-0.037
86.000	69866.000	1.000	0.000	0.071	-0.037
87.000	70134.000	1.000	0.000	0.078	-0.037
88.000	70402.000	1.000	0.000	0.070	-0.037
89.000	70670.000	1.000	0.000	0.094	-0.037
90.000	70938.000	1.000	0.000	0.066	-0.037
91.000	71207.000	1.000	0.000	0.081	-0.037
92.000	71475.000	1.000	0.000	0.058	-0.037
93.000	71743.000	1.000	0.000	0.064	-0.037
94.000	72011.000	1.000	0.000	0.067	-0.037
95.000	72279.000	1.000	0.000	0.070	-0.037
96.000	72547.000	1.000	0.000	0.063	-0.037
97.000	72816.000	1.000	0.000	0.101	-0.037
98.000	73084.000	1.000	0.000	0.070	-0.037
99.000	73352.000	1.000	0.000	0.088	-0.037
100.000	73620.000	1.000	0.000	0.078	-0.037
101.000	73888.000	1.000	0.000	0.051	-0.037
102.000	74156.000	1.000	0.000	0.063	-0.037
103.000	74425.000	1.000	0.000	0.073	-0.037
104.000	74693.000	1.000	0.000	0.090	-0.037
105.000	74961.000	1.000	0.000	0.081	-0.037
106.000	75229.000	1.000	0.000	0.079	-0.037
107.000	75497.000	1.000	0.000	0.089	-0.037
108.000	75765.000	1.000	0.000	0.069	-0.037
109.000	76033.000	1.000	0.000	0.079	-0.037
110.000	76302.000	1.000	0.000	0.058	-0.037
111.000	76570.000	1.000	0.000	0.078	-0.037
112.000	76838.000	1.000	0.000	0.065	-0.037
113.000	77106.000	1.000	0.000	0.100	-0.037
114.000	77374.000	1.000	0.000	0.064	-0.037
115.000	77642.000	1.000	0.000	0.086	-0.037
116.000	77911.000	1.000	0.000	0.068	-0.037
117.000	78179.000	1.000	0.000	0.060	-0.037
118.000	78447.000	1.000	0.000	0.065	-0.037
119.000	78715.000	1.000	0.000	0.056	-0.037
120.000	78983.000	1.000	0.000	0.071	-0.037
121.000	79251.000	1.000	0.000	0.041	-0.037
122.000	79520.000	1.000	0.000	0.082	-0.037
123.000	79788.000	1.000	0.000	0.062	-0.037
124.000	80056.000	1.000	0.000	0.068	-0.037
125.000	80324.000	1.000	0.000	0.058	-0.037
126.000	80592.000	1.000	0.000	0.062	-0.037
127.000	80860.000	1.000	0.000	0.092	-0.037
128.000	81128.000	1.000	0.000	0.079	-0.037
129.000	81397.000	1.000	0.000	0.081	-0.037
130.000	81665.000	1.000	0.000	0.059	-0.037
131.000	81933.000	1.000	0.000	0.064	-0.037
132.000	82201.000	1.000	0.000	0.094	-0.037
133.000	82469.000	1.000	0.000	0.070	-0.037
134.000	82737.000	1.000	0.000	0.094	-0.037
135.000	83006.000	1.000	0.000	0.068	-0.037
136.000	83274.000	1.000	0.000	0.080	-0.037
137.000	83542.000	1.000	0.000	0.071	-0.037
138.000	83810.000	1.000	0.000	0.060	-0.037
139.000	84078.000	1.000	0.000	0.092	-0.037
140.000	84346.000	1.000	0.000	0.074	-0.037
141.000	84614.000	1.000	0.000	0.077	-0.037
142.000	84883.000	1.000	0.000	0.095	-0.037
143.000	85151.000	1.000	0.000	0.073	-0.037
144.000	85419.000	1.000	0.000	0.073	-0.037
145.000	85687.000	1.000	0.000	0.077	-0.037
146.000	85955.000	1.000	0.000	0.070	-0.037
147.000	86223.000	1.000	0.000	0.079	-0.037
148.000	86492.000	1.000	0.000	0.064	-0.037
149.000	86760.000	1.000	0.000	0.060	-0.037
150.000	87028.000	1.000	0.000	0.072	-0.037
151.000	87296.000	1.000	0.000	0.082	-0.037
152.000	87564.000	1.000	0.000	0.072	-0.037
153.000	87832.000	1.000	0.000	0.055	-0.037
154.000	88101.000	1.000	0.000	0.059	-0.037
155.000	88369.000	1.000	0.000	0.067	-0.037
156.000	88637.000	1.000	0.000	0.052	-0.037
157.000	88905.000	1.000	0.000	0.040	-0.037
158.000	89173.000	1.000	0.000	0.052	-0.037
159.000	89441.000	1.000	0.000	0.068	-0.037
160.000	89709.000	1.000	0.000	0.049	-0.037
161.000	89978.000	1.000	0.000	0.051	-0.037
162.000	90246.000	1.000	0.000	0.064	-0.037
163.000	90514.000	1.000	0.000	0.053	-0.037
164.000	90782.000	1.000	0.000	0.056	-0.037
165.000	91050.000	1.000	0.000	0.070	-0.037
166.000	91318.000	1.000	0.000	0.065	-0.037
167.000	91587.000	1.000	0.000	0.053	-0.037
168.000	91855.000	1.000	0.000	0.091	-0.037
169.000	92123.000	1.000	0.000	0.088	-0.037
170.000	92391.000	1.000	0.000	0.062	-0.037
171.000	92659.000	1.000	0.000	0.079	-0.037
172.000	92927.000	1.000	0.000	0.054	-0.037
173.000	93196.000	1.000	0.000	0.084	-0.037
174.000	93464.000	1.000	0.000	0.055	-0.037
175.000	93732.000	1.000	0.000	0.079	-0.037
176.000	94000.000	1.000	0.000	0.053	-0.037
177.000	94268.000	1.000	0.000	0.068	-0.037
178.000	94536.000	1.000	0.000	0.058	-0.037
179.000	94804.000	1.000	0.000	0.071	-0.037
180.000	95073.000	1.000	0.000	0.073	-0.037
181.000	95341.000	1.000	0.000	0.052	-0.037
182.000	95609.000	1.000	0.000	0.057	-0.037
183.000	95877.000	1.000	0.000	0.062	-0.037
184.000	96145.000	1.000	0.000	0.069	-0.037
185.000	96413.000	1.000	0.000	0.048	-0.037
186.000	96682.000	1.000	0.000	0.067	-0.037
187.000	96950.000	1.000	0.000	0.064	-0.037
188.000	97218.000	1.000	0.000	0.078	-0.037
189.000	97486.000	1.000	0.000	0.074	-0.037
190.000	97754.000	1.000	0.000	0.055	-0.037
191.000	98022.000	1.000	0.000	0.077	-0.037
192.000	98290.000	1.000	0.000	0.052	-0.037
193.000	98559.000	1.000	0.000	0.066	-0.037
194.000	98827.000	1.000	0.000	0.077	-0.037
195.000	99095.000	1.000	0.000	0.076	-0.037
196.000	99363.000	1.000	0.000	0.074	-0.037
197.000	99631.000	1.000	0.000	0.081	-0.037
198.000	99899.000	1.000	0.000	0.077	-0.037
199.000	100168.000	1.000	0.000	0.082	-0.037
200.000	100436.000	1.000	0.000	0.056	-0.037
201.000	100704.000	1.000	0.000	0.061	-0.037
202.000	100972.000	1.000	0.000	0.076	-0.037
203.000	101240.000	1.000	0.000	0.096	-0.037
204.000	101508.000	1.000	0.000	0.065	-0.037
205.000	101777.000	1.000	0.000	0.069	-0.037
206.000	102045.000	1.000	0.000	0.068	-0.037
207.000	102313.000	1.000	0.000	0.068	-0.037
208.000	102581.000	1.000	0.000	0.069	-0.037
209.000	102849.000	1.000	0.000	0.087	-0.037
210.000	103117.000	1.000	0.000	0.054	-0.037
211.000	103385.000	1.000	0.000	0.073	-0.037
212.000	103654.000	1.000	0.000	0.069	-0.037
213.000	103922.000	1.000	0.000	0.068	-0.037
214.000	104190.000	1.000	0.000	0.087	-0.037
215.000	104458.000	1.000	0.000	0.070	-0.037
216.000	104726.000	1.000	0.000	0.072	-0.037
217.000	104994.000	1.000	0.000	0.057	-0.037
218.000	105263.000	1.000	0.000	0.066	-0.037
219.000	105531.000	1.000	0.000	0.064	-0.037
220.000	105799.000	1.000	0.000	0.073	-0.037
221.000	106067.000	1.000	0.000	0.045	-0.037
222.000	106335.000	1.000	0.000	0.049	-0.037
223.000	106603.000	1.000	0.000	0.050	-0.037
224.000	106872.000	1.000	0.000	0.075	-0.037
225.000	107140.000	1.000	0.000	0.088	-0.037
226.000	107408.000	1.000	0.000	0.083	-0.037
227.000	107676.000	1.000	0.000	0.086	-0.037
228.000	107944.000	1.000	0.000	0.052	-0.037
229.000	108212.000	1.000	0.000	0.080	-0.037
230.000	108480.000	1.000	0.000	0.090	-0.037
231.000	108749.000	1.000	0.000	0.058	-0.037
232.000	109017.000	1.000	0.000	0.058	-0.037
233.000	109285.000	1.000	0.000	0.083	-0.037
234.000	109553.000	1.000	0.000	0.079	-0.037
235.000	109821.000	1.000	0.000	0.054	-0.037
236.000	110089.000	1.000	0.000	0.035	-0.037
237.000	110358.000	1.000	0.000	0.056	-0.037
238.000	110626.000	1.000	0.000	0.082	-0.037
239.000	110894.000	1.000	0.000	0.075	-0.037
240.000	111162.000	1.000	0.000	0.068	-0.037
241.000	111430.000	1.000	0.000	0.064	-0.037
242.000	111698.000	1.000	0.000	0.066	-0.037
243.000	111967.000	1.000	0.000	0.080	-0.037
244.000	112235.000	1.000	0.000	0.066	-0.037
245.000	112503.000	1.000	0.000	0.049	-0.037
246.000	112771.000	1.000	0.000	0.050	-0.037
247.000	113039.000	1.000	0.000	0.052	-0.037
248.000	113307.000	1.000	0.000	0.079	-0.037
249.000	113575.000	1.000	0.000	0.082	-0.037
250.000	113844.000	1.000	0.000	0.078	-0.037
251.000	114112.000	1.000	0.000	0.068	-0.037
252.000	114380.000	1.000	0.000	0.093	-0.037
253.000	114648.000	1.000	0.000	0.051	-0.037
254.000	114916.000	1.000	0.000	0.091	-0.037
255.000	115184.000	1.000	0.000	0.062	-0.037
256.000	115453.000	1.000	0.000	0.097	-0.037
257.000	115721.000	1.000	0.000	0.090	-0.037
258.000	115989.000	1.000	0.000	0.084	-0.037
259.000	116257.000	1.000	0.000	0.074	-0.037
260.000	116525.000	1.000	0.000	0.075	-0.037
261.000	116793.000	1.000	0.000	0.077	-0.037
262.000	117061.000	1.000	0.000	0.053	-0.037
263.000	117330.000	1.000	0.000	0.060	-0.037
264.000	117598.000	1.000	0.000	0.054	-0.037
265.000	117866.000	1.000	0.000	0.072	-0.037
266.000	118134.000	1.000	0.000	0.063	-0.037
267.000	118402.000	1.000	0.000	0.061	-0.037
268.000	118670.000	1.000	0.000	0.066	-0.037
269.000	118939.000	1.000	0.000	0.060	-0.037
270.000	119207.000	1.000	0.000	0.060	-0.037
271.000	119475.000	1.000	0.000	0.045	-0.037
272.000	119743.000	1.000	0.000	0.096	-0.037
273.000	120011.000	1.000	0.000	0.059	-0.037
274.000	120279.000	1.000	0.000	0.046	-0.037
275.000	120548.000	1.000	0.000	0.076	-0.037
276.000	120816.000	1.000	0.000	0.059	-0.037
277.000	121084.000	1.000	0.000	0.063	-0.037
278.000	121352.000	1.000	0.000	0.090	-0.037
279.000	121620.000	1.000	0.000	0.048	-0.037
280.000	121888.000	1.000	0.000	0.069	-0.037
281.000	122156.000	1.000	0.000	0.062	-0.037
282.000	122425.000	1.000	0.000	0.070	-0.037
283.000	122693.000	1.000	0.000	0.077	-0.037
284.000	122961.000	1.000	0.000	0.041	-0.037
285.000	123229.000	1.000	0.000	0.072	-0.037
286.000	123497.000	1.000	0.000	0.076	-0.037
287.000	123765.000	1.000	0.000	0.084	-0.037
288.000	124034.000	1.000	0.000	0.062	-0.037
289.000	124302.000	1.000	0.000	0.049	-0.037
290.000	124570.000	1.000	0.000	0.097	-0.037
291.000	124838.000	1.000	0.000	0.066	-0.037
292.000	125106.000	1.000	0.000	0.061	-0.037
293.000	125374.000	1.000	0.000	0.053	-0.037
294.000	125643.000	1.000	0.000	0.074	-0.037
295.000	125911.000	1.000	0.000	0.062	-0.037
296.000	126179.000	1.000	0.000	0.049	-0.037
297.000	126447.000	1.000	0.000	0.086	-0.037
298.000	126715.000	1.000	0.000	0.057	-0.037
299.000	126983.000	1.000	0.000	0.050	-0.037
300.000	127251.000	1.000	0.000	0.054	-0.037
301.000	127520.000	1.000	0.000	0.092	-0.037
302.000	127788.000	1.000	0.000	0.063	-0.037
303.000	128056.000	1.000	0.000	0.071	-0.037
304.000	128324.000	1.000	0.000	0.056	-0.037
305.000	128592.000	1.000	0.000	0.083	-0.037
306.000	128860.000	1.000	0.000	0.073	-0.037
307.000	129129.000	1.000	0.000	0.094	-0.037
308.000	129397.000	1.000	0.000	0.060	-0.037
309.000	129665.000	1.000	0.000	0.078	-0.037
310.000	129933.000	1.000	0.000	0.080	-0.037
311.000	130201.000	1.000	0.000	0.067	-0.037
312.000	130469.000	1.000	0.000	0.062	-0.037
313.000	130738.000	1.000	0.000	0.067	-0.037
314.000	131006.000	1.000	0.000	0.075	-0.037
315.000	131274.000	1.000	0.000	0.080	-0.037
316.000	131542.000	1.000	0.000	0.065	-0.037
317.000	131810.000	1.000	0.000	0.084	-0.037
318.000	132078.000	1.000	0.000	0.079	-0.037
319.000	132346.000	1.000	0.000	0.083	-0.037
320.000	132615.000	1.000	0.000	0.059	-0.037
321.000	132883.000	1.000	0.000	0.078	-0.037
322.000	133151.000	1.000	0.000	0.058	-0.037
323.000	133419.000	1.000	0.000	0.076	-0.037
324.000	133687.000	1.000	0.000	0.063	-0.037
325.000	133955.000	1.000	0.000	0.054	-0.037
326.000	134224.000	1.000	0.000	0.079	-0.037
327.000	134492.000	1.000	0.000	0.072	-0.037
328.000	134760.000	1.000	0.000	0.074	-0.037
329.000	135028.000	1.000	0.000	0.065	-0.037
330.000	135296.000	1.000	0.000	0.064	-0.037
331.000	135564.000	1.000	0.000	0.092	-0.037
332.000	135832.000	1.000	0.000	0.060	-0.037
333.000	136101.000	1.000	0.000	0.066	-0.037
334.000	136369.000	1.000	0.000	0.058	-0.037
335.000	136637.000	1.000	0.000	0.076	-0.037
336.000	136905.000	1.000	0.000	0.085	-0.037
337.000	137173.000	1.000	0.000	0.084	-0.037
338.000	137441.000	1.000	0.000	0.081	-0.037
339.000	137710.000	1.000	0.000	0.058	-0.037
340.000	137978.000	1.000	0.000	0.057	-0.037
341.000	138246.000	1.000	0.000	0.059	-0.037
342.000	138514.000	1.000	0.000	0.074	-0.037
343.000	138782.000	1.000	0.000	0.061	-0.037
344.000	139050.000	1.000	0.000	0.067	-0.037
345.000	139319.000	1.000	0.000	0.053	-0.037
346.000	139587.000	1.000	0.000	0.089	-0.037
347.000	139855.000	1.000	0.000	0.076	-0.037
348.000	140123.000	1.000	0.000	0.054	-0.037
349.000	140391.000	1.000	0.000	0.071	-0.037
350.000	140659.000	1.000	0.000	0.046	-0.037
351.000	140927.000	1.000	0.000	0.072	-0.037
352.000	141196.000	1.000	0.000	0.078	-0.037
353.000	141464.000	1.000	0.000	0.076	-0.037
354.000	141732.000	1.000	0.000	0.074	-0.037
355.000	142000.000	1.000	0.000	0.054	-0.037
356.000	142268.000	1.000	0.000	0.056	-0.037
357.000	142536.000	1.000	0.000	0.093	-0.037
358.000	142805.000	1.000	0.000	0.058	-0.037
359.000	143073.000	1.000	0.000	0.052	-0.037
360.000	143341.000	1.000	0.000	0.048	-0.037
361.000	143609.000	1.000	0.000	0.052	-0.037
362.000	143877.000	1.000	0.000	0.071	-0.037
363.000	144145.000	1.000	0.000	0.081	-0.037
364.000	144414.000	1.000	0.000	0.061	-0.037
365.000	144682.000	1.000	0.000	0.068	-0.037
366.000	144950.000	1.000	0.000	0.058	-0.037
367.000	145218.000	1.000	0.000	0.052	-0.037
368.000	145486.000	1.000	0.000	0.073	-0.037
369.000	145754.000	1.000	0.000	0.080	-0.037
370.000	146022.000	1.000	0.000	0.058	-0.037
371.000	146291.000	1.000	0.000	0.059	-0.037
372.000	146559.000	1.000	0.000	0.094	-0.037
373.000	146827.000	1.000	0.000	0.053	-0.037
374.000	147095.000	1.000	0.000	0.088	-0.037
375.000	147363.000	1.000	0.000	0.055	-0.037
376.000	147631.000	1.000	0.000	0.057	-0.037
377.000	147900.000	1.000	0.000	0.069	-0.037
378.000	148168.000	1.000	0.000	0.055	-0.037
379.000	148436.000	1.000	0.000	0.070	-0.037
380.000	148704.000	1.000	0.000	0.080	-0.037
381.000	148972.000	1.000	0.000	0.066	-0.037
382.000	149240.000	1.000	0.000	0.083	-0.037
383.000	149508.000	1.000	0.000	0.061	-0.037
384.000	149777.000	1.000	0.000	0.057	-0.037
385.000	150045.000	1.000	0.000	0.068	-0.037
386.000	150313.000	1.000	0.000	0.067	-0.037
387.000	150581.000	1.000	0.000	0.052	-0.037
388.000	150849.000	1.000	0.000	0.043	-0.037
389.000	151117.000	1.000	0.000	0.068	-0.037
390.000	151386.000	1.000	0.000	0.053	-0.037
391.000	151654.000	1.000	0.000	0.058	-0.037
392.000	151922.000	1.000	0.000	0.055	-0.037
393.000	152190.000	1.000	0.000	0.056	-0.037
394.000	152458.000	1.000	0.000	0.064	-0.037
395.000	152726.000	1.000	0.000	0.071	-0.037
396.000	152995.000	1.000	0.000	0.051	-0.037
397.000	153062.000	1.000	0.000	0.092	-0.037
398.000	152793.000	1.000	0.000	0.056	-0.037
399.000	152525.000	1.000	0.000	0.047	-0.037
400.000	152257.000	1.000	0.000	0.060	-0.037
401.000	151989.000	1.000	0.000	0.078	-0.037
402.000	151721.000	1.000	0.000	0.067	-0.037
403.000	151453.000	1.000	0.000	0.040	-0.037
404.000	151184.000	1.000	0.000	0.054	-0.037
405.000	150916.000	1.000	0.000	0.040	-0.037
406.000	150648.000	1.000	0.000	0.039	-0.037
407.000	150380.000	1.000	0.000	0.054	-0.037
408.000	150112.000	1.000	0.000	0.050	-0.037
409.000	149844.000	1.000	0.000	0.065	-0.037
410.000	149576.000	1.000	0.000	0.056	-0.037
411.000	149307.000	1.000	0.000	0.046	-0.037
412.000	149039.000	1.000	0.000	0.040	-0.037
413.000	148771.000	1.000	0.000	0.071	-0.037
414.000	148503.000	1.000	0.000	0.064	-0.037
415.000	148235.000	1.000	0.000	0.047	-0.037
416.000	147967.000	1.000	0.000	0.070	-0.037
417.000	147698.000	1.000	0.000	0.076	-0.037
418.000	147430.000	1.000	0.000	0.051	-0.037
419.000	147162.000	1.000	0.000	0.050	-0.037
420.000	146894.000	1.000	0.000	0.050	-0.037
421.000	146626.000	1.000	0.000	0.055	-0.037
422.000	146358.000	1.000	0.000	0.045	-0.037
423.000	146089.000	1.000	0.000	0.063	-0.037
424.000	145821.000	1.000	0.000	0.065	-0.037
425.000	145553.000	1.000	0.000	0.067	-0.037
426.000	145285.000	1.000	0.000	0.057	-0.037
427.000	145017.000	1.000	0.000	0.063	-0.037
428.000	144749.000	1.000	0.000	0.060	-0.037
429.000	144481.000	1.000	0.000	0.051	-0.037
430.000	144212.000	1.000	0.000	0.056	-0.037
431.000	143944.000	1.000	0.000	0.046	-0.037
432.000	143676.000	1.000	0.000	0.075	-0.037
433.000	143408.000	1.000	0.000	0.039	-0.037
434.000	143140.000	1.000	0.000	0.045	-0.037
435.000	142872.000	1.000	0.000	0.042	-0.037
436.000	142603.000	1.000	0.000	0.046	-0.037
437.000	142335.000	1.000	0.000	0.074	-0.037
438.000	142067.000	1.000	0.000	0.046	-0.037
439.000	141799.000	1.000	0.000	0.057	-0.037
440.000	141531.000	1.000	0.000	0.056	-0.037
441.000	141263.000	1.000	0.000	0.053	-0.037
442.000	140995.000	1.000	0.000	0.066	-0.037
443.000	140726.000	1.000	0.000	0.059	-0.037
444.000	140458.000	1.000	0.000	0.061	-0.037
445.000	140190.000	1.000	0.000	0.046	-0.037
446.000	139922.000	1.000	0.000	0.048	-0.037
447.000	139654.000	1.000	0.000	0.042	-0.037
448.000	139386.000	1.000	0.000	0.067	-0.037
449.000	139117.000	1.000	0.000	0.068	-0.037
450.000	138849.000	1.000	0.000	0.069	-0.037
451.000	138581.000	1.000	0.000	0.060	-0.037
452.000	138313.000	1.000	0.000	0.099	-0.037
453.000	138045.000	1.000	0.000	0.050	-0.037
454.000	137777.000	1.000	0.000	0.069	-0.037
455.000	137508.000	1.000	0.000	0.085	-0.037
456.000	137240.000	1.000	0.000	0.037	-0.037
457.000	136972.000	1.000	0.000	0.058	-0.037
458.000	136704.000	1.000	0.000	0.049	-0.037
459.000	136436.000	1.000	0.000	0.070	-0.037
460.000	136168.000	1.000	0.000	0.079	-0.037
461.000	135900.000	1.000	0.000	0.059	-0.037
462.000	135631.000	1.000	0.000	0.081	-0.037
463.000	135363.000	1.000	0.000	0.059	-0.037
464.000	135095.000	1.000	0.000	0.054	-0.037
465.000	134827.000	1.000	0.000	0.062	-0.037
466.000	134559.000	1.000	0.000	0.048	-0.037
467.000	134291.000	1.000	0.000	0.066	-0.037
468.000	134022.000	1.000	0.000	0.059	-0.037
469.000	133754.000	1.000	0.000	0.073	-0.037
470.000	133486.000	1.000	0.000	0.077	-0.037
471.000	133218.000	1.000	0.000	0.053	-0.037
472.000	132950.000	1.000	0.000	0.070	-0.037
473.000	132682.000	1.000	0.000	0.085	-0.037
474.000	132413.000	1.000	0.000	0.076	-0.037
475.000	132145.000	1.000	0.000	0.069	-0.037
476.000	131877.000	1.000	0.000	0.084	-0.037
477.000	131609.000	1.000	0.000	0.068	-0.037
478.000	131341.000	1.000	0.000	0.057	-0.037
479.000	131073.000	1.000	0.000	0.080	-0.037
480.000	130805.000	1.000	0.000	0.057	-0.037
481.000	130536.000	1.000	0.000	0.073	-0.037
482.000	130268.000	1.000	0.000	0.092	-0.037
483.000	130000.000	1.000	0.000	0.062	-0.037
484.000	129732.000	1.000	0.000	0.075	-0.037
485.000	129464.000	1.000	0.000	0.060	-0.037
486.000	129196.000	1.000	0.000	0.070	-0.037
487.000	128927.000	1.000	0.000	0.039	-0.037
488.000	128659.000	1.000	0.000	0.063	-0.037
489.000	128391.000	1.000	0.000	0.080	-0.037
490.000	128123.000	1.000	0.000	0.079	-0.037
491.000	127855.000	1.000	0.000	0.051	-0.037
492.000	127587.000	1.000	0.000	0.082	-0.037
493.000	127319.000	1.000	0.000	0.053	-0.037
494.000	127050.000	1.000	0.000	0.070	-0.037
495.000	126782.000	1.000	0.000	0.076	-0.037
496.000	126514.000	1.000	0.000	0.072	-0.037
497.000	126246.000	1.000	0.000	0.046	-0.037
498.000	125978.000	1.000	0.000	0.075	-0.037
499.000	125710.000	1.000	0.000	0.084	-0.037
500.000	125441.000	1.000	0.000	0.066	-0.037
501.000	125173.000	1.000	0.000	0.050	-0.037
502.000	124905.000	1.000	0.000	0.063	-0.037
503.000	124637.000	1.000	0.000	0.046	-0.037
504.000	124369.000	1.000	0.000	0.062	-0.037
505.000	124101.000	1.000	0.000	0.057	-0.037
506.000	123832.000	1.000	0.000	0.067	-0.037
507.000	123564.000	1.000	0.000	0.073	-0.037
508.000	123296.000	1.000	0.000	0.058	-0.037
509.000	123028.000	1.000	0.000	0.086	-0.037
510.000	122760.000	1.000	0.000	0.033	-0.037
511.000	122492.000	1.000	0.000	0.068	-0.037
512.000	122224.000	1.000	0.000	0.063	-0.037
513.000	121955.000	1.000	0.000	0.076	-0.037
514.000	121687.000	1.000	0.000	0.073	-0.037
515.000	121419.000	1.000	0.000	0.051	-0.037
516.000	121151.000	1.000	0.000	0.052	-0.037
517.000	120883.000	1.000	0.000	0.081	-0.037
518.000	120615.000	1.000	0.000	0.058	-0.037
519.000	120346.000	1.000	0.000	0.060	-0.037
520.000	120078.000	1.000	0.000	0.058	-0.037
521.000	119810.000	1.000	0.000	0.043	-0.037
522.000	119542.000	1.000	0.000	0.050	-0.037
523.000	119274.000	1.000	0.000	0.068	-0.037
524.000	119006.000	1.000	0.000	0.076	-0.037
525.000	118737.000	1.000	0.000	0.076	-0.037
526.000	118469.000	1.000	0.000	0.068	-0.037
527.000	118201.000	1.000	0.000	0.068	-0.037
528.000	117933.000	1.000	0.000	0.045	-0.037
529.000	117665.000	1.000	0.000	0.050	-0.037
530.000	117397.000	1.000	0.000	0.081	-0.037
531.000	117129.000	1.000	0.000	0.063	-0.037
532.000	116860.000	1.000	0.000	0.073	-0.037
533.000	116592.000	1.000	0.000	0.091	-0.037
534.000	116324.000	1.000	0.000	0.070	-0.037
535.000	116056.000	1.000	0.000	0.060	-0.037
536.000	115788.000	1.000	0.000	0.068	-0.037
537.000	115520.000	1.000	0.000	0.077	-0.037
538.000	115251.000	1.000	0.000	0.069	-0.037
539.000	114983.000	1.000	0.000	0.057	-0.037
540.000	114715.000	1.000	0.000	0.079	-0.037
541.000	114447.000	1.000	0.000	0.054	-0.037
542.000	114179.000	1.000	0.000	0.077	-0.037
543.000	113911.000	1.000	0.000	0.072	-0.037
544.000	113642.000	1.000	0.000	0.070	-0.037
545.000	113374.000	1.000	0.000	0.078	-0.037
546.000	113106.000	1.000	0.000	0.051	-0.037
547.000	112838.000	1.000	0.000	0.060	-0.037
548.000	112570.000	1.000	0.000	0.057	-0.037
549.000	112302.000	1.000	0.000	0.073	-0.037
550.000	112034.000	1.000	0.000	0.054	-0.037
551.000	111765.000	1.000	0.000	0.082	-0.037
552.000	111497.000	1.000	0.000	0.043	-0.037
553.000	111229.000	1.000	0.000	0.050	-0.037
554.000	110961.000	1.000	0.000	0.070	-0.037
555.000	110693.000	1.000	0.000	0.057	-0.037
556.000	110425.000	1.000	0.000	0.052	-0.037
557.000	110156.000	1.000	0.000	0.061	-0.037
558.000	109888.000	1.000	0.000	0.077	-0.037
559.000	109620.000	1.000	0.000	0.052	-0.037
560.000	109352.000	1.000	0.000	0.056	-0.037
561.000	109084.000	1.000	0.000	0.053	-0.037
562.000	108816.000	1.000	0.000	0.056	-0.037
563.000	108548.000	1.000	0.000	0.075	-0.037
564.000	108279.000	1.000	0.000	0.063	-0.037
565.000	108011.000	1.000	0.000	0.066	-0.037
566.000	107743.000	1.000	0.000	0.072	-0.037
567.000	107475.000	1.000	0.000	0.059	-0.037
568.000	107207.000	1.000	0.000	0.051	-0.037
569.000	106939.000	1.000	0.000	0.083	-0.037
570.000	106670.000	1.000	0.000	0.094	-0.037
571.000	106402.000	1.000	0.000	0.072	-0.037
572.000	106134.000	1.000	0.000	0.074	-0.037
573.000	105866.000	1.000	0.000	0.048	-0.037
574.000	105598.000	1.000	0.000	0.080	-0.037
575.000	105330.000	1.000	0.000	0.068	-0.037
576.000	105061.000	1.000	0.000	0.075	-0.037
577.000	104793.000	1.000	0.000	0.084	-0.037
578.000	104525.000	1.000	0.000	0.058	-0.037
579.000	104257.000	1.000	0.000	0.066	-0.037
580.000	103989.000	1.000	0.000	0.079	-0.037
581.000	103721.000	1.000	0.000	0.069	-0.037
582.000	103453.000	1.000	0.000	0.054	-0.037
583.000	103184.000	1.000	0.000	0.063	-0.037
584.000	102916.000	1.000	0.000	0.064	-0.037
585.000	102648.000	1.000	0.000	0.076	-0.037
586.000	102380.000	1.000	0.000	0.074	-0.037
587.000	102112.000	1.000	0.000	0.064	-0.037
588.000	101844.000	1.000	0.000	0.086	-0.037
589.000	101575.000	1.000	0.000	0.081	-0.037
590.000	101307.000	1.000	0.000	0.074	-0.037
591.000	101039.000	1.000	0.000	0.097	-0.037
592.000	100771.000	1.000	0.000	0.062	-0.037
593.000	100503.000	1.000	0.000	0.060	-0.037
594.000	100235.000	1.000	0.000	0.074	-0.037
595.000	99966.000	1.000	0.000	0.090	-0.037
596.000	99698.000	1.000	0.000	0.083	-0.037
597.000	99430.000	1.000	0.000	0.077	-0.037
598.000	99162.000	1.000	0.000	0.072	-0.037
599.000	98894.000	1.000	0.000	0.083	-0.037
600.000	98626.000	1.000	0.000	0.099	-0.037
601.000	98358.000	1.000	0.000	0.084	-0.037
602.000	98089.000	1.000	0.000	0.091	-0.037
603.000	97821.000	1.000	0.000	0.062	-0.037
604.000	97553.000	1.000	0.000	0.096	-0.037
605.000	97285.000	1.000	0.000	0.063	-0.037
606.000	97017.000	1.000	0.000	0.099	-0.037
607.000	96749.000	1.000	0.000	0.062	-0.037
608.000	96480.000	1.000	0.000	0.068	-0.037
609.000	96212.000	1.000	0.000	0.098	-0.037
610.000	95944.000	1.000	0.000	0.088	-0.037
611.000	95676.000	1.000	0.000	0.061	-0.037
612.000	95408.000	1.000	0.000	0.056	-0.037
613.000	95140.000	1.000	0.000	0.070	-0.037
614.000	94871.000	1.000	0.000	0.073	-0.037
615.000	94603.000	1.000	0.000	0.074	-0.037
616.000	94335.000	1.000	0.000	0.083	-0.037
617.000	94067.000	1.000	0.000	0.087	-0.037
618.000	93799.000	1.000	0.000	0.055	-0.037
619.000	93531.000	1.000	0.000	0.083	-0.037
620.000	93263.000	1.000	0.000	0.078	-0.037
621.000	92994.000	1.000	0.000	0.062	-0.037
622.000	92726.000	1.000	0.000	0.086	-0.037
623.000	92458.000	1.000	0.000	0.076	-0.037
624.000	92190.000	1.000	0.000	0.067	-0.037
625.000	91922.000	1.000	0.000	0.088	-0.037
626.000	91654.000	1.000	0.000	0.083	-0.037
627.000	91385.000	1.000	0.000	0.074	-0.037
628.000	91117.000	1.000	0.000	0.074	-0.037
629.000	90849.000	1.000	0.000	0.039	-0.037
630.000	90581.000	1.000	0.000	0.071	-0.037
631.000	90313.000	1.000	0.000	0.087	-0.037
632.000	90045.000	1.000	0.000	0.083	-0.037
633.000	89777.000	1.000	0.000	0.047	-0.037
634.000	89508.000	1.000	0.000	0.051	-0.037
635.000	89240.000	1.000	0.000	0.057	-0.037
636.000	88972.000	1.000	0.000	0.069	-0.037
637.000	88704.000	1.000	0.000	0.040	-0.037
638.000	88436.000	1.000	0.000	0.051	-0.037
639.000	88168.000	1.000	0.000	0.051	-0.037
640.000	87899.000	1.000	0.000	0.064	-0.037
641.000	87631.000	1.000	0.000	0.065	-0.037
642.000	87363.000	1.000	0.000	0.060	-0.037
643.000	87095.000	1.000	0.000	0.056	-0.037
644.000	86827.000	1.000	0.000	0.062	-0.037
645.000	86559.000	1.000	0.000	0.083	-0.037
646.000	86290.000	1.000	0.000	0.050	-0.037
647.000	86022.000	1.000	0.000	0.077	-0.037
648.000	85754.000	1.000	0.000	0.064	-0.037
649.000	85486.000	1.000	0.000	0.080	-0.037
650.000	85218.000	1.000	0.000	0.066	-0.037
651.000	84950.000	1.000	0.000	0.065	-0.037
652.000	84682.000	1.000	0.000	0.087	-0.037
653.000	84413.000	1.000	0.000	0.064	-0.037
654.000	84145.000	1.000	0.000	0.065	-0.037
655.000	83877.000	1.000	0.000	0.090	-0.037
656.000	83609.000	1.000	0.000	0.084	-0.037
657.000	83341.000	1.000	0.000	0.073	-0.037
658.000	83073.000	1.000	0.000	0.085	-0.037
659.000	82804.000	1.000	0.000	0.087	-0.037
660.000	82536.000	1.000	0.000	0.073	-0.037
661.000	82268.000	1.000	0.000	0.069	-0.037
662.000	82000.000	1.000	0.000	0.085	-0.037
663.000	81732.000	1.000	0.000	0.079	-0.037
664.000	81464.000	1.000	0.000	0.070	-0.037
665.000	81195.000	1.000	0.000	0.068	-0.037
666.000	80927.000	1.000	0.000	0.055	-0.037
667.000	80659.000	1.000	0.000	0.045	-0.037
668.000	80391.000	1.000	0.000	0.086	-0.037
669.000	80123.000	1.000	0.000	0.072	-0.037
670.000	79855.000	1.000	0.000	0.070	-0.037
671.000	79587.000	1.000	0.000	0.054	-0.037
672.000	79318.000	1.000	0.000	0.062	-0.037
673.000	79050.000	1.000	0.000	0.078	-0.037
674.000	78782.000	1.000	0.000	0.070	-0.037
675.000	78514.000	1.000	0.000	0.061	-0.037
676.000	78246.000	1.000	0.000	0.068	-0.037
677.000	77978.000	1.000	0.000	0.055	-0.037
678.000	77709.000	1.000	0.000	0.070	-0.037
679.000	77441.000	1.000	0.000	0.066	-0.037
680.000	77173.000	1.000	0.000	0.064	-0.037
681.000	76905.000	1.000	0.000	0.076	-0.037
682.000	76637.000	1.000	0.000	0.063	-0.037
683.000	76369.000	1.000	0.000	0.060	-0.037
684.000	76101.000	1.000	0.000	0.054	-0.037
685.000	75832.000	1.000	0.000	0.070	-0.037
686.000	75564.000	1.000	0.000	0.063	-0.037
687.000	75296.000	1.000	0.000	0.050	-0.037
688.000	75028.000	1.000	0.000	0.057	-0.037
689.000	74760.000	1.000	0.000	0.058	-0.037
690.000	74492.000	1.000	0.000	0.067	-0.037
691.000	74223.000	1.000	0.000	0.044	-0.037
692.000	73955.000	1.000	0.000	0.074	-0.037
693.000	73687.000	1.000	0.000	0.089	-0.037
694.000	73419.000	1.000	0.000	0.065	-0.037
695.000	73151.000	1.000	0.000	0.067	-0.037
696.000	72883.000	1.000	0.000	0.075	-0.037
697.000	72614.000	1.000	0.000	0.074	-0.037
698.000	72346.000	1.000	0.000	0.070	-0.037
699.000	72078.000	1.000	0.000	0.069	-0.037
700.000	71810.000	1.000	0.000	0.058	-0.037
701.000	71542.000	1.000	0.000	0.081	-0.037
702.000	71274.000	1.000	0.000	0.088	-0.037
703.000	71006.000	1.000	0.000	0.075	-0.037
704.000	70737.000	1.000	0.000	0.059	-0.037
705.000	70469.000	1.000	0.000	0.083	-0.037
706.000	70201.000	1.000	0.000	0.086	-0.037
707.000	69933.000	1.000	0.000	0.059	-0.037
708.000	69665.000	1.000	0.000	0.078	-0.037
709.000	69397.000	1.000	0.000	0.090	-0.037
710.000	69128.000	1.000	0.000	0.071	-0.037
711.000	68860.000	1.000	0.000	0.071	-0.037
712.000	68592.000	1.000	0.000	0.073	-0.037
713.000	68324.000	1.000	0.000	0.070	-0.037
714.000	68056.000	1.000	0.000	0.077	-0.037
715.000	67788.000	1.000	0.000	0.100	-0.037
716.000	67519.000	1.000	0.000	0.084	-0.037
717.000	67251.000	1.000	0.000	0.080	-0.037
718.000	66983.000	1.000	0.000	0.079	-0.037
719.000	66715.000	1.000	0.000	0.071	-0.037
720.000	66447.000	1.000	0.000	0.081	-0.037
721.000	66179.000	1.000	0.000	0.069	-0.037
722.000	65911.000	1.000	0.000	0.081	-0.037
723.000	65642.000	1.000	0.000	0.054	-0.037
724.000	65374.000	1.000	0.000	0.075	-0.037
725.000	65106.000	1.000	0.000	0.059	-0.037
726.000	64838.000	1.000	0.000	0.052	-0.037
727.000	64570.000	1.000	0.000	0.084	-0.037
728.000	64302.000	1.000	0.000	0.044	-0.037
729.000	64033.000	1.000	0.000	0.064	-0.037
730.000	63765.000	1.000	0.000	0.085	-0.037
731.000	63497.000	1.000	0.000	0.076	-0.037
732.000	63229.000	1.000	0.000	0.060	-0.037
733.000	62961.000	1.000	0.000	0.058	-0.037
734.000	62693.000	1.000	0.000	0.075	-0.037
735.000	62424.000	1.000	0.000	0.079	-0.037
736.000	62156.000	1.000	0.000	0.057	-0.037
737.000	61888.000	1.000	0.000	0.088	-0.037
738.000	61620.000	1.000	0.000	0.048	-0.037
739.000	61352.000	1.000	0.000	0.036	-0.037
740.000	61084.000	1.000	0.000	0.048	-0.037
741.000	60816.000	1.000	0.000	0.058	-0.037
742.000	60547.000	1.000	0.000	0.046	-0.037
743.000	60279.000	1.000	0.000	0.071	-0.037
744.000	60011.000	1.000	0.000	0.055	-0.037
745.000	59743.000	1.000	0.000	0.095	-0.037
746.000	59475.000	1.000	0.000	0.074	-0.037
747.000	59207.000	1.000	0.000	0.085	-0.037
748.000	58938.000	1.000	0.000	0.071	-0.037
749.000	58670.000	1.000	0.000	0.091	-0.037
750.000	58402.000	1.000	0.000	0.062	-0.037
751.000	58134.000	1.000	0.000	0.053	-0.037
752.000	57866.000	1.000	0.000	0.036	-0.037
753.000	57598.000	1.000	0.000	0.074	-0.037
754.000	57330.000	1.000	0.000	0.072	-0.037
755.000	57061.000	1.000	0.000	0.072	-0.037
756.000	56793.000	1.000	0.000	0.060	-0.037
757.000	56525.000	1.000	0.000	0.060	-0.037
758.000	56257.000	1.000	0.000	0.083	-0.037
759.000	55989.000	1.000	0.000	0.089	-0.037
760.000	55721.000	1.000	0.000	0.074	-0.037
761.000	55452.000	1.000	0.000	0.078	-0.037
762.000	55184.000	1.000	0.000	0.078	-0.037
763.000	54916.000	1.000	0.000	0.070	-0.037
764.000	54648.000	1.000	0.000	0.078	-0.037
765.000	54380.000	1.000	0.000	0.076	-0.037
766.000	54112.000	1.000	0.000	0.067	-0.037
767.000	53843.000	1.000	0.000	0.083	-0.037
768.000	53575.000	1.000	0.000	0.044	-0.037
769.000	53307.000	1.000	0.000	0.084	-0.037
770.000	53039.000	1.000	0.000	0.100	-0.037
771.000	52771.000	1.000	0.000	0.070	-0.037
772.000	52503.000	1.000	0.000	0.076	-0.037
773.000	52235.000	1.000	0.000	0.060	-0.037
774.000	51966.000	1.000	0.000	0.089	-0.037
775.000	51698.000	1.000	0.000	0.086	-0.037
776.000	51430.000	1.000	0.000	0.085	-0.037
777.000	51162.000	1.000	0.000	0.095	-0.037
778.000	50894.000	1.000	0.000	0.079	-0.037
779.000	50626.000	1.000	0.000	0.070	-0.037
780.000	50357.000	1.000	0.000	0.070	-0.037
781.000	50089.000	1.000	0.000	0.107	-0.037
782.000	49821.000	1.000	0.000	0.075	-0.037
783.000	49553.000	1.000	0.000	0.059	-0.037
784.000	49285.000	1.000	0.000	0.087	-0.037
785.000	49017.000	1.000	0.000	0.095	-0.037
786.000	48748.000	1.000	0.000	0.092	-0.037
787.000	48480.000	1.000	0.000	0.073	-0.037
788.000	48212.000	1.000	0.000	0.075	-0.037
789.000	47944.000	1.000	0.000	0.076	-0.037
790.000	47676.000	1.000	0.000	0.075	-0.037
791.000	47408.000	1.000	0.000	0.077	-0.037
792.000	47140.000	1.000	0.000	0.074	-0.037
793.000	46871.000	1.000	0.000	0.066	-0.037
794.000	46938.000	1.000	0.000	0.088	-0.037
795.000	47207.000	1.000	0.000	0.074	-0.037
796.000	47475.000	1.000	0.000	0.067	-0.037
797.000	47743.000	1.000	0.000	0.047	-0.037
798.000	48011.000	1.000	0.000	0.107	-0.037
799.000	48279.000	1.000	0.000	0.062	-0.037
800.000	48547.000	1.000	0.000	0.076	-0.037
801.000	48816.000	1.000	0.000	0.064	-0.037
802.000	49084.000	1.000	0.000	0.083	-0.037
803.000	49352.000	1.000	0.000	0.081	-0.037
804.000	49620.000	1.000	0.000	0.056	-0.037
805.000	49888.000	1.000	0.000	0.073	-0.037
806.000	50156.000	1.000	0.000	0.077	-0.037
807.000	50424.000	1.000	0.000	0.070	-0.037
808.000	50693.000	1.000	0.000	0.091	-0.037
809.000	50961.000	1.000	0.000	0.090	-0.037
810.000	51229.000	1.000	0.000	0.070	-0.037
811.000	51497.000	1.000	0.000	0.078	-0.037
812.000	51765.000	1.000	0.000	0.094	-0.037
813.000	52033.000	1.000	0.000	0.092	-0.037
814.000	52302.000	1.000	0.000	0.067	-0.037
815.000	52570.000	1.000	0.000	0.070	-0.037
816.000	52838.000	1.000	0.000	0.072	-0.037
817.000	53106.000	1.000	0.000	0.063	-0.037
818.000	53374.000	1.000	0.000	0.083	-0.037
819.000	53642.000	1.000	0.000	0.065	-0.037
820.000	53911.000	1.000	0.000	0.094	-0.037
821.000	54179.000	1.000	0.000	0.059	-0.037
822.000	54447.000	1.000	0.000	0.074	-0.037
823.000	54715.000	1.000	0.000	0.072	-0.037
824.000	54983.000	1.000	0.000	0.090	-0.037
825.000	55251.000	1.000	0.000	0.081	-0.037
826.000	55519.000	1.000	0.000	0.064	-0.037
827.000	55788.000	1.000	0.000	0.072	-0.037
828.000	56056.000	1.000	0.000	0.060	-0.037
829.000	56324.000	1.000	0.000	0.058	-0.037
830.000	56592.000	1.000	0.000	0.066	-0.037
831.000	56860.000	1.000	0.000	0.072	-0.037
832.000	57128.000	1.000	0.000	0.063	-0.037
833.000	57397.000	1.000	0.000	0.075	-0.037
834.000	57665.000	1.000	0.000	0.080	-0.037
835.000	57933.000	1.000	0.000	0.096	-0.037
836.000	58201.000	1.000	0.000	0.067	-0.037
837.000	58469.000	1.000	0.000	0.048	-0.037
838.000	58737.000	1.000	0.000	0.050	-0.037
839.000	59005.000	1.000	0.000	0.093	-0.037
840.000	59274.000	1.000	0.000	0.069	-0.037
841.000	59542.000	1.000	0.000	0.062	-0.037
842.000	59810.000	1.000	0.000	0.069	-0.037
843.000	60078.000	1.000	0.000	0.052	-0.037
844.000	60346.000	1.000	0.000	0.072	-0.037
845.000	60614.000	1.000	0.000	0.057	-0.037
846.000	60883.000	1.000	0.000	0.095	-0.037
847.000	61151.000	1.000	0.000	0.056	-0.037
848.000	61419.000	1.000	0.000	0.054	-0.037
849.000	61687.000	1.000	0.000	0.048	-0.037
850.000	61955.000	1.000	0.000	0.056	-0.037
851.000	62223.000	1.000	0.000	0.058	-0.037
852.000	62492.000	1.000	0.000	0.108	-0.037
853.000	62760.000	1.000	0.000	0.056	-0.037
854.000	63028.000	1.000	0.000	0.065	-0.037
855.000	63296.000	1.000	0.000	0.090	-0.037
856.000	63564.000	1.000	0.000	0.054	-0.037
857.000	63832.000	1.000	0.000	0.060	-0.037
858.000	64100.000	1.000	0.000	0.080	-0.037
859.000	64369.000	1.000	0.000	0.078	-0.037
860.000	64637.000	1.000	0.000	0.083	-0.037
861.000	64905.000	1.000	0.000	0.088	-0.037
862.000	65173.000	1.000	0.000	0.074	-0.037
863.000	65441.000	1.000	0.000	0.054	-0.037
864.000	65709.000	1.000	0.000	0.056	-0.037
865.000	65978.000	1.000	0.000	0.088	-0.037
866.000	66246.000	1.000	0.000	0.064	-0.037
867.000	66514.000	1.000	0.000	0.057	-0.037
868.000	66782.000	1.000	0.000	0.078	-0.037
869.000	67050.000	1.000	0.000	0.091	-0.037
870.000	67318.000	1.000	0.000	0.061	-0.037
871.000	67587.000	1.000	0.000	0.045	-0.037
872.000	67855.000	1.000	0.000	0.089	-0.037
873.000	68123.000	1.000	0.000	0.083	-0.037
874.000	68391.000	1.000	0.000	0.072	-0.037
875.000	68659.000	1.000	0.000	0.057	-0.037
876.000	68927.000	1.000	0.000	0.100	-0.037
877.000	69195.000	1.000	0.000	0.065	-0.037
878.000	69464.000	1.000	0.000	0.053	-0.037
879.000	69732.000	1.000	0.000	0.070	-0.037
880.000	70000.000	1.000	0.000	0.067	-0.037
881.000	70268.000	1.000	0.000	0.073	-0.037
882.000	70536.000	1.000	0.000	0.064	-0.037
883.000	70804.000	1.000	0.000	0.065	-0.037
884.000	71073.000	1.000	0.000	0.055	-0.037
885.000	71341.000	1.000	0.000	0.051	-0.037
886.000	71609.000	1.000	0.000	0.064	-0.037
887.000	71877.000	1.000	0.000	0.062	-0.037
888.000	72145.000	1.000	0.000	0.056	-0.037
889.000	72413.000	1.000	0.000	0.112	-0.037
890.000	72681.000	1.000	0.000	0.041	-0.037
891.000	72950.000	1.000	0.000	0.085	-0.037
892.000	73218.000	1.000	0.000	0.059	-0.037
893.000	73486.000	1.000	0.000	0.061	-0.037
894.000	73754.000	1.000	0.000	0.080	-0.037
895.000	74022.000	1.000	0.000	0.065	-0.037
896.000	74290.000	1.000	0.000	0.046	-0.037
897.000	74559.000	1.000	0.000	0.064	-0.037
898.000	74827.000	1.000	0.000	0.071	-0.037
899.000	75095.000	1.000	0.000	0.068	-0.037
900.000	75363.000	1.000	0.000	0.053	-0.037
901.000	75631.000	1.000	0.000	0.074	-0.037
902.000	75899.000	1.000	0.000	0.058	-0.037
903.000	76168.000	1.000	0.000	0.051	-0.037
904.000	76436.000	1.000	0.000	0.062	-0.037
905.000	76704.000	1.000	0.000	0.067	-0.037
906.000	76972.000	1.000	0.000	0.052	-0.037
907.000	77240.000	1.000	0.000	0.069	-0.037
908.000	77508.000	1.000	0.000	0.066	-0.037
909.000	77776.000	1.000	0.000	0.064	-0.037
910.000	78045.000	1.000	0.000	0.057	-0.037
911.000	78313.000	1.000	0.000	0.071	-0.037
912.000	78581.000	1.000	0.000	0.053	-0.037
913.000	78849.000	1.000	0.000	0.040	-0.037
914.000	79117.000	1.000	0.000	0.076	-0.037
915.000	79385.000	1.000	0.000	0.046	-0.037
916.000	79654.000	1.000	0.000	0.056	-0.037
917.000	79922.000	1.000	0.000	0.060	-0.037
918.000	80190.000	1.000	0.000	0.083	-0.037
919.000	80458.000	1.000	0.000	0.046	-0.037
920.000	80726.000	1.000	0.000	0.046	-0.037
921.000	80994.000	1.000	0.000	0.077	-0.037
922.000	81263.000	1.000	0.000	0.052	-0.037
923.000	81531.000	1.000	0.000	0.067	-0.037
924.000	81799.000	1.000	0.000	0.080	-0.037
925.000	82067.000	1.000	0.000	0.080	-0.037
926.000	82335.000	1.000	0.000	0.066	-0.037
927.000	82603.000	1.000	0.000	0.064	-0.037
928.000	82871.000	1.000	0.000	0.061	-0.037
929.000	83140.000	1.000	0.000	0.094	-0.037
930.000	83408.000	1.000	0.000	0.121	-0.037
931.000	83676.000	1.000	0.000	0.076	-0.037
932.000	83944.000	1.000	0.000	0.050	-0.037
933.000	84212.000	1.000	0.000	0.080	-0.037
934.000	84480.000	1.000	0.000	0.058	-0.037
935.000	84749.000	1.000	0.000	0.100	-0.037
936.000	85017.000	1.000	0.000	0.051	-0.037
937.000	85285.000	1.000	0.000	0.065	-0.037
938.000	85553.000	1.000	0.000	0.077	-0.037
939.000	85821.000	1.000	0.000	0.046	-0.037
940.000	86089.000	1.000	0.000	0.102	-0.037
941.000	86358.000	1.000	0.000	0.047	-0.037
942.000	86626.000	1.000	0.000	0.069	-0.037
943.000	86894.000	1.000	0.000	0.058	-0.037
944.000	87162.000	1.000	0.000	0.070	-0.037
945.000	87430.000	1.000	0.000	0.062	-0.037
946.000	87698.000	1.000	0.000	0.070	-0.037
947.000	87966.000	1.000	0.000	0.051	-0.037
948.000	88235.000	1.000	0.000	0.032	-0.037
949.000	88503.000	1.000	0.000	0.086	-0.037
950.000	88771.000	1.000	0.000	0.061	-0.037
951.000	89039.000	1.000	0.000	0.067	-0.037
952.000	89307.000	1.000	0.000	0.078	-0.037
953.000	89575.000	1.000	0.000	0.077	-0.037
954.000	89844.000	1.000	0.000	0.061	-0.037
955.000	90112.000	1.000	0.000	0.061	-0.037
956.000	90380.000	1.000	0.000	0.049	-0.037
957.000	90648.000	1.000	0.000	0.067	-0.037
958.000	90916.000	1.000	0.000	0.054	-0.037
959.000	91184.000	1.000	0.000	0.043	-0.037
960.000	91452.000	1.000	0.000	0.065	-0.037
961.000	91721.000	1.000	0.000	0.071	-0.037
962.000	91989.000	1.000	0.000	0.077	-0.037
963.000	92257.000	1.000	0.000	0.039	-0.037
964.000	92525.000	1.000	0.000	0.059	-0.037
965.000	92793.000	1.000	0.000	0.049	-0.037
966.000	93061.000	1.000	0.000	0.052	-0.037
967.000	93330.000	1.000	0.000	0.041	-0.037
968.000	93598.000	1.000	0.000	0.066	-0.037
969.000	93866.000	1.000	0.000	0.052	-0.037
970.000	94134.000	1.000	0.000	0.052	-0.037
971.000	94402.000	1.000	0.000	0.052	-0.037
972.000	94670.000	1.000	0.000	0.048	-0.037
973.000	94939.000	1.000	0.000	0.059	-0.037
974.000	95207.000	1.000	0.000	0.059	-0.037
975.000	95475.000	1.000	0.000	0.057	-0.037
976.000	95743.000	1.000	0.000	0.043	-0.037
977.000	96011.000	1.000	0.000	0.090	-0.037
978.000	96279.000	1.000	0.000	0.043	-0.037
979.000	96547.000	1.000	0.000	0.075	-0.037
980.000	96816.000	1.000	0.000	0.055	-0.037
981.000	97084.000	1.000	0.000	0.043	-0.037
982.000	97352.000	1.000	0.000	0.077	-0.037
983.000	97620.000	1.000	0.000	0.085	-0.037
984.000	97888.000	1.000	0.000	0.057	-0.037
985.000	98156.000	1.000	0.000	0.073	-0.037
986.000	98425.000	1.000	0.000	0.102	-0.037
987.000	98693.000	1.000	0.000	0.068	-0.037
988.000	98961.000	1.000	0.000	0.084	-0.037
989.000	99229.000	1.000	0.000	0.084	-0.037
990.000	99497.000	1.000	0.000	0.065	-0.037
991.000	99765.000	1.000	0.000	0.053	-0.037
992.000	100034.000	1.000	0.000	0.053	-0.037
993.000	100302.000	1.000	0.000	0.048	-0.037
994.000	100570.000	1.000	0.000	0.065	-0.037
995.000	100838.000	1.000	0.000	0.084	-0.037
996.000	101106.000	1.000	0.000	0.047	-0.037
997.000	101374.000	1.000	0.000	0.064	-0.037
998.000	101642.000	1.000	0.000	0.053	-0.037
999.000	101911.000	1.000	0.000	0.054	-0.037
1000.000	102179.000	1.000	0.000	0.070	-0.037
1001.000	102447.000	1.000	0.000	0.067	-0.037
1002.000	102715.000	1.000	0.000	0.052	-0.037
1003.000	102983.000	1.000	0.000	0.063	-0.037
1004.000	103251.000	1.000	0.000	0.060	-0.037
1005.000	103520.000	1.000	0.000	0.060	-0.037
1006.000	103788.000	1.000	0.000	0.050	-0.037
1007.000	104056.000	1.000	0.000	0.055	-0.037
1008.000	104324.000	1.000	0.000	0.059	-0.037
1009.000	104592.000	1.000	0.000	0.070	-0.037
1010.000	104860.000	1.000	0.000	0.069	-0.037
1011.000	105129.000	1.000	0.000	0.060	-0.037
1012.000	105397.000	1.000	0.000	0.068	-0.037
1013.000	105665.000	1.000	0.000	0.057	-0.037
1014.000	105933.000	1.000	0.000	0.058	-0.037
1015.000	106201.000	1.000	0.000	0.065	-0.037
1016.000	106469.000	1.000	0.000	0.058	-0.037
1017.000	106737.000	1.000	0.000	0.084	-0.037
1018.000	107006.000	1.000	0.000	0.059	-0.037
1019.000	107274.000	1.000	0.000	0.051	-0.037
1020.000	107542.000	1.000	0.000	0.046	-0.037
1021.000	107810.000	1.000	0.000	0.059	-0.037
1022.000	108078.000	1.000	0.000	0.047	-0.037
1023.000	108346.000	1.000	0.000	0.052	-0.037
1024.000	108615.000	1.000	0.000	0.047	-0.037
1025.000	108883.000	1.000	0.000	0.049	-0.037
1026.000	109151.000	1.000	0.000	0.054	-0.037
1027.000	109419.000	1.000	0.000	0.049	-0.037
1028.000	109687.000	1.000	0.000	0.048	-0.037
1029.000	109955.000	1.000	0.000	0.076	-0.037
1030.000	110223.000	1.000	0.000	0.057	-0.037
1031.000	110492.000	1.000	0.000	0.066	-0.037
1032.000	110760.000	1.000	0.000	0.062	-0.037
1033.000	111028.000	1.000	0.000	0.066	-0.037
1034.000	111296.000	1.000	0.000	0.074	-0.037
1035.000	111564.000	1.000	0.000	0.057	-0.037
1036.000	111832.000	1.000	0.000	0.079	-0.037
1037.000	112101.000	1.000	0.000	0.049	-0.037
1038.000	112369.000	1.000	0.000	0.055	-0.037
1039.000	112637.000	1.000	0.000	0.067	-0.037
1040.000	112905.000	1.000	0.000	0.078	-0.037
1041.000	113173.000	1.000	0.000	0.067	-0.037
1042.000	113441.000	1.000	0.000	0.076	-0.037
1043.000	113710.000	1.000	0.000	0.064	-0.037
1044.000	113978.000	1.000	0.000	0.061	-0.037
1045.000	114246.000	1.000	0.000	0.050	-0.037
1046.000	114514.000	1.000	0.000	0.063	-0.037
1047.000	114782.000	1.000	0.000	0.053	-0.037
1048.000	115050.000	1.000	0.000	0.066	-0.037
1049.000	115318.000	1.000	0.000	0.048	-0.037
1050.000	115587.000	1.000	0.000	0.076	-0.037
1051.000	115855.000	1.000	0.000	0.053	-0.037
1052.000	116123.000	1.000	0.000	0.070	-0.037
1053.000	116391.000	1.000	0.000	0.068	-0.037
1054.000	116659.000	1.000	0.000	0.063	-0.037
1055.000	116927.000	1.000	0.000	0.053	-0.037
1056.000	117196.000	1.000	0.000	0.047	-0.037
1057.000	117464.000	1.000	0.000	0.059	-0.037
1058.000	117732.000	1.000	0.000	0.064	-0.037
1059.000	118000.000	1.000	0.000	0.058	-0.037
1060.000	118268.000	1.000	0.000	0.061	-0.037
1061.000	118536.000	1.000	0.000	0.063	-0.037
1062.000	118805.000	1.000	0.000	0.056	-0.037
1063.000	119073.000	1.000	0.000	0.080	-0.037
1064.000	119341.000	1.000	0.000	0.078	-0.037
1065.000	119609.000	1.000	0.000	0.058	-0.037
1066.000	119877.000	1.000	0.000	0.019	-0.037
1067.000	120145.000	1.000	0.000	0.055	-0.037
1068.000	120413.000	1.000	0.000	0.087	-0.037
1069.000	120682.000	1.000	0.000	0.056	-0.037
1070.000	120950.000	1.000	0.000	0.090	-0.037
1071.000	121218.000	1.000	0.000	0.055	-0.037
1072.000	121486.000	1.000	0.000	0.079	-0.037
1073.000	121754.000	1.000	0.000	0.054	-0.037
1074.000	122022.000	1.000	0.000	0.049	-0.037
1075.000	122291.000	1.000	0.000	0.038	-0.037
1076.000	122559.000	1.000	0.000	0.045	-0.037
1077.000	122827.000	1.000	0.000	0.054	-0.037
1078.000	123095.000	1.000	0.000	0.052	-0.037
1079.000	123363.000	1.000	0.000	0.063	-0.037
1080.000	123631.000	1.000	0.000	0.065	-0.037
1081.000	123899.000	1.000	0.000	0.039	-0.037
1082.000	124168.000	1.000	0.000	0.047	-0.037
1083.000	124436.000	1.000	0.000	0.049	-0.037
1084.000	124704.000	1.000	0.000	0.044	-0.037
1085.000	124972.000	1.000	0.000	0.040	-0.037
1086.000	125240.000	1.000	0.000	0.066	-0.037
1087.000	125508.000	1.000	0.000	0.034	-0.037
1088.000	125777.000	1.000	0.000	0.046	-0.037
1089.000	126045.000	1.000	0.000	0.062	-0.037
1090.000	126313.000	1.000	0.000	0.058	-0.037
1091.000	126581.000	1.000	0.000	0.061	-0.037
1092.000	126849.000	1.000	0.000	0.048	-0.037
1093.000	127117.000	1.000	0.000	0.027	-0.037
1094.000	127386.000	1.000	0.000	0.061	-0.037
1095.000	127654.000	1.000	0.000	0.057	-0.037
1096.000	127922.000	1.000	0.000	0.053	-0.037
1097.000	128190.000	1.000	0.000	0.042	-0.037
1098.000	128458.000	1.000	0.000	0.075	-0.037
1099.000	128726.000	1.000	0.000	0.080	-0.037
1100.000	128994.000	1.000	0.000	0.063	-0.037
1101.000	129263.000	1.000	0.000	0.071	-0.037
1102.000	129531.000	1.000	0.000	0.041	-0.037
1103.000	129799.000	1.000	0.000	0.058	-0.037
1104.000	130067.000	1.000	0.000	0.062	-0.037
1105.000	130335.000	1.000	0.000	0.058	-0.037
1106.000	130603.000	1.000	0.000	0.096	-0.037
1107.000	130872.000	1.000	0.000	0.058	-0.037
1108.000	131140.000	1.000	0.000	0.056	-0.037
1109.000	131408.000	1.000	0.000	0.082	-0.037
1110.000	131676.000	1.000	0.000	0.083	-0.037
1111.000	131944.000	1.000	0.000	0.060	-0.037
1112.000	132212.000	1.000	0.000	0.087	-0.037
1113.000	132481.000	1.000	0.000	0.085	-0.037
1114.000	132749.000	1.000	0.000	0.058	-0.037
1115.000	133017.000	1.000	0.000	0.053	-0.037
1116.000	133285.000	1.000	0.000	0.046	-0.037
1117.000	133553.000	1.000	0.000	0.063	-0.037
1118.000	133821.000	1.000	0.000	0.072	-0.037
1119.000	134089.000	1.000	0.000	0.079	-0.037
1120.000	134358.000	1.000	0.000	0.056	-0.037
1121.000	134626.000	1.000	0.000	0.045	-0.037
1122.000	134894.000	1.000	0.000	0.051	-0.037
1123.000	135162.000	1.000	0.000	0.062	-0.037
1124.000	135430.000	1.000	0.000	0.059	-0.037
1125.000	135698.000	1.000	0.000	0.069	-0.037
1126.000	135967.000	1.000	0.000	0.067	-0.037
1127.000	136235.000	1.000	0.000	0.065	-0.037
1128.000	136503.000	1.000	0.000	0.080	-0.037
1129.000	136771.000	1.000	0.000	0.061	-0.037
1130.000	137039.000	1.000	0.000	0.077	-0.037
1131.000	137307.000	1.000	0.000	0.061	-0.037
1132.000	137576.000	1.000	0.000	0.063	-0.037
1133.000	137844.000	1.000	0.000	0.047	-0.037
1134.000	138112.000	1.000	0.000	0.051	-0.037
1135.000	138380.000	1.000	0.000	0.109	-0.037
1136.000	138648.000	1.000	0.000	0.071	-0.037
1137.000	138916.000	1.000	0.000	0.074	-0.037
1138.000	139184.000	1.000	0.000	0.060	-0.037
1139.000	139453.000	1.000	0.000	0.074	-0.037
1140.000	139721.000	1.000	0.000	0.049	-0.037
1141.000	139989.000	1.000	0.000	0.056	-0.037
1142.000	140257.000	1.000	0.000	0.071	-0.037
1143.000	140525.000	1.000	0.000	0.046	-0.037
1144.000	140793.000	1.000	0.000	0.072	-0.037
1145.000	141062.000	1.000	0.000	0.041	-0.037
1146.000	141330.000	1.000	0.000	0.095	-0.037
1147.000	141598.000	1.000	0.000	0.070	-0.037
1148.000	141866.000	1.000	0.000	0.075	-0.037
1149.000	142134.000	1.000	0.000	0.039	-0.037
1150.000	142402.000	1.000	0.000	0.047	-0.037
1151.000	142670.000	1.000	0.000	0.047	-0.037
1152.000	142939.000	1.000	0.000	0.059	-0.037
1153.000	143207.000	1.000	0.000	0.058	-0.037
1154.000	143475.000	1.000	0.000	0.043	-0.037
1155.000	143743.000	1.000	0.000	0.047	-0.037
1156.000	144011.000	1.000	0.000	0.073	-0.037
1157.000	144279.000	1.000	0.000	0.051	-0.037
1158.000	144548.000	1.000	0.000	0.076	-0.037
1159.000	144816.000	1.000	0.000	0.060	-0.037
1160.000	145084.000	1.000	0.000	0.053	-0.037
1161.000	145352.000	1.000	0.000	0.079	-0.037
1162.000	145620.000	1.000	0.000	0.065	-0.037
1163.000	145888.000	1.000	0.000	0.080	-0.037
1164.000	146157.000	1.000	0.000	0.054	-0.037
1165.000	146425.000	1.000	0.000	0.064	-0.037
1166.000	146693.000	1.000	0.000	0.062	-0.037
1167.000	146961.000	1.000	0.000	0.061	-0.037
1168.000	147229.000	1.000	0.000	0.068	-0.037
1169.000	147497.000	1.000	0.000	0.086	-0.037
1170.000	147765.000	1.000	0.000	0.082	-0.037
1171.000	148034.000	1.000	0.000	0.074	-0.037
1172.000	148302.000	1.000	0.000	0.065	-0.037
1173.000	148570.000	1.000	0.000	0.073	-0.037
1174.000	148838.000	1.000	0.000	0.091	-0.037
1175.000	149106.000	1.000	0.000	0.061	-0.037
1176.000	149374.000	1.000	0.000	0.062	-0.037
1177.000	149643.000	1.000	0.000	0.088	-0.037
1178.000	149911.000	1.000	0.000	0.064	-0.037
1179.000	150179.000	1.000	0.000	0.058	-0.037
1180.000	150447.000	1.000	0.000	0.058	-0.037
1181.000	150715.000	1.000	0.000	0.051	-0.037
1182.000	150983.000	1.000	0.000	0.066	-0.037
1183.000	151252.000	1.000	0.000	0.066	-0.037
1184.000	151520.000	1.000	0.000	0.045	-0.037
1185.000	151788.000	1.000	0.000	0.072	-0.037
1186.000	152056.000	1.000	0.000	0.083	-0.037
1187.000	152324.000	1.000	0.000	0.062	-0.037
1188.000	152592.000	1.000	0.000	0.075	-0.037
1189.000	152860.000	1.000	0.000	0.089	-0.037
1190.000	153129.000	1.000	0.000	0.051	-0.037
1191.000	153196.000	1.000	0.000	0.072	-0.037
1192.000	152928.000	1.000	0.000	0.049	-0.037
1193.000	152659.000	1.000	0.000	0.049	-0.037
1194.000	152391.000	1.000	0.000	0.051	-0.037
1195.000	152123.000	1.000	0.000	0.066	-0.037
1196.000	151855.000	1.000	0.000	0.047	-0.037
1197.000	151587.000	1.000	0.000	0.059	-0.037
1198.000	151319.000	1.000	0.000	0.037	-0.037
1199.000	151050.000	1.000	0.000	0.042	-0.037
1200.000	150782.000	1.000	0.000	0.074	-0.037
1201.000	150514.000	1.000	0.000	0.080	-0.037
1202.000	150246.000	1.000	0.000	0.047	-0.037
1203.000	149978.000	1.000	0.000	0.055	-0.037
1204.000	149710.000	1.000	0.000	0.045	-0.037
1205.000	149441.000	1.000	0.000	0.071	-0.037
1206.000	149173.000	1.000	0.000	0.058	-0.037
1207.000	148905.000	1.000	0.000	0.054	-0.037
1208.000	148637.000	1.000	0.000	0.062	-0.037
1209.000	148369.000	1.000	0.000	0.055	-0.037
1210.000	148101.000	1.000	0.000	0.068	-0.037
1211.000	147833.000	1.000	0.000	0.076	-0.037
1212.000	147564.000	1.000	0.000	0.042	-0.037
1213.000	147296.000	1.000	0.000	0.063	-0.037
1214.000	147028.000	1.000	0.000	0.057	-0.037
1215.000	146760.000	1.000	0.000	0.074	-0.037
1216.000	146492.000	1.000	0.000	0.082	-0.037
1217.000	146224.000	1.000	0.000	0.059	-0.037
1218.000	145955.000	1.000	0.000	0.059	-0.037
1219.000	145687.000	1.000	0.000	0.049	-0.037
1220.000	145419.000	1.000	0.000	0.054	-0.037
1221.000	145151.000	1.000	0.000	0.061	-0.037
1222.000	144883.000	1.000	0.000	0.048	-0.037
1223.000	144615.000	1.000	0.000	0.042	-0.037
1224.000	144346.000	1.000	0.000	0.057	-0.037
1225.000	144078.000	1.000	0.000	0.048	-0.037
1226.000	143810.000	1.000	0.000	0.067	-0.037
1227.000	143542.000	1.000	0.000	0.040	-0.037
1228.000	143274.000	1.000	0.000	0.063	-0.037
1229.000	143006.000	1.000	0.000	0.053	-0.037
1230.000	142738.000	1.000	0.000	0.063	-0.037
1231.000	142469.000	1.000	0.000	0.052	-0.037
1232.000	142201.000	1.000	0.000	0.057	-0.037
1233.000	141933.000	1.000	0.000	0.064	-0.037
1234.000	141665.000	1.000	0.000	0.043	-0.037
1235.000	141397.000	1.000	0.000	0.074	-0.037
1236.000	141129.000	1.000	0.000	0.057	-0.037
1237.000	140860.000	1.000	0.000	0.036	-0.037
1238.000	140592.000	1.000	0.000	0.097	-0.037
1239.000	140324.000	1.000	0.000	0.058	-0.037
1240.000	140056.000	1.000	0.000	0.099	-0.037
1241.000	139788.000	1.000	0.000	0.054	-0.037
1242.000	139520.000	1.000	0.000	0.056	-0.037
1243.000	139251.000	1.000	0.000	0.069	-0.037
1244.000	138983.000	1.000	0.000	0.066	-0.037
1245.000	138715.000	1.000	0.000	0.074	-0.037
1246.000	138447.000	1.000	0.000	0.043	-0.037
1247.000	138179.000	1.000	0.000	0.093	-0.037
1248.000	137911.000	1.000	0.000	0.090	-0.037
1249.000	137643.000	1.000	0.000	0.062	-0.037
1250.000	137374.000	1.000	0.000	0.058	-0.037
1251.000	137106.000	1.000	0.000	0.054	-0.037
1252.000	136838.000	1.000	0.000	0.043	-0.037
1253.000	136570.000	1.000	0.000	0.051	-0.037
1254.000	136302.000	1.000	0.000	0.063	-0.037
1255.000	136034.000	1.000	0.000	0.052	-0.037
1256.000	135765.000	1.000	0.000	0.056	-0.037
1257.000	135497.000	1.000	0.000	0.065	-0.037
1258.000	135229.000	1.000	0.000	0.054	-0.037
1259.000	134961.000	1.000	0.000	0.044	-0.037
1260.000	134693.000	1.000	0.000	0.054	-0.037
1261.000	134425.000	1.000	0.000	0.072	-0.037
1262.000	134157.000	1.000	0.000	0.049	-0.037
1263.000	133888.000	1.000	0.000	0.044	-0.037
1264.000	133620.000	1.000	0.000	0.058	-0.037
1265.000	133352.000	1.000	0.000	0.044	-0.037
1266.000	133084.000	1.000	0.000	0.078	-0.037
1267.000	132816.000	1.000	0.000	0.059	-0.037
1268.000	132548.000	1.000	0.000	0.069	-0.037
1269.000	132279.000	1.000	0.000	0.050	-0.037
1270.000	132011.000	1.000	0.000	0.058	-0.037
1271.000	131743.000	1.000	0.000	0.046	-0.037
1272.000	131475.000	1.000	0.000	0.059	-0.037
1273.000	131207.000	1.000	0.000	0.068	-0.037
1274.000	130939.000	1.000	0.000	0.047	-0.037
1275.000	130670.000	1.000	0.000	0.071	-0.037
1276.000	130402.000	1.000	0.000	0.067	-0.037
1277.000	130134.000	1.000	0.000	0.052	-0.037
1278.000	129866.000	1.000	0.000	0.043	-0.037
1279.000	129598.000	1.000	0.000	0.077	-0.037
1280.000	129330.000	1.000	0.000	0.061	-0.037
1281.000	129062.000	1.000	0.000	0.054	-0.037
1282.000	128793.000	1.000	0.000	0.043	-0.037
1283.000	128525.000	1.000	0.000	0.063	-0.037
1284.000	128257.000	1.000	0.000	0.052	-0.037
1285.000	127989.000	1.000	0.000	0.054	-0.037
1286.000	127721.000	1.000	0.000	0.047	-0.037
1287.000	127453.000	1.000	0.000	0.066	-0.037
1288.000	127184.000	1.000	0.000	0.067	-0.037
1289.000	126916.000	1.000	0.000	0.061	-0.037
1290.000	126648.000	1.000	0.000	0.060	-0.037
1291.000	126380.000	1.000	0.000	0.033	-0.037
1292.000	126112.000	1.000	0.000	0.059	-0.037
1293.000	125844.000	1.000	0.000	0.076	-0.037
1294.000	125575.000	1.000	0.000	0.043	-0.037
1295.000	125307.000	1.000	0.000	0.049	-0.037
1296.000	125039.000	1.000	0.000	0.037	-0.037
1297.000	124771.000	1.000	0.000	0.052	-0.037
1298.000	124503.000	1.000	0.000	0.049	-0.037
1299.000	124235.000	1.000	0.000	0.041	-0.037
1300.000	123967.000	1.000	0.000	0.041	-0.037
1301.000	123698.000	1.000	0.000	0.070	-0.037
1302.000	123430.000	1.000	0.000	0.045	-0.037
1303.000	123162.000	1.000	0.000	0.046	-0.037
1304.000	122894.000	1.000	0.000	0.071	-0.037
1305.000	122626.000	1.000	0.000	0.049	-0.037
1306.000	122358.000	1.000	0.000	0.081	-0.037
1307.000	122089.000	1.000	0.000	0.083	-0.037
1308.000	121821.000	1.000	0.000	0.074	-0.037
1309.000	121553.000	1.000	0.000	0.046	-0.037
1310.000	121285.000	1.000	0.000	0.057	-0.037
1311.000	121017.000	1.000	0.000	0.064	-0.037
1312.000	120749.000	1.000	0.000	0.046	-0.037
1313.000	120480.000	1.000	0.000	0.045	-0.037
1314.000	120212.000	1.000	0.000	0.036	-0.037
1315.000	119944.000	1.000	0.000	0.063	-0.037
1316.000	119676.000	1.000	0.000	0.047	-0.037
1317.000	119408.000	1.000	0.000	0.044	-0.037
1318.000	119140.000	1.000	0.000	0.057	-0.037
1319.000	118872.000	1.000	0.000	0.043	-0.037
1320.000	118603.000	1.000	0.000	0.044	-0.037
1321.000	118335.000	1.000	0.000	0.036	-0.037
1322.000	118067.000	1.000	0.000	0.063	-0.037
1323.000	117799.000	1.000	0.000	0.073	-0.037
1324.000	117531.000	1.000	0.000	0.038	-0.037
1325.000	117263.000	1.000	0.000	0.048	-0.037
1326.000	116994.000	1.000	0.000	0.057	-0.037
1327.000	116726.000	1.000	0.000	0.056	-0.037
1328.000	116458.000	1.000	0.000	0.050	-0.037
1329.000	116190.000	1.000	0.000	0.082	-0.037
1330.000	115922.000	1.000	0.000	0.054	-0.037
1331.000	115654.000	1.000	0.000	0.071	-0.037
1332.000	115386.000	1.000	0.000	0.067	-0.037
1333.000	115117.000	1.000	0.000	0.061	-0.037
1334.000	114849.000	1.000	0.000	0.050	-0.037
1335.000	114581.000	1.000	0.000	0.051	-0.037
1336.000	114313.000	1.000	0.000	0.062	-0.037
1337.000	114045.000	1.000	0.000	0.050	-0.037
1338.000	113777.000	1.000	0.000	0.082	-0.037
1339.000	113508.000	1.000	0.000	0.043	-0.037
1340.000	113240.000	1.000	0.000	0.055	-0.037
1341.000	112972.000	1.000	0.000	0.073	-0.037
1342.000	112704.000	1.000	0.000	0.075	-0.037
1343.000	112436.000	1.000	0.000	0.064	-0.037
1344.000	112168.000	1.000	0.000	0.074	-0.037
1345.000	111899.000	1.000	0.000	0.050	-0.037
1346.000	111631.000	1.000	0.000	0.052	-0.037
1347.000	111363.000	1.000	0.000	0.058	-0.037
1348.000	111095.000	1.000	0.000	0.078	-0.037
1349.000	110827.000	1.000	0.000	0.067	-0.037
1350.000	110559.000	1.000	0.000	0.051	-0.037
1351.000	110291.000	1.000	0.000	0.070	-0.037
1352.000	110022.000	1.000	0.000	0.061	-0.037
1353.000	109754.000	1.000	0.000	0.051	-0.037
1354.000	109486.000	1.000	0.000	0.039	-0.037
1355.000	109218.000	1.000	0.000	0.058	-0.037
1356.000	108950.000	1.000	0.000	0.060	-0.037
1357.000	108682.000	1.000	0.000	0.046	-0.037
1358.000	108413.000	1.000	0.000	0.078	-0.037
1359.000	108145.000	1.000	0.000	0.063	-0.037
1360.000	107877.000	1.000	0.000	0.067	-0.037
1361.000	107609.000	1.000	0.000	0.051	-0.037
1362.000	107341.000	1.000	0.000	0.062	-0.037
1363.000	107073.000	1.000	0.000	0.045	-0.037
1364.000	106804.000	1.000	0.000	0.039	-0.037
1365.000	106536.000	1.000	0.000	0.058	-0.037
1366.000	106268.000	1.000	0.000	0.075	-0.037
1367.000	106000.000	1.000	0.000	0.052	-0.037
1368.000	105732.000	1.000	0.000	0.073	-0.037
1369.000	105464.000	1.000	0.000	0.063	-0.037
1370.000	105196.000	1.000	0.000	0.051	-0.037
1371.000	104927.000	1.000	0.000	0.062	-0.037
1372.000	104659.000	1.000	0.000	0.072	-0.037
1373.000	104391.000	1.000	0.000	0.058	-0.037
1374.000	104123.000	1.000	0.000	0.060	-0.037
1375.000	103855.000	1.000	0.000	0.056	-0.037
1376.000	103587.000	1.000	0.000	0.045	-0.037
1377.000	103318.000	1.000	0.000	0.055	-0.037
1378.000	103050.000	1.000	0.000	0.052	-0.037
1379.000	102782.000	1.000	0.000	0.074	-0.037
1380.000	102514.000	1.000	0.000	0.075	-0.037
1381.000	102246.000	1.000	0.000	0.054	-0.037
1382.000	101978.000	1.000	0.000	0.055	-0.037
1383.000	101710.000	1.000	0.000	0.054	-0.037
1384.000	101441.000	1.000	0.000	0.047	-0.037
1385.000	101173.000	1.000	0.000	0.052	-0.037
1386.000	100905.000	1.000	0.000	0.058	-0.037
1387.000	100637.000	1.000	0.000	0.043	-0.037
1388.000	100369.000	1.000	0.000	0.079	-0.037
1389.000	100101.000	1.000	0.000	0.068	-0.037
1390.000	99832.000	1.000	0.000	0.070	-0.037
1391.000	99564.000	1.000	0.000	0.066	-0.037
1392.000	99296.000	1.000	0.000	0.080	-0.037
1393.000	99028.000	1.000	0.000	0.062	-0.037
1394.000	98760.000	1.000	0.000	0.071	-0.037
1395.000	98492.000	1.000	0.000	0.059	-0.037
1396.000	98223.000	1.000	0.000	0.058	-0.037
1397.000	97955.000	1.000	0.000	0.075	-0.037
1398.000	97687.000	1.000	0.000	0.043	-0.037
1399.000	97419.000	1.000	0.000	0.064	-0.037
1400.000	97151.000	1.000	0.000	0.078	-0.037
1401.000	96883.000	1.000	0.000	0.068	-0.037
1402.000	96615.000	1.000	0.000	0.033	-0.037
1403.000	96346.000	1.000	0.000	0.036	-0.037
1404.000	96078.000	1.000	0.000	0.054	-0.037
1405.000	95810.000	1.000	0.000	0.069	-0.037
1406.000	95542.000	1.000	0.000	0.049	-0.037
1407.000	95274.000	1.000	0.000	0.066	-0.037
1408.000	95006.000	1.000	0.000	0.033	-0.037
1409.000	94737.000	1.000	0.000	0.039	-0.037
1410.000	94469.000	1.000	0.000	0.056	-0.037
1411.000	94201.000	1.000	0.000	0.055	-0.037
1412.000	93933.000	1.000	0.000	0.046	-0.037
1413.000	93665.000	1.000	0.000	0.054	-0.037
1414.000	93397.000	1.000	0.000	0.038	-0.037
1415.000	93128.000	1.000	0.000	0.066	-0.037
1416.000	92860.000	1.000	0.000	0.047	-0.037
1417.000	92592.000	1.000	0.000	0.067	-0.037
1418.000	92324.000	1.000	0.000	0.088	-0.037
1419.000	92056.000	1.000	0.000	0.066	-0.037
1420.000	91788.000	1.000	0.000	0.056	-0.037
1421.000	91520.000	1.000	0.000	0.073	-0.037
1422.000	91251.000	1.000	0.000	0.073	-0.037
1423.000	90983.000	1.000	0.000	0.064	-0.037
1424.000	90715.000	1.000	0.000	0.064	-0.037
1425.000	90447.000	1.000	0.000	0.067	-0.037
1426.000	90179.000	1.000	0.000	0.055	-0.037
1427.000	89911.000	1.000	0.000	0.061	-0.037
1428.000	89642.000	1.000	0.000	0.064	-0.037
1429.000	89374.000	1.000	0.000	0.049	-0.037
1430.000	89106.000	1.000	0.000	0.043	-0.037
1431.000	88838.000	1.000	0.000	0.044	-0.037
1432.000	88570.000	1.000	0.000	0.068	-0.037
1433.000	88302.000	1.000	0.000	0.063	-0.037
1434.000	88033.000	1.000	0.000	0.080	-0.037
1435.000	87765.000	1.000	0.000	0.060	-0.037
1436.000	87497.000	1.000	0.000	0.069	-0.037
1437.000	87229.000	1.000	0.000	0.052	-0.037
1438.000	86961.000	1.000	0.000	0.039	-0.037
1439.000	86693.000	1.000	0.000	0.065	-0.037
1440.000	86425.000	1.000	0.000	0.047	-0.037
1441.000	86156.000	1.000	0.000	0.046	-0.037
1442.000	85888.000	1.000	0.000	0.066	-0.037
1443.000	85620.000	1.000	0.000	0.075	-0.037
1444.000	85352.000	1.000	0.000	0.045	-0.037
1445.000	85084.000	1.000	0.000	0.040	-0.037
1446.000	84816.000	1.000	0.000	0.087	-0.037
1447.000	84547.000	1.000	0.000	0.058	-0.037
1448.000	84279.000	1.000	0.000	0.074	-0.037
1449.000	84011.000	1.000	0.000	0.081	-0.037
1450.000	83743.000	1.000	0.000	0.103	-0.037
1451.000	83475.000	1.000	0.000	0.072	-0.037
1452.000	83207.000	1.000	0.000	0.065	-0.037
1453.000	82939.000	1.000	0.000	0.049	-0.037
1454.000	82670.000	1.000	0.000	0.063	-0.037
1455.000	82402.000	1.000	0.000	0.061	-0.037
1456.000	82134.000	1.000	0.000	0.084	-0.037
1457.000	81866.000	1.000	0.000	0.045	-0.037
1458.000	81598.000	1.000	0.000	0.064	-0.037
1459.000	81330.000	1.000	0.000	0.072	-0.037
1460.000	81061.000	1.000	0.000	0.030	-0.037
1461.000	80793.000	1.000	0.000	0.077	-0.037
1462.000	80525.000	1.000	0.000	0.073	-0.037
1463.000	80257.000	1.000	0.000	0.059	-0.037
1464.000	79989.000	1.000	0.000	0.054	-0.037
1465.000	79721.000	1.000	0.000	0.051	-0.037
1466.000	79452.000	1.000	0.000	0.065	-0.037
1467.000	79184.000	1.000	0.000	0.055	-0.037
1468.000	78916.000	1.000	0.000	0.056	-0.037
1469.000	78648.000	1.000	0.000	0.051	-0.037
1470.000	78380.000	1.000	0.000	0.051	-0.037
1471.000	78112.000	1.000	0.000	0.045	-0.037
1472.000	77844.000	1.000	0.000	0.047	-0.037
1473.000	77575.000	1.000	0.000	0.049	-0.037
1474.000	77307.000	1.000	0.000	0.065	-0.037
1475.000	77039.000	1.000	0.000	0.046	-0.037
1476.000	76771.000	1.000	0.000	0.076	-0.037
1477.000	76503.000	1.000	0.000	0.072	-0.037
1478.000	76235.000	1.000	0.000	0.045	-0.037
1479.000	75966.000	1.000	0.000	0.072	-0.037
1480.000	75698.000	1.000	0.000	0.071	-0.037
1481.000	75430.000	1.000	0.000	0.053	-0.037
1482.000	75162.000	1.000	0.000	0.072	-0.037
1483.000	74894.000	1.000	0.000	0.064	-0.037
1484.000	74626.000	1.000	0.000	0.078	-0.037
1485.000	74357.000	1.000	0.000	0.091	-0.037
1486.000	74089.000	1.000	0.000	0.070	-0.037
1487.000	73821.000	1.000	0.000	0.029	-0.037
1488.000	73553.000	1.000	0.000	0.056	-0.037
1489.000	73285.000	1.000	0.000	0.057	-0.037
1490.000	73017.000	1.000	0.000	0.049	-0.037
1491.000	72749.000	1.000	0.000	0.059	-0.037
1492.000	72480.000	1.000	0.000	0.052	-0.037
1493.000	72212.000	1.000	0.000	0.044	-0.037
1494.000	71944.000	1.000	0.000	0.063	-0.037
1495.000	71676.000	1.000	0.000	0.056	-0.037
1496.000	71408.000	1.000	0.000	0.037	-0.037
1497.000	71140.000	1.000	0.000	0.074	-0.037
1498.000	70871.000	1.000	0.000	0.035	-0.037
1499.000	70603.000	1.000	0.000	0.062	-0.037
1500.000	70335.000	1.000	0.000	0.063	-0.037
1501.000	70067.000	1.000	0.000	0.056	-0.037
1502.000	69799.000	1.000	0.000	0.066	-0.037
1503.000	69531.000	1.000	0.000	0.041	-0.037
1504.000	69262.000	1.000	0.000	0.046	-0.037
1505.000	68994.000	1.000	0.000	0.074	-0.037
1506.000	68726.000	1.000	0.000	0.069	-0.037
1507.000	68458.000	1.000	0.000	0.062	-0.037
1508.000	68190.000	1.000	0.000	0.046	-0.037
1509.000	67922.000	1.000	0.000	0.066	-0.037
1510.000	67654.000	1.000	0.000	0.051	-0.037
1511.000	67385.000	1.000	0.000	0.054	-0.037
1512.000	67117.000	1.000	0.000	0.068	-0.037
1513.000	66849.000	1.000	0.000	0.065	-0.037
1514.000	66581.000	1.000	0.000	0.066	-0.037
1515.000	66313.000	1.000	0.000	0.054	-0.037
1516.000	66045.000	1.000	0.000	0.067	-0.037
1517.000	65776.000	1.000	0.000	0.032	-0.037
1518.000	65508.000	1.000	0.000	0.088	-0.037
1519.000	65240.000	1.000	0.000	0.063	-0.037
1520.000	64972.000	1.000	0.000	0.047	-0.037
1521.000	64704.000	1.000	0.000	0.049	-0.037
1522.000	64436.000	1.000	0.000	0.055	-0.037
1523.000	64168.000	1.000	0.000	0.040	-0.037
1524.000	63899.000	1.000	0.000	0.058	-0.037
1525.000	63631.000	1.000	0.000	0.052	-0.037
1526.000	63363.000	1.000	0.000	0.054	-0.037
1527.000	63095.000	1.000	0.000	0.059	-0.037
1528.000	62827.000	1.000	0.000	0.068	-0.037
1529.000	62559.000	1.000	0.000	0.029	-0.037
1530.000	62290.000	1.000	0.000	0.053	-0.037
1531.000	62022.000	1.000	0.000	0.065	-0.037
1532.000	61754.000	1.000	0.000	0.054	-0.037
1533.000	61486.000	1.000	0.000	0.050	-0.037
1534.000	61218.000	1.000	0.000	0.051	-0.037
1535.000	60950.000	1.000	0.000	0.048	-0.037
1536.000	60681.000	1.000	0.000	0.059	-0.037
1537.000	60413.000	1.000	0.000	0.066	-0.037
1538.000	60145.000	1.000	0.000	0.067	-0.037
1539.000	59877.000	1.000	0.000	0.071	-0.037
1540.000	59609.000	1.000	0.000	0.056	-0.037
1541.000	59341.000	1.000	0.000	0.052	-0.037
1542.000	59073.000	1.000	0.000	0.063	-0.037
1543.000	58804.000	1.000	0.000	0.080	-0.037
1544.000	58536.000	1.000	0.000	0.071	-0.037
1545.000	58268.000	1.000	0.000	0.037	-0.037
1546.000	58000.000	1.000	0.000	0.074	-0.037
1547.000	57732.000	1.000	0.000	0.080	-0.037
1548.000	57464.000	1.000	0.000	0.050	-0.037
1549.000	57195.000	1.000	0.000	0.038	-0.037
1550.000	56927.000	1.000	0.000	0.077	-0.037
1551.000	56659.000	1.000	0.000	0.065	-0.037
1552.000	56391.000	1.000	0.000	0.054	-0.037
1553.000	56123.000	1.000	0.000	0.049	-0.037
1554.000	55855.000	1.000	0.000	0.050	-0.037
1555.000	55586.000	1.000	0.000	0.061	-0.037
1556.000	55318.000	1.000	0.000	0.041	-0.037
1557.000	55050.000	1.000	0.000	0.057	-0.037
1558.000	54782.000	1.000	0.000	0.066	-0.037
1559.000	54514.000	1.000	0.000	0.070	-0.037
1560.000	54246.000	1.000	0.000	0.067	-0.037
1561.000	53978.000	1.000	0.000	0.082	-0.037
1562.000	53709.000	1.000	0.000	0.056	-0.037
1563.000	53441.000	1.000	0.000	0.049	-0.037
1564.000	53173.000	1.000	0.000	0.066	-0.037
1565.000	52905.000	1.000	0.000	0.072	-0.037
1566.000	52637.000	1.000	0.000	0.046	-0.037
1567.000	52369.000	1.000	0.000	0.076	-0.037
1568.000	52100.000	1.000	0.000	0.068	-0.037
1569.000	51832.000	1.000	0.000	0.066	-0.037
1570.000	51564.000	1.000	0.000	0.069	-0.037
1571.000	51296.000	1.000	0.000	0.062	-0.037
1572.000	51028.000	1.000	0.000	0.062	-0.037
1573.000	50760.000	1.000	0.000	0.055	-0.037
1574.000	50492.000	1.000	0.000	0.074	-0.037
1575.000	50223.000	1.000	0.000	0.073	-0.037
1576.000	49955.000	1.000	0.000	0.062	-0.037
1577.000	49687.000	1.000	0.000	0.051	-0.037
1578.000	49419.000	1.000	0.000	0.059	-0.037
1579.000	49151.000	1.000	0.000	0.044	-0.037
1580.000	48883.000	1.000	0.000	0.052	-0.037
1581.000	48614.000	1.000	0.000	0.045	-0.037
1582.000	48346.000	1.000	0.000	0.074	-0.037
1583.000	48078.000	1.000	0.000	0.085	-0.037
1584.000	47810.000	1.000	0.000	0.074	-0.037
1585.000	47542.000	1.000	0.000	0.063	-0.037
1586.000	47274.000	1.000	0.000	0.041	-0.037
1587.000	47005.000	1.000	0.000	0.076	-0.037
