# Title: Dye Laser Frequency Scan w/ MW Blink
# Note:	Dye laser frequency scan to find the ionization rate at Attn = 25 dB.
# Type:	Frequency
# Hittite Freq:	18510.1 MHz
# Ref Freq:	18400.0 MHz
# Hittite: Power	14 dBm
# Laser Freq:	NaN
# Laser Mod:	NaN
# Laser Mod Attn:	NaN
# MW Attn:	27 dB
# Delay:	1000 ns
# MW Off:	 100 to 400 ns
# Top w/o Static:	NaN
# Static:	NaN
# Static Off:	NaN
i	f	b	s	r
0	45.48	-0.00418836	-0.00351095	0.000632414	
1	45.18	-0.00418836	0.00211219	0.00517039	
2	44.68	-0.00418836	0.00184912	0.00618979	
3	44.38	-0.00418836	0.00132298	0.0010599	
4	44.08	-0.00418836	0.000500879	0.00405234	
5	43.58	-0.00418836	0.00819571	0.00865608	
6	43.08	-0.00418836	0.00457848	0.00411811	
7	42.58	-0.00418836	0.00579518	0.00382215	
8	41.98	-0.00418836	0.0029014	0.00507174	
9	41.68	-0.00418836	-0.000452754	0.00579518	
10	41.18	-0.00418836	0.000467995	0.00165181	
11	40.88	-0.00418836	0.00336178	0.0030987	
12	40.58	-0.00418836	-0.000452754	0.0027041	
13	39.58	-0.00418836	0.00359196	0.00632133	
14	39.18	-0.00418836	0.000435111	0.000369343	
15	38.48	-0.00418836	0.0030987	0.00405234	
16	37.98	-0.00418836	0.0025068	-0.000978896	
17	37.28	-0.00418836	-5.81473E-5	0.0035262	
18	36.58	-0.00418836	-0.000913128	0.00507174	
19	36.28	-0.00418836	0.000106272	0.00184912	
20	35.48	-0.00418836	0.00536769	-0.00084736	
21	35.08	-0.00418836	0.000928369	0.000336459	
22	34.58	-0.00418836	0.00477578	0.00313159	
23	34.18	-0.00418836	0.00217796	0.00457848	
24	33.48	-0.00418836	0.00155316	-0.000584289	
25	33.38	-0.00418836	-0.00134062	-0.000452754	
26	32.88	-0.00418836	0.00635421	0.000139156	
27	32.48	-0.00418836	0.001882	0.000500879	
28	32.08	-0.00418836	0.00421676	0.00221084	
29	31.78	-0.00418836	0.00145451	0.00336178	
30	30.88	-0.00418836	0.0016847	0.00707765	
31	30.08	-0.00418836	0.00405234	0.0027041	
32	29.78	-0.00418836	0.000796834	0.00405234	
33	29.48	-0.00418836	0.00323024	0.00017204	
34	28.78	-0.00418836	0.00355908	0.00313159	
35	28.38	-0.00418836	0.00221084	0.00296717	
36	27.48	-0.00418836	0.00592672	0.00747226	
37	26.78	-0.00418836	0.00954395	0.00836013	
38	26.08	-0.00418836	0.00655151	0.00530192	
39	25.48	-0.00418836	0.0047429	0.00191489	
40	24.18	-0.00418836	0.00572942	0.00280275	
41	24.08	-0.00418836	-0.000946012	0.00273698	
42	23.38	-0.00418836	0.00977413	0.00628844	
43	22.88	-0.00418836	0.00730784	0.00401945	
44	22.28	-0.00418836	0.00280275	0.00602537	
45	21.28	-0.00418836	0.00355908	0.00503885	
46	20.68	-0.00418836	0.00388792	0.00129009	
47	20.08	-0.00418836	0.00145451	-0.00130773	
48	19.38	-0.00418836	-0.00041987	0.00388792	
49	19.28	-0.00418836	0.00431541	0.00145451	
50	17.88	-0.00418836	0.00296717	0.000796834	
51	17.88	-0.00418836	-0.00212983	-0.000189683	
52	17.28	-0.00418836	0.00102702	0.00112567	
53	16.98	-0.00418836	-0.00236002	-0.00354384	
54	16.38	-0.00418836	0.00132298	-0.00189964	
55	15.78	-0.00418836	-0.000880244	0.000204924	
56	15.48	-0.00418836	-0.000913128	-0.000715825	
57	14.38	-0.00418836	-0.00107755	-0.00157081	
58	13.98	-0.00418836	4.05043E-5	-0.000518522	
59	13.38	-0.00418836	-0.00328077	-0.00397133	
60	12.58	-0.00418836	-0.00334654	0.000500879	
61	12.08	-0.00418836	0.00283563	-0.00328077	
62	11.28	-0.00418836	-0.000650057	-0.000518522	
63	10.68	-0.00418836	-0.00157081	-0.00308346	
64	10.08	-0.00418836	-0.00268886	0.00214507	
65	9.48	-0.00418836	-0.00216272	-0.00140639	
66	8.68	-0.00418836	0.00244103	0.00263833	
67	8.08	-0.00418836	0.00283563	0.000106272	
68	7.38	-0.00418836	0.00405234	0.0029014	
69	6.78	-0.00418836	0.00319736	0.00158605	
70	6.38	-0.00418836	0.00615691	0.00783398	
71	5.48	-0.00418836	0.0025068	0.00457848	
72	4.78	-0.00418836	0.00740649	0.00395369	
73	4.28	-0.00418836	-0.000650057	0.000665298	
74	3.48	-0.00418836	0.0096426	0.00734073	
75	3.08	-0.00418836	0.00836013	0.00517039	
76	2.48	-0.00418836	0.0122404	0.00757091	
77	1.88	-0.00418836	0.0104318	0.0165482	
78	1.28	-0.00418836	0.0129639	0.00668305	
79	0.78	-0.00418836	0.0157919	0.0137202	
80	0.08	-0.00418836	0.00947818	0.0144765	
81	-0.72	-0.00418836	0.0154959	0.0193105	
82	-1.12	-0.00418836	0.019442	0.0181266	
83	-1.62	-0.00418836	0.0204285	0.0248349	
84	-2.42	-0.00418836	0.0293072	0.0291756	
85	-3.12	-0.00418836	0.0298662	0.0277616	
86	-3.72	-0.00418836	0.0381858	0.0378898	
87	-4.52	-0.00418836	0.0350618	0.0317077	
88	-5.12	-0.00418836	0.0428224	0.0383173	
89	-6.02	-0.00418836	0.0421319	0.0448283	
90	-6.42	-0.00418836	0.0446639	0.0536083	
91	-7.12	-0.00418836	0.0510763	0.051734	
92	-7.72	-0.00418836	0.0499582	0.0585409	
93	-8.42	-0.00418836	0.0534439	0.0567323	
94	-8.82	-0.00418836	0.0482154	0.0524245	
95	-9.82	-0.00418836	0.0638352	0.0671236	
96	-10.42	-0.00418836	0.0618293	0.0710368	
97	-11.12	-0.00418836	0.0599549	0.0573571	
98	-11.42	-0.00418836	0.055417	0.0649204	
99	-12.02	-0.00418836	0.0618622	0.0671894	
100	-12.52	-0.00418836	0.0662029	0.0754761	
101	-13.12	-0.00418836	0.0676826	0.0634735	
102	-13.42	-0.00418836	0.0658083	0.073536	
103	-13.92	-0.00418836	0.0697543	0.072681	
104	-14.22	-0.00418836	0.0664331	0.0625856	
105	-15.02	-0.00418836	0.0776465	0.0769888	
106	-15.52	-0.00418836	0.0730098	0.0789289	
107	-16.12	-0.00418836	0.0710039	0.0797839	
108	-16.62	-0.00418836	0.0663344	0.0798497	
109	-17.22	-0.00418836	0.0638024	0.0863936	
110	-18.02	-0.00418836	0.0801128	0.0803758	
111	-18.72	-0.00418836	0.0682746	0.0777451	
112	-19.52	-0.00418836	0.0670579	0.0817241	
113	-20.22	-0.00418836	0.0703791	0.0994156	
114	-21.02	-0.00418836	0.0691953	0.0828092	
115	-21.72	-0.00418836	0.0643943	0.0860647	
116	-22.62	-0.00418836	0.0661371	0.0956011	
117	-23.22	-0.00418836	0.0747527	0.0997116	
118	-24.02	-0.00418836	0.0805402	0.087413	
119	-24.72	-0.00418836	0.0776136	0.0823817	
120	-25.62	-0.00418836	0.0918852	0.0991196	
121	-26.32	-0.00418836	0.0927402	0.0986922	
122	-27.32	-0.00418836	0.0805731	0.0981331	
123	-28.12	-0.00418836	0.087413	0.0915235	
124	-28.82	-0.00418836	0.0908329	0.0996458	
125	-29.32	-0.00418836	0.0740292	0.113325	
126	-29.92	-0.00418836	0.0752788	0.101685	
127	-30.72	-0.00418836	0.0890572	0.112734	
128	-31.32	-0.00418836	0.0834669	0.104578	
129	-32.12	-0.00418836	0.0808033	0.121744	
130	-32.82	-0.00418836	0.0981002	0.110366	
131	-33.22	-0.00418836	0.0897149	0.129373	
132	-34.22	-0.00418836	0.0884324	0.119869	
133	-34.62	-0.00418836	0.0863607	0.112109	
134	-35.12	-0.00418836	0.0895833	0.134667	
135	-35.92	-0.00418836	0.0850782	0.122697	
136	-36.32	-0.00418836	0.0857688	0.124506	
137	-37.22	-0.00418836	0.0902081	0.123256	
138	-37.72	-0.00418836	0.081461	0.129603	
139	-38.22	-0.00418836	0.0826119	0.124473	
140	-38.82	-0.00418836	0.0949763	0.127893	
141	-39.62	-0.00418836	0.0772847	0.133253	
142	-40.42	-0.00418836	0.100238	0.13253	
143	-40.92	-0.00418836	0.106255	0.138876	
144	-41.52	-0.00418836	0.0986922	0.133516	
145	-41.92	-0.00418836	0.0988895	0.134503	
146	-42.82	-0.00418836	0.0943186	0.141244	
147	-43.42	-0.00418836	0.103427	0.125788	
148	-44.02	-0.00418836	0.110399	0.122829	
149	-44.52	-0.00418836	0.0929375	0.139994	
150	-45.12	-0.00418836	0.0985935	0.135522	
151	-45.72	-0.00418836	0.105335	0.146604	
152	-46.02	-0.00418836	0.116186	0.138449	
153	-46.82	-0.00418836	0.108228	0.134108	
154	-47.22	-0.00418836	0.108064	0.126183	
155	-47.82	-0.00418836	0.108393	0.128255	
156	-48.42	-0.00418836	0.108886	0.128353	
157	-49.12	-0.00418836	0.100797	0.129373	
158	-49.72	-0.00418836	0.118291	0.139797	
159	-50.22	-0.00418836	0.104841	0.123815	
160	-50.92	-0.00418836	0.107341	0.136048	
161	-51.62	-0.00418836	0.10642	0.134503	
162	-52.52	-0.00418836	0.104085	0.121678	
163	-52.92	-0.00418836	0.121744	0.137495	
164	-53.62	-0.00418836	0.114641	0.126907	
165	-54.32	-0.00418836	0.099317	0.120659	
166	-55.12	-0.00418836	0.102737	0.117436	
167	-55.82	-0.00418836	0.109182	0.137956	
168	-56.22	-0.00418836	0.0903725	0.131214	
169	-56.92	-0.00418836	0.100336	0.134832	
170	-57.72	-0.00418836	0.112142	0.130557	
171	-58.52	-0.00418836	0.10425	0.118291	
172	-59.12	-0.00418836	0.099876	0.147591	
173	-59.72	-0.00418836	0.116515	0.140882	
174	-60.32	-0.00418836	0.0962916	0.146933	
175	-61.12	-0.00418836	0.106749	0.132924	
176	-61.52	-0.00418836	0.117403	0.141934	
177	-62.12	-0.00418836	0.112076	0.130425	
178	-62.92	-0.00418836	0.105006	0.148413	
179	-63.32	-0.00418836	0.107505	0.131543	
180	-64.02	-0.00418836	0.0963245	0.137725	
181	-64.52	-0.00418836	0.109412	0.144401	
182	-65.22	-0.00418836	0.103329	0.141408	
183	-65.82	-0.00418836	0.100303	0.136081	
184	-66.72	-0.00418836	0.105006	0.13493	
185	-67.22	-0.00418836	0.104776	0.140323	
186	-67.82	-0.00418836	0.109051	0.146571	
187	-68.52	-0.00418836	0.102441	0.144467	
188	-69.22	-0.00418836	0.117896	0.138482	
189	-69.92	-0.00418836	0.101652	0.156634	
190	-70.72	-0.00418836	0.104973	0.136903	
191	-71.42	-0.00418836	0.109906	0.147262	
192	-71.82	-0.00418836	0.119179	0.141441	
193	-72.62	-0.00418836	0.106025	0.135226	
194	-73.62	-0.00418836	0.109215	0.142822	
195	-73.82	-0.00418836	0.110366	0.146801	
196	-74.32	-0.00418836	0.113819	0.153806	
197	-75.02	-0.00418836	0.113095	0.133779	
198	-75.92	-0.00418836	0.100073	0.145026	
199	-76.52	-0.00418836	0.105927	0.142724	
200	-76.92	-0.00418836	0.107045	0.128452	
201	-77.62	-0.00418836	0.113161	0.141671	
202	-78.02	-0.00418836	0.0992841	0.147459	
203	-78.52	-0.00418836	0.108426	0.133977	
204	-79.12	-0.00418836	0.113621	0.153575	
205	-79.72	-0.00418836	0.108689	0.149103	
206	-80.22	-0.00418836	0.117403	0.142263	
207	-80.72	-0.00418836	0.113391	0.147656	
208	-81.12	-0.00418836	0.125295	0.14473	
209	-81.82	-0.00418836	0.107702	0.141902	
210	-82.42	-0.00418836	0.115989	0.126907	
211	-83.02	-0.00418836	0.113589	0.153937	
212	-83.72	-0.00418836	0.109149	0.142954	
213	-84.32	-0.00418836	0.116482	0.138515	
214	-85.22	-0.00418836	0.128485	0.144795	
215	-85.72	-0.00418836	0.119146	0.147327	
216	-86.22	-0.00418836	0.124901	0.13493	
217	-86.82	-0.00418836	0.118817	0.149794	
218	-87.82	-0.00418836	0.115529	0.131543	
219	-88.32	-0.00418836	0.122697	0.139994	
220	-88.92	-0.00418836	0.104578	0.14565	
221	-89.72	-0.00418836	0.114772	0.15009	
222	-90.22	-0.00418836	0.119245	0.141836	
223	-90.62	-0.00418836	0.108886	0.138646	
224	-91.42	-0.00418836	0.110037	0.148511	
225	-92.12	-0.00418836	0.110761	0.140784	
226	-92.62	-0.00418836	0.122171	0.130853	
227	-93.22	-0.00418836	0.110728	0.142329	
228	-93.72	-0.00418836	0.128419	0.143184	
229	-94.32	-0.00418836	0.128912	0.144401	
230	-95.02	-0.00418836	0.114937	0.145289	
231	-95.52	-0.00418836	0.117107	0.15249	
232	-96.02	-0.00418836	0.119738	0.148018	
233	-96.72	-0.00418836	0.123585	0.147327	
234	-97.42	-0.00418836	0.116745	0.146407	
235	-98.12	-0.00418836	0.113819	0.15078	
236	-98.92	-0.00418836	0.113523	0.144368	
237	-99.82	-0.00418836	0.120659	0.152523	
238	-100.52	-0.00418836	0.108952	0.138153	
239	-101.22	-0.00418836	0.124111	0.145387	
240	-101.82	-0.00418836	0.120396	0.147163	
241	-102.62	-0.00418836	0.117436	0.160251	
242	-103.62	-0.00418836	0.113095	0.146736	
243	-104.52	-0.00418836	0.111747	0.135391	
244	-105.02	-0.00418836	0.109544	0.136739	
245	-105.62	-0.00418836	0.11053	0.153575	
246	-106.72	-0.00418836	0.120034	0.136344	
247	-107.32	-0.00418836	0.117568	0.157817	
248	-108.02	-0.00418836	0.114542	0.131346	
249	-108.62	-0.00418836	0.119804	0.141934	
250	-109.42	-0.00418836	0.102572	0.144598	
251	-110.02	-0.00418836	0.121415	0.14884	
252	-110.52	-0.00418836	0.109708	0.137791	
253	-111.12	-0.00418836	0.124638	0.169689	
254	-111.62	-0.00418836	0.128255	0.147295	
255	-112.42	-0.00418836	0.120659	0.146604	
256	-113.02	-0.00418836	0.119179	0.14371	
257	-113.62	-0.00418836	0.121218	0.145913	
258	-114.32	-0.00418836	0.123224	0.157094	
259	-115.12	-0.00418836	0.121645	0.139337	
260	-115.82	-0.00418836	0.119442	0.136048	
261	-116.52	-0.00418836	0.113589	0.139205	
262	-117.32	-0.00418836	0.101849	0.134108	
263	-117.92	-0.00418836	0.108097	0.147623	
264	-118.82	-0.00418836	0.112175	0.153016	
265	-119.32	-0.00418836	0.111813	0.138876	
266	-120.12	-0.00418836	0.126841	0.143743	
267	-120.92	-0.00418836	0.119935	0.144927	
268	-121.82	-0.00418836	0.12763	0.151734	
269	-122.32	-0.00418836	0.131905	0.142954	
270	-122.92	-0.00418836	0.122632	0.161204	
271	-123.32	-0.00418836	0.110136	0.138482	
272	-124.72	-0.00418836	0.112536	0.146538	
273	-125.32	-0.00418836	0.128682	0.141639	
274	-125.82	-0.00418836	0.123914	0.1469	
275	-126.42	-0.00418836	0.118061	0.15101	
276	-127.12	-0.00418836	0.125164	0.140849	
277	-127.92	-0.00418836	0.120527	0.142691	
278	-128.32	-0.00418836	0.12421	0.153082	
279	-128.92	-0.00418836	0.124111	0.160711	
280	-129.62	-0.00418836	0.120724	0.150419	
281	-130.32	-0.00418836	0.114871	0.145716	
282	-130.92	-0.00418836	0.127235	0.146341	
283	-131.62	-0.00418836	0.135884	0.142066	
284	-132.12	-0.00418836	0.113161	0.153543	
285	-132.82	-0.00418836	0.107702	0.116252	
286	-133.42	-0.00418836	0.117008	0.132957	
287	-134.12	-0.00418836	0.108755	0.140553	
288	-134.82	-0.00418836	0.115035	0.138613	
289	-135.32	-0.00418836	0.12444	0.139402	
290	-136.12	-0.00418836	0.110497	0.141671	
291	-137.02	-0.00418836	0.107505	0.137594	
292	-137.62	-0.00418836	0.117929	0.143809	
293	-138.12	-0.00418836	0.117041	0.144236	
294	-138.72	-0.00418836	0.12033	0.130622	
295	-139.22	-0.00418836	0.124309	0.133944	
296	-139.92	-0.00418836	0.11691	0.153937	
297	-140.72	-0.00418836	0.122336	0.159429	
298	-141.22	-0.00418836	0.124966	0.138679	
299	-141.72	-0.00418836	0.106683	0.138515	
300	-142.42	-0.00418836	0.110958	0.139994	
301	-142.92	-0.00418836	0.116482	0.144434	
302	-143.42	-0.00418836	0.117239	0.132365	
303	-143.82	-0.00418836	0.108722	0.131017	
304	-144.42	-0.00418836	0.115134	0.128222	
305	-145.02	-0.00418836	0.120724	0.132398	
306	-145.62	-0.00418836	0.11178	0.146604	
307	-146.62	-0.00418836	0.103723	0.140619	
308	-147.02	-0.00418836	0.117337	0.130425	
309	-147.52	-0.00418836	0.12375	0.140718	
310	-148.32	-0.00418836	0.113687	0.142165	
311	-149.32	-0.00418836	0.127137	0.153214	
312	-149.82	-0.00418836	0.13858	0.144006	
313	-150.42	-0.00418836	0.119771	0.151602	
314	-151.32	-0.00418836	0.120428	0.133944	
315	-152.02	-0.00418836	0.119475	0.150846	
316	-152.72	-0.00418836	0.119902	0.135555	
317	-153.42	-0.00418836	0.116877	0.151208	
318	-154.12	-0.00418836	0.124177	0.146111	
319	-154.82	-0.00418836	0.126249	0.147525	
320	-155.42	-0.00418836	0.137035	0.142263	
321	-156.02	-0.00418836	0.124013	0.129636	
322	-156.72	-0.00418836	0.128452	0.155417	
323	-157.42	-0.00418836	0.133878	0.138054	
324	-158.22	-0.00418836	0.126413	0.140553	
325	-158.62	-0.00418836	0.122467	0.150221	
326	-159.12	-0.00418836	0.141836	0.146275	
327	-159.82	-0.00418836	0.13983	0.144138	
328	-160.42	-0.00418836	0.129669	0.144565	
329	-160.92	-0.00418836	0.139337	0.142855	
330	-161.62	-0.00418836	0.126775	0.149202	
331	-162.32	-0.00418836	0.140718	0.148577	
332	-162.62	-0.00418836	0.129471	0.151865	
333	-163.32	-0.00418836	0.138975	0.13447	
334	-164.12	-0.00418836	0.129307	0.152129	
335	-164.62	-0.00418836	0.131346	0.137429	
336	-165.32	-0.00418836	0.129833	0.140027	
337	-166.02	-0.00418836	0.122073	0.142263	
338	-166.72	-0.00418836	0.112175	0.154496	
339	-167.52	-0.00418836	0.136246	0.153575	
340	-168.12	-0.00418836	0.12809	0.1396	
341	-168.82	-0.00418836	0.123191	0.139764	
342	-169.22	-0.00418836	0.12444	0.131576	
343	-170.32	-0.00418836	0.111287	0.14884	
344	-170.82	-0.00418836	0.126643	0.15522	
345	-171.22	-0.00418836	0.127334	0.139501	
346	-171.82	-0.00418836	0.128321	0.134108	
347	-172.12	-0.00418836	0.124999	0.144269	
348	-173.12	-0.00418836	0.112109	0.130326	
349	-173.92	-0.00418836	0.124079	0.15078	
350	-174.42	-0.00418836	0.103986	0.139567	
351	-175.62	-0.00418836	0.12546	0.151898	
352	-176.02	-0.00418836	0.112405	0.135654	
353	-176.82	-0.00418836	0.108722	0.149037	
354	-177.72	-0.00418836	0.124243	0.142165	
355	-178.12	-0.00418836	0.120593	0.138317	
356	-178.92	-0.00418836	0.116745	0.142263	
357	-179.72	-0.00418836	0.119409	0.156305	
358	-180.42	-0.00418836	0.122434	0.151175	
359	-181.12	-0.00418836	0.116351	0.141408	
360	-182.22	-0.00418836	0.119442	0.1493	
361	-182.92	-0.00418836	0.136772	0.159955	
362	-183.52	-0.00418836	0.113852	0.150813	
363	-184.32	-0.00418836	0.139435	0.13082	
364	-184.82	-0.00418836	0.125657	0.149925	
365	-185.92	-0.00418836	0.119738	0.145256	
366	-186.62	-0.00418836	0.118422	0.132168	
367	-187.42	-0.00418836	0.134568	0.133056	
368	-188.22	-0.00418836	0.112898	0.136278	
369	-189.02	-0.00418836	0.116548	0.140849	
370	-189.72	-0.00418836	0.112964	0.120593	
371	-190.62	-0.00418836	0.112635	0.141375	
372	-191.22	-0.00418836	0.113062	0.157357	
373	-191.92	-0.00418836	0.120264	0.154266	
374	-192.52	-0.00418836	0.118949	0.140488	
375	-193.12	-0.00418836	0.126808	0.137462	
376	-194.02	-0.00418836	0.12546	0.141967	
377	-194.82	-0.00418836	0.119639	0.128682	
378	-195.22	-0.00418836	0.120001	0.138811	
379	-195.92	-0.00418836	0.121678	0.141902	
380	-196.62	-0.00418836	0.119837	0.15101	
381	-197.42	-0.00418836	0.130557	0.139106	
382	-198.12	-0.00418836	0.125953	0.135983	
383	-198.72	-0.00418836	0.11395	0.133746	
384	-199.32	-0.00418836	0.105236	0.136443	
385	-200.12	-0.00418836	0.109906	0.13664	
386	-200.72	-0.00418836	0.112701	0.149662	
387	-201.32	-0.00418836	0.119902	0.140751	
388	-202.12	-0.00418836	0.112997	0.131806	
389	-202.82	-0.00418836	0.117502	0.116318	
390	-203.42	-0.00418836	0.0959628	0.146341	
391	-204.22	-0.00418836	0.1176	0.144138	
392	-204.72	-0.00418836	0.108524	0.135851	
393	-205.32	-0.00418836	0.111451	0.140488	
394	-206.62	-0.00418836	0.127564	0.147854	
395	-206.92	-0.00418836	0.114542	0.166992	
396	-207.62	-0.00418836	0.134404	0.140915	
397	-208.12	-0.00418836	0.119409	0.126479	
398	-208.62	-0.00418836	0.11908	0.136213	
399	-209.32	-0.00418836	0.128386	0.150978	
400	-210.02	-0.00418836	0.131412	0.142987	
401	-210.62	-0.00418836	0.142263	0.15762	
402	-211.12	-0.00418836	0.134273	0.144631	
403	-211.62	-0.00418836	0.134305	0.134009	
404	-212.22	-0.00418836	0.13322	0.149399	
405	-213.02	-0.00418836	0.129406	0.144401	
406	-213.82	-0.00418836	0.13105	0.139633	
407	-214.02	-0.00418836	0.134371	0.154957	
408	-214.92	-0.00418836	0.12421	0.136574	
409	-215.52	-0.00418836	0.136278	0.137561	
410	-216.22	-0.00418836	0.120132	0.133319	
411	-216.72	-0.00418836	0.114246	0.143875	
412	-217.32	-0.00418836	0.138811	0.135588	
413	-218.32	-0.00418836	0.122829	0.135884	
414	-218.72	-0.00418836	0.13253	0.129373	
415	-219.52	-0.00418836	0.118422	0.131149	
416	-220.22	-0.00418836	0.139008	0.130853	
417	-221.02	-0.00418836	0.130096	0.143151	
418	-221.72	-0.00418836	0.138383	0.142658	
419	-222.42	-0.00418836	0.12056	0.127531	
420	-222.82	-0.00418836	0.127696	0.124243	
421	-223.52	-0.00418836	0.135654	0.138613	
422	-224.22	-0.00418836	0.102112	0.139534	
423	-225.02	-0.00418836	0.118028	0.136739	
424	-225.72	-0.00418836	0.127202	0.119245	
425	-226.22	-0.00418836	0.121316	0.151142	
426	-226.82	-0.00418836	0.126972	0.135983	
427	-227.52	-0.00418836	0.11201	0.125262	
428	-228.22	-0.00418836	0.121382	0.126841	
429	-228.72	-0.00418836	0.124736	0.137397	
430	-229.32	-0.00418836	0.109478	0.126808	
431	-230.32	-0.00418836	0.1225	0.137397	
432	-230.82	-0.00418836	0.129833	0.132628	
433	-231.42	-0.00418836	0.136542	0.130195	
434	-232.32	-0.00418836	0.12444	0.128814	
435	-232.62	-0.00418836	0.116121	0.134503	
436	-233.62	-0.00418836	0.121316	0.133483	
437	-234.22	-0.00418836	0.130984	0.135588	
438	-234.72	-0.00418836	0.1347	0.131214	
439	-235.12	-0.00418836	0.113786	0.160514	
440	-236.02	-0.00418836	0.12615	0.138482	
441	-236.72	-0.00418836	0.112339	0.135128	
442	-237.42	-0.00418836	0.113227	0.133253	
443	-238.02	-0.00418836	0.12786	0.131181	
444	-238.72	-0.00418836	0.126117	0.122763	
445	-239.32	-0.00418836	0.116449	0.146242	
446	-240.02	-0.00418836	0.115003	0.132793	
447	-240.62	-0.00418836	0.11326	0.129702	
448	-241.22	-0.00418836	0.111747	0.134141	
449	-241.72	-0.00418836	0.1152	0.129767	
450	-242.52	-0.00418836	0.11224	0.132464	
451	-243.22	-0.00418836	0.0979687	0.126348	
452	-243.32	-0.00418836	0.118061	0.129833	
453	-244.22	-0.00418836	0.112734	0.130918	
454	-244.82	-0.00418836	0.103131	0.129767	
455	-245.62	-0.00418836	0.106749	0.123684	
456	-246.42	-0.00418836	0.110004	0.121941	
457	-246.82	-0.00418836	0.109873	0.126315	
458	-247.42	-0.00418836	0.120889	0.128584	
459	-248.02	-0.00418836	0.115101	0.132036	
460	-249.02	-0.00418836	0.114937	0.13493	
461	-249.72	-0.00418836	0.115858	0.135029	
462	-250.32	-0.00418836	0.100961	0.130162	
463	-251.22	-0.00418836	0.117502	0.135917	
464	-252.32	-0.00418836	0.105302	0.121546	
465	-252.92	-0.00418836	0.131642	0.137495	
466	-253.72	-0.00418836	0.105894	0.135325	
467	-254.72	-0.00418836	0.110695	0.13493	
468	-255.32	-0.00418836	0.10961	0.13253	
469	-256.62	-0.00418836	0.103822	0.121251	
470	-257.22	-0.00418836	0.101685	0.127334	
471	-258.42	-0.00418836	0.103855	0.134799	
472	-259.22	-0.00418836	0.106847	0.119343	
473	-260.22	-0.00418836	0.10346	0.119902	
474	-261.02	-0.00418836	0.0979358	0.126775	
475	-262.02	-0.00418836	0.11668	0.113391	
476	-262.52	-0.00418836	0.10882	0.130392	
477	-263.62	-0.00418836	0.109445	0.139304	
478	-264.42	-0.00418836	0.0980016	0.132595	
479	-265.02	-0.00418836	0.109149	0.123881	
480	-265.62	-0.00418836	0.0952393	0.120067	
481	-266.52	-0.00418836	0.0999417	0.139501	
482	-267.32	-0.00418836	0.110662	0.133681	
483	-268.12	-0.00418836	0.113293	0.117929	
484	-268.52	-0.00418836	0.101191	0.15272	
485	-269.52	-0.00418836	0.0980016	0.124539	
486	-270.22	-0.00418836	0.0994485	0.116943	
487	-270.92	-0.00418836	0.104677	0.120132	
488	-271.52	-0.00418836	0.0930361	0.135062	
489	-272.42	-0.00418836	0.0988237	0.126249	
490	-273.22	-0.00418836	0.103789	0.13937	
491	-273.72	-0.00418836	0.116482	0.128584	
492	-274.42	-0.00418836	0.112273	0.134207	
493	-275.22	-0.00418836	0.109083	0.136673	
494	-275.82	-0.00418836	0.10813	0.124835	
495	-278.42	-0.00418836	0.111122	0.135818	
496	-278.82	-0.00418836	0.124144	0.137594	
497	-279.52	-0.00418836	0.117239	0.137331	
498	-279.72	-0.00418836	0.122171	0.132826	
499	-280.32	-0.00418836	0.131773	0.143677	
500	-280.62	-0.00418836	0.115726	0.127597	
501	-281.32	-0.00418836	0.112405	0.119869	
502	-281.92	-0.00418836	0.106584	0.128057	
503	-282.62	-0.00418836	0.115364	0.109873	
504	-283.12	-0.00418836	0.118916	0.124901	
505	-283.22	-0.00418836	0.0989223	0.131181	
506	-283.72	-0.00418836	0.126446	0.138087	
507	-284.52	-0.00418836	0.124013	0.14667	
508	-285.12	-0.00418836	0.114148	0.120001	
509	-285.62	-0.00418836	0.106321	0.120461	
510	-286.42	-0.00418836	0.117074	0.12888	
511	-286.92	-0.00418836	0.102178	0.127466	
512	-287.92	-0.00418836	0.0940555	0.113819	
513	-288.62	-0.00418836	0.122533	0.133385	
514	-289.32	-0.00418836	0.116713	0.139074	
515	-289.92	-0.00418836	0.103296	0.118653	
516	-290.72	-0.00418836	0.100139	0.122336	
517	-291.62	-0.00418836	0.0796195	0.136509	
518	-292.42	-0.00418836	0.113062	0.134864	
519	-293.22	-0.00418836	0.107505	0.134009	
520	-294.02	-0.00418836	0.120626	0.136081	
521	-294.72	-0.00418836	0.121251	0.139896	
522	-295.62	-0.00418836	0.116186	0.135917	
523	-296.42	-0.00418836	0.125493	0.148676	
524	-296.92	-0.00418836	0.109182	0.127959	
525	-297.62	-0.00418836	0.122336	0.139402	
526	-298.12	-0.00418836	0.113424	0.125986	
527	-298.62	-0.00418836	0.10642	0.132694	
528	-299.32	-0.00418836	0.110826	0.138383	
529	-300.12	-0.00418836	0.120198	0.137857	
530	-300.62	-0.00418836	0.128255	0.137232	
531	-301.22	-0.00418836	0.127827	0.13789	
532	-301.82	-0.00418836	0.103329	0.136377	
533	-302.42	-0.00418836	0.113556	0.147985	
534	-302.92	-0.00418836	0.12056	0.127268	
535	-303.62	-0.00418836	0.107768	0.116713	
536	-304.22	-0.00418836	0.115562	0.130622	
537	-304.82	-0.00418836	0.113621	0.13128	
538	-305.52	-0.00418836	0.118784	0.128617	
539	-306.32	-0.00418836	0.117568	0.122993	
540	-306.82	-0.00418836	0.13276	0.119705	
541	-307.42	-0.00418836	0.12467	0.119902	
542	-308.32	-0.00418836	0.125756	0.122171	
543	-309.02	-0.00418836	0.120724	0.124769	
544	-309.42	-0.00418836	0.115529	0.119212	
545	-309.82	-0.00418836	0.126611	0.122566	
546	-310.62	-0.00418836	0.107143	0.112503	
547	-311.22	-0.00418836	0.133319	0.110399	
548	-311.92	-0.00418836	0.118094	0.138219	
549	-312.52	-0.00418836	0.135621	0.128748	
550	-313.22	-0.00418836	0.118028	0.132793	
551	-313.52	-0.00418836	0.133385	0.132694	
552	-314.22	-0.00418836	0.110892	0.117436	
553	-314.82	-0.00418836	0.0888599	0.126643	
554	-315.32	-0.00418836	0.101093	0.104118	
555	-316.32	-0.00418836	0.108788	0.118422	
556	-316.82	-0.00418836	0.10004	0.11007	
557	-317.32	-0.00418836	0.114378	0.119146	
558	-318.22	-0.00418836	0.114411	0.12056	
559	-318.82	-0.00418836	0.120757	0.127794	
560	-319.42	-0.00418836	0.105302	0.11201	
561	-320.12	-0.00418836	0.104217	0.120297	
562	-321.22	-0.00418836	0.109478	0.117502	
563	-321.72	-0.00418836	0.10254	0.118751	
564	-322.42	-0.00418836	0.114213	0.111122	
565	-323.22	-0.00418836	0.119212	0.118883	
566	-324.12	-0.00418836	0.111846	0.128748	
567	-324.72	-0.00418836	0.118587	0.114444	
568	-325.42	-0.00418836	0.116745	0.125854	
569	-326.02	-0.00418836	0.125131	0.11372	
570	-327.02	-0.00418836	0.103888	0.1079	
571	-327.82	-0.00418836	0.100567	0.110136	
572	-329.02	-0.00418836	0.0951078	0.102375	
573	-329.82	-0.00418836	0.110234	0.114213	
574	-330.62	-0.00418836	0.113589	0.116976	
575	-331.32	-0.00418836	0.107669	0.109347	
576	-332.02	-0.00418836	0.112273	0.117107	
577	-333.02	-0.00418836	0.102309	0.120691	
578	-333.62	-0.00418836	0.0958641	0.11543	
579	-334.62	-0.00418836	0.10106	0.0966862	
580	-335.32	-0.00418836	0.079192	0.0937267	
581	-336.52	-0.00418836	0.0840588	0.0963574	
582	-337.32	-0.00418836	0.0835656	0.086558	
583	-338.22	-0.00418836	0.0806389	0.0994485	
584	-339.32	-0.00418836	0.0878076	0.0929704	
585	-340.02	-0.00418836	0.0844205	0.0890901	
586	-340.82	-0.00418836	0.0847823	0.0954367	
