# Title: Dye Laser Frequency Scan w/ MW Blink
# Note:	Dye laser frequency scan to find the ionization rate at Attn = 33 dB.
# Type:	Frequency
# Hittite Freq:	18510.1 MHz
# Ref Freq:	18400.0 MHz
# Hittite: Power	14 dBm
# Laser Freq:	NaN
# Laser Mod:	NaN
# Laser Mod Attn:	NaN
# MW Attn:	33 dB
# Delay:	1000 ns
# MW Off:	 100 to 400 ns
# Top w/o Static:	NaN
# Static:	NaN
# Static Off:	NaN
i	f	b	s	r
0	41.78	5.97627E-6	0.00688035	0.00408522	
1	40.98	5.97627E-6	0.006979	0.00635421	
2	40.38	5.97627E-6	0.00632133	0.00517039	
3	39.78	5.97627E-6	0.00701189	0.00477578	
4	39.28	5.97627E-6	0.00161893	0.00467713	
5	38.78	5.97627E-6	0.00398657	0.00234238	
6	38.58	5.97627E-6	0.00240814	0.0030987	
7	38.28	5.97627E-6	0.00211219	0.00214507	
8	37.58	5.97627E-6	-0.000518522	0.00273698	
9	36.78	5.97627E-6	0.00401945	0.00438118	
10	36.68	5.97627E-6	0.00319736	0.00424964	
11	36.48	5.97627E-6	0.00059953	-5.81473E-5	
12	35.88	5.97627E-6	-0.000123915	0.00017204	
13	35.58	5.97627E-6	-9.10312E-5	0.00102702	
14	35.18	5.97627E-6	-0.000584289	0.000796834	
15	34.68	5.97627E-6	0.00530192	0.00221084	
16	34.38	5.97627E-6	0.00155316	0.00260545	
17	33.58	5.97627E-6	0.00129009	-0.00242579	
18	32.98	5.97627E-6	-0.0011762	-0.000123915	
19	32.58	5.97627E-6	-0.00564841	-0.00410286	
20	32.08	5.97627E-6	-0.00147215	0.00283563	
21	31.58	5.97627E-6	-0.00449747	-0.00485919	
22	30.68	5.97627E-6	-0.00127485	-0.00597725	
23	29.88	5.97627E-6	-0.00867372	-0.00577994	
24	29.58	5.97627E-6	-0.00416863	-0.00903545	
25	29.08	5.97627E-6	-0.00268886	-0.00745702	
26	28.58	5.97627E-6	-0.00462901	-0.00222848	
27	27.78	5.97627E-6	-0.0023929	-0.00561552	
28	27.08	5.97627E-6	0.00178335	-0.00755567	
29	26.48	5.97627E-6	-0.000814477	-0.00127485	
30	25.88	5.97627E-6	0.00115856	-0.00515515	
31	25.28	5.97627E-6	-9.10312E-5	-0.00160369	
32	24.48	5.97627E-6	-0.00499073	-0.00508938	
33	23.88	5.97627E-6	-0.000814477	-0.00209695	
34	23.28	5.97627E-6	0.00201354	-0.00347807	
35	22.88	5.97627E-6	-0.00150504	-0.0101535	
36	22.18	5.97627E-6	-0.00374114	-0.0062732	
37	21.58	5.97627E-6	-0.00610878	-0.0052538	
38	21.08	5.97627E-6	-0.00462901	-0.00374114	
39	20.48	5.97627E-6	0.00385503	-0.000189683	
40	20.18	5.97627E-6	0.000402227	0.00490732	
41	19.78	5.97627E-6	0.00674882	0.00158605	
42	19.18	5.97627E-6	0.00480867	0.00599249	
43	18.58	5.97627E-6	0.00625556	0.00592672	
44	17.88	5.97627E-6	0.0101687	0.00727496	
45	17.18	5.97627E-6	0.00477578	0.00477578	
46	16.58	5.97627E-6	0.00313159	0.00296717	
47	16.18	5.97627E-6	0.00283563	0.00234238	
48	15.48	5.97627E-6	0.00329601	-0.00212983	
49	14.78	5.97627E-6	-0.000255451	0.00227661	
50	14.18	5.97627E-6	0.00112567	0.00267121	
51	13.38	5.97627E-6	0.000435111	0.000961253	
52	12.78	5.97627E-6	0.00395369	0.000895485	
53	11.98	5.97627E-6	0.00668305	0.00109279	
54	11.28	5.97627E-6	0.00471002	0.00382215	
55	10.78	5.97627E-6	0.0025068	-5.81473E-5	
56	10.38	5.97627E-6	0.0016847	0.00543346	
57	9.48	5.97627E-6	0.00641998	0.00362485	
58	8.78	5.97627E-6	0.00967548	0.000369343	
59	8.18	5.97627E-6	0.00500597	0.00451271	
60	7.18	5.97627E-6	0.0100043	0.00859031	
61	6.88	5.97627E-6	0.00428252	0.00175047	
62	6.18	5.97627E-6	0.00484155	0.00773533	
63	5.38	5.97627E-6	0.00681458	0.00691323	
64	5.18	5.97627E-6	0.00638709	0.00605825	
65	4.58	5.97627E-6	0.0108264	0.00628844	
66	4.08	5.97627E-6	0.00875473	0.00477578	
67	3.48	5.97627E-6	0.00605825	0.0059596	
68	2.68	5.97627E-6	0.0108593	0.00891915	
69	2.18	5.97627E-6	0.00688035	0.00911645	
70	1.48	5.97627E-6	0.00763668	0.0065844	
71	1.18	5.97627E-6	0.00878762	0.00717631	
72	0.18	5.97627E-6	0.005565	0.00829436	
73	-0.62	5.97627E-6	0.00638709	0.010366	
74	-1.22	5.97627E-6	0.0112868	0.0157261	
75	-1.82	5.97627E-6	0.0162523	0.0123062	
76	-2.22	5.97627E-6	0.0147067	0.0135887	
77	-3.32	5.97627E-6	0.0216781	0.0176005	
78	-4.02	5.97627E-6	0.02227	0.0234209	
79	-4.52	5.97627E-6	0.0225002	0.02398	
80	-5.02	5.97627E-6	0.0178636	0.0191132	
81	-5.52	5.97627E-6	0.0179293	0.0204614	
82	-6.22	5.97627E-6	0.0336807	0.0302608	
83	-6.72	5.97627E-6	0.0257557	0.0288468	
84	-7.42	5.97627E-6	0.0417044	0.0323325	
85	-7.82	5.97627E-6	0.0491033	0.0386133	
86	-8.32	5.97627E-6	0.0391066	0.0545291	
87	-9.12	5.97627E-6	0.0399615	0.0535755	
88	-9.42	5.97627E-6	0.0367389	0.0433157	
89	-9.82	5.97627E-6	0.0563377	0.044368	
90	-10.52	5.97627E-6	0.0549895	0.0551868	
91	-10.82	5.97627E-6	0.0548908	0.0645587	
92	-11.42	5.97627E-6	0.0618951	0.0579161	
93	-11.92	5.97627E-6	0.0614676	0.0673867	
94	-12.62	5.97627E-6	0.0652164	0.0669263	
95	-13.42	5.97627E-6	0.0660056	0.0660713	
96	-13.72	5.97627E-6	0.0701489	0.0730756	
97	-14.52	5.97627E-6	0.0656438	0.0738977	
98	-15.32	5.97627E-6	0.0697872	0.0728783	
99	-16.02	5.97627E-6	0.077482	0.0665317	
100	-16.52	5.97627E-6	0.0765284	0.0695241	
101	-17.22	5.97627E-6	0.0722864	0.0794551	
102	-17.92	5.97627E-6	0.0789947	0.0760352	
103	-18.72	5.97627E-6	0.0770546	0.0800141	
104	-19.22	5.97627E-6	0.0748513	0.0802114	
105	-19.92	5.97627E-6	0.0753117	0.0722535	
106	-20.32	5.97627E-6	0.0904383	0.0784028	
107	-21.22	5.97627E-6	0.0792907	0.0836313	
108	-21.92	5.97627E-6	0.079751	0.085999	
109	-22.82	5.97627E-6	0.0880378	0.0927402	
110	-23.32	5.97627E-6	0.0925429	0.0930032	
111	-24.12	5.97627E-6	0.0759694	0.0913262	
112	-24.82	5.97627E-6	0.0850782	0.0963574	
113	-25.42	5.97627E-6	0.0822502	0.0940226	
114	-26.02	5.97627E-6	0.0929704	0.101948	
115	-27.12	5.97627E-6	0.0967191	0.100928	
116	-27.62	5.97627E-6	0.0866238	0.0990539	
117	-28.12	5.97627E-6	0.0965547	0.114444	
118	-28.72	5.97627E-6	0.0985277	0.100665	
119	-29.32	5.97627E-6	0.0986922	0.103099	
120	-30.02	5.97627E-6	0.0984949	0.101816	
121	-30.62	5.97627E-6	0.089682	0.103	
122	-31.32	5.97627E-6	0.0958641	0.118028	
123	-32.02	5.97627E-6	0.111879	0.125887	
124	-32.42	5.97627E-6	0.110761	0.119771	
125	-33.42	5.97627E-6	0.103625	0.123322	
126	-34.02	5.97627E-6	0.104217	0.131806	
127	-34.72	5.97627E-6	0.0982318	0.106847	
128	-35.42	5.97627E-6	0.108459	0.12421	
129	-37.42	5.97627E-6	0.109906	0.127762	
130	-37.22	5.97627E-6	0.107834	0.104611	
131	-37.72	5.97627E-6	0.108097	0.105499	
132	-38.12	5.97627E-6	0.107209	0.129208	
133	-38.92	5.97627E-6	0.104907	0.117765	
134	-39.52	5.97627E-6	0.104841	0.121908	
135	-40.22	5.97627E-6	0.0906685	0.128057	
136	-40.72	5.97627E-6	0.0980674	0.117041	
137	-41.02	5.97627E-6	0.0988566	0.128025	
138	-41.72	5.97627E-6	0.103362	0.127104	
139	-42.32	5.97627E-6	0.116811	0.132332	
140	-42.92	5.97627E-6	0.113885	0.12786	
141	-43.42	5.97627E-6	0.119343	0.124901	
142	-43.62	5.97627E-6	0.118061	0.134042	
143	-44.52	5.97627E-6	0.114542	0.126742	
144	-45.12	5.97627E-6	0.124046	0.134338	
145	-45.82	5.97627E-6	0.1225	0.147525	
146	-46.42	5.97627E-6	0.1152	0.129669	
147	-46.82	5.97627E-6	0.111747	0.131971	
148	-47.52	5.97627E-6	0.11132	0.135391	
149	-48.42	5.97627E-6	0.113819	0.127597	
150	-49.12	5.97627E-6	0.107176	0.138284	
151	-49.62	5.97627E-6	0.12296	0.128353	
152	-50.22	5.97627E-6	0.128222	0.132135	
153	-50.72	5.97627E-6	0.123487	0.12079	
154	-51.42	5.97627E-6	0.12033	0.128353	
155	-52.32	5.97627E-6	0.119113	0.121514	
156	-52.92	5.97627E-6	0.116186	0.138679	
157	-53.32	5.97627E-6	0.111846	0.119409	
158	-54.02	5.97627E-6	0.141178	0.139402	
159	-54.92	5.97627E-6	0.132365	0.129965	
160	-55.52	5.97627E-6	0.130425	0.1298	
161	-56.12	5.97627E-6	0.114838	0.135029	
162	-56.82	5.97627E-6	0.122204	0.138219	
163	-57.32	5.97627E-6	0.115693	0.133549	
164	-58.22	5.97627E-6	0.117995	0.12957	
165	-58.82	5.97627E-6	0.122336	0.126775	
166	-59.12	5.97627E-6	0.118916	0.127071	
167	-59.72	5.97627E-6	0.124407	0.131149	
168	-61.02	5.97627E-6	0.115397	0.124736	
169	-61.22	5.97627E-6	0.122336	0.130853	
170	-62.02	5.97627E-6	0.12467	0.133615	
171	-62.42	5.97627E-6	0.1347	0.141474	
172	-63.22	5.97627E-6	0.129373	0.13983	
173	-64.12	5.97627E-6	0.128485	0.144434	
174	-64.62	5.97627E-6	0.141178	0.127663	
175	-65.32	5.97627E-6	0.121119	0.128584	
176	-65.92	5.97627E-6	0.126446	0.144434	
177	-66.72	5.97627E-6	0.123092	0.131543	
178	-67.52	5.97627E-6	0.128551	0.151569	
179	-68.32	5.97627E-6	0.123289	0.129307	
180	-68.72	5.97627E-6	0.135358	0.119869	
181	-68.92	5.97627E-6	0.117666	0.122862	
182	-69.82	5.97627E-6	0.124111	0.125361	
183	-70.52	5.97627E-6	0.117304	0.136147	
184	-71.12	5.97627E-6	0.11691	0.127794	
185	-71.72	5.97627E-6	0.119113	0.128057	
186	-72.32	5.97627E-6	0.120856	0.143053	
187	-73.02	5.97627E-6	0.122895	0.141408	
188	-73.42	5.97627E-6	0.128814	0.129603	
189	-74.22	5.97627E-6	0.122796	0.123421	
190	-74.52	5.97627E-6	0.123289	0.134568	
191	-75.02	5.97627E-6	0.129537	0.138515	
192	-75.72	5.97627E-6	0.120889	0.134634	
193	-76.32	5.97627E-6	0.116154	0.130195	
194	-76.92	5.97627E-6	0.118291	0.128452	
195	-77.52	5.97627E-6	0.121612	0.127531	
196	-78.02	5.97627E-6	0.12056	0.139501	
197	-78.62	5.97627E-6	0.122599	0.127334	
198	-79.22	5.97627E-6	0.123618	0.135292	
199	-79.92	5.97627E-6	0.124013	0.127729	
200	-80.82	5.97627E-6	0.124802	0.129767	
201	-81.02	5.97627E-6	0.116877	0.125394	
202	-81.72	5.97627E-6	0.118653	0.127038	
203	-82.62	5.97627E-6	0.133286	0.148709	
204	-83.02	5.97627E-6	0.128189	0.130096	
205	-83.72	5.97627E-6	0.112964	0.122763	
206	-84.42	5.97627E-6	0.135391	0.127038	
207	-85.02	5.97627E-6	0.120724	0.134273	
208	-86.12	5.97627E-6	0.130096	0.127926	
209	-86.62	5.97627E-6	0.125657	0.124473	
210	-87.12	5.97627E-6	0.12056	0.136311	
211	-87.62	5.97627E-6	0.114608	0.136443	
212	-88.42	5.97627E-6	0.120363	0.125854	
213	-88.72	5.97627E-6	0.124243	0.124374	
214	-89.52	5.97627E-6	0.11839	0.136607	
215	-89.72	5.97627E-6	0.137232	0.127301	
216	-90.32	5.97627E-6	0.129044	0.118784	
217	-91.02	5.97627E-6	0.138449	0.135029	
218	-91.82	5.97627E-6	0.129603	0.126479	
219	-92.32	5.97627E-6	0.129603	0.147097	
220	-92.92	5.97627E-6	0.130655	0.138186	
221	-93.52	5.97627E-6	0.13174	0.140981	
222	-94.22	5.97627E-6	0.126643	0.135588	
223	-95.02	5.97627E-6	0.118982	0.135752	
224	-95.82	5.97627E-6	0.124572	0.134174	
225	-96.62	5.97627E-6	0.129899	0.133187	
226	-97.42	5.97627E-6	0.135423	0.122895	
227	-98.32	5.97627E-6	0.129471	0.135259	
228	-98.92	5.97627E-6	0.125098	0.136114	
229	-99.82	5.97627E-6	0.145617	0.138547	
230	-100.62	5.97627E-6	0.124473	0.136837	
231	-101.22	5.97627E-6	0.13983	0.136246	
232	-101.82	5.97627E-6	0.13618	0.153312	
233	-102.42	5.97627E-6	0.139633	0.140948	
234	-103.32	5.97627E-6	0.127926	0.134963	
235	-104.12	5.97627E-6	0.13447	0.137265	
236	-104.42	5.97627E-6	0.13641	0.135226	
237	-105.02	5.97627E-6	0.127959	0.128847	
238	-105.32	5.97627E-6	0.133056	0.127005	
239	-106.32	5.97627E-6	0.135621	0.137166	
240	-106.92	5.97627E-6	0.126216	0.132563	
241	-107.52	5.97627E-6	0.133746	0.138547	
242	-108.12	5.97627E-6	0.140553	0.140553	
243	-108.62	5.97627E-6	0.123651	0.13641	
244	-109.52	5.97627E-6	0.129998	0.134503	
245	-110.32	5.97627E-6	0.142066	0.143316	
246	-110.82	5.97627E-6	0.135522	0.133615	
247	-111.62	5.97627E-6	0.134897	0.125558	
248	-112.02	5.97627E-6	0.136706	0.146374	
249	-113.02	5.97627E-6	0.12056	0.131346	
250	-113.72	5.97627E-6	0.139041	0.142987	
251	-114.12	5.97627E-6	0.131149	0.142329	
252	-114.92	5.97627E-6	0.13253	0.147229	
253	-115.72	5.97627E-6	0.129307	0.145585	
254	-116.52	5.97627E-6	0.118751	0.141112	
255	-117.02	5.97627E-6	0.132431	0.136377	
256	-117.72	5.97627E-6	0.140882	0.145881	
257	-118.52	5.97627E-6	0.13447	0.136344	
258	-119.32	5.97627E-6	0.129735	0.149465	
259	-119.82	5.97627E-6	0.144006	0.137429	
260	-120.42	5.97627E-6	0.134174	0.148413	
261	-121.42	5.97627E-6	0.128617	0.150978	
262	-122.22	5.97627E-6	0.135325	0.13835	
263	-122.72	5.97627E-6	0.134963	0.13937	
264	-123.32	5.97627E-6	0.132004	0.131116	
265	-123.92	5.97627E-6	0.125723	0.135588	
266	-124.92	5.97627E-6	0.129208	0.127202	
267	-125.32	5.97627E-6	0.127893	0.129504	
268	-126.02	5.97627E-6	0.130031	0.125131	
269	-126.52	5.97627E-6	0.131445	0.120428	
270	-127.82	5.97627E-6	0.141573	0.136772	
271	-128.02	5.97627E-6	0.132102	0.142789	
272	-128.62	5.97627E-6	0.137397	0.139205	
273	-129.32	5.97627E-6	0.126578	0.13835	
274	-129.92	5.97627E-6	0.136772	0.143381	
275	-130.62	5.97627E-6	0.121579	0.107374	
276	-131.32	5.97627E-6	0.133023	0.143316	
277	-131.82	5.97627E-6	0.118554	0.130326	
278	-132.72	5.97627E-6	0.119639	0.132661	
279	-133.32	5.97627E-6	0.135719	0.119804	
280	-133.92	5.97627E-6	0.121152	0.126874	
281	-134.62	5.97627E-6	0.123618	0.129965	
282	-135.32	5.97627E-6	0.123717	0.126052	
283	-136.02	5.97627E-6	0.127334	0.121316	
284	-136.72	5.97627E-6	0.119705	0.131247	
285	-137.42	5.97627E-6	0.122105	0.129241	
286	-137.82	5.97627E-6	0.130096	0.135851	
287	-138.52	5.97627E-6	0.132201	0.123421	
288	-139.12	5.97627E-6	0.125788	0.130261	
289	-139.82	5.97627E-6	0.128255	0.125328	
290	-140.42	5.97627E-6	0.137956	0.127498	
291	-140.82	5.97627E-6	0.137133	0.127268	
292	-141.42	5.97627E-6	0.135391	0.127104	
293	-142.12	5.97627E-6	0.124111	0.13595	
294	-142.82	5.97627E-6	0.13424	0.129636	
295	-143.42	5.97627E-6	0.13345	0.142296	
296	-144.02	5.97627E-6	0.139074	0.123684	
297	-144.52	5.97627E-6	0.133056	0.126084	
298	-145.22	5.97627E-6	0.140257	0.129669	
299	-146.02	5.97627E-6	0.13766	0.139041	
300	-146.72	5.97627E-6	0.139172	0.135522	
301	-147.42	5.97627E-6	0.123322	0.123026	
302	-148.22	5.97627E-6	0.117074	0.126413	
303	-148.92	5.97627E-6	0.133779	0.139435	
304	-149.52	5.97627E-6	0.142987	0.131346	
305	-150.22	5.97627E-6	0.132102	0.1469	
306	-150.92	5.97627E-6	0.132332	0.137988	
307	-151.92	5.97627E-6	0.130392	0.126578	
308	-152.52	5.97627E-6	0.133187	0.128025	
309	-153.12	5.97627E-6	0.116384	0.125032	
310	-153.92	5.97627E-6	0.123454	0.132793	
311	-154.52	5.97627E-6	0.130458	0.130491	
312	-155.12	5.97627E-6	0.120494	0.134009	
313	-155.72	5.97627E-6	0.11543	0.125032	
314	-156.22	5.97627E-6	0.13835	0.131149	
315	-156.92	5.97627E-6	0.134075	0.134108	
316	-157.62	5.97627E-6	0.131181	0.127531	
317	-158.42	5.97627E-6	0.13641	0.116877	
318	-158.92	5.97627E-6	0.135884	0.143875	
319	-159.72	5.97627E-6	0.145585	0.140389	
320	-160.12	5.97627E-6	0.133122	0.136246	
321	-160.82	5.97627E-6	0.124046	0.124868	
322	-161.62	5.97627E-6	0.117239	0.124111	
323	-162.32	5.97627E-6	0.139797	0.126413	
324	-163.02	5.97627E-6	0.121612	0.130129	
325	-163.62	5.97627E-6	0.133648	0.121481	
326	-164.52	5.97627E-6	0.132431	0.137988	
327	-165.02	5.97627E-6	0.129965	0.13858	
328	-165.82	5.97627E-6	0.13322	0.128682	
329	-166.42	5.97627E-6	0.121777	0.135687	
330	-167.02	5.97627E-6	0.128485	0.135884	
331	-167.92	5.97627E-6	0.134503	0.132135	
332	-168.52	5.97627E-6	0.128649	0.128518	
333	-169.12	5.97627E-6	0.134009	0.136969	
334	-170.02	5.97627E-6	0.137988	0.13345	
335	-170.42	5.97627E-6	0.133483	0.123421	
336	-171.32	5.97627E-6	0.123224	0.141737	
337	-171.92	5.97627E-6	0.141606	0.132102	
338	-172.52	5.97627E-6	0.140488	0.126512	
339	-173.32	5.97627E-6	0.13128	0.13299	
340	-173.82	5.97627E-6	0.137791	0.121349	
341	-174.52	5.97627E-6	0.130557	0.129143	
342	-175.12	5.97627E-6	0.124999	0.120856	
343	-175.62	5.97627E-6	0.130754	0.126578	
344	-180.12	5.97627E-6	0.142559	0.140652	
345	-180.22	5.97627E-6	0.132497	0.13322	
346	-180.62	5.97627E-6	0.13128	0.133878	
347	-181.12	5.97627E-6	0.124999	0.134503	
348	-181.82	5.97627E-6	0.126315	0.119639	
349	-182.22	5.97627E-6	0.130918	0.147525	
350	-183.12	5.97627E-6	0.135292	0.13345	
351	-183.52	5.97627E-6	0.142757	0.142954	
352	-184.02	5.97627E-6	0.142132	0.14131	
353	-185.22	5.97627E-6	0.126446	0.1518	
354	-185.42	5.97627E-6	0.140849	0.14371	
355	-186.02	5.97627E-6	0.140981	0.137068	
356	-186.62	5.97627E-6	0.133714	0.13345	
357	-187.22	5.97627E-6	0.136344	0.145749	
358	-188.02	5.97627E-6	0.131806	0.151372	
359	-188.92	5.97627E-6	0.133779	0.133977	
360	-189.62	5.97627E-6	0.146966	0.133878	
361	-190.22	5.97627E-6	0.147097	0.128189	
362	-190.92	5.97627E-6	0.13493	0.130063	
363	-191.62	5.97627E-6	0.134832	0.12786	
364	-192.22	5.97627E-6	0.128748	0.138153	
365	-192.82	5.97627E-6	0.140619	0.139896	
366	-193.42	5.97627E-6	0.147327	0.143085	
367	-194.12	5.97627E-6	0.144598	0.148709	
368	-195.02	5.97627E-6	0.135456	0.130326	
369	-195.62	5.97627E-6	0.133779	0.143414	
370	-196.22	5.97627E-6	0.142954	0.136048	
371	-197.02	5.97627E-6	0.13493	0.134568	
372	-197.72	5.97627E-6	0.129208	0.131609	
373	-198.42	5.97627E-6	0.124835	0.139304	
374	-198.82	5.97627E-6	0.124572	0.128321	
375	-199.72	5.97627E-6	0.124802	0.125788	
376	-200.62	5.97627E-6	0.133714	0.131313	
377	-201.12	5.97627E-6	0.126972	0.144006	
378	-201.92	5.97627E-6	0.153806	0.131313	
379	-202.72	5.97627E-6	0.15545	0.117765	
380	-203.22	5.97627E-6	0.126972	0.130195	
381	-204.12	5.97627E-6	0.130984	0.121053	
382	-204.42	5.97627E-6	0.141902	0.123585	
383	-205.52	5.97627E-6	0.137956	0.118817	
384	-206.12	5.97627E-6	0.131675	0.139074	
385	-206.52	5.97627E-6	0.139567	0.126413	
386	-207.02	5.97627E-6	0.120297	0.129077	
387	-207.62	5.97627E-6	0.12934	0.1323	
388	-208.12	5.97627E-6	0.135358	0.117041	
389	-208.72	5.97627E-6	0.131708	0.117831	
390	-209.72	5.97627E-6	0.13276	0.136443	
391	-210.12	5.97627E-6	0.136081	0.119837	
392	-210.42	5.97627E-6	0.123947	0.1323	
393	-211.12	5.97627E-6	0.142296	0.114871	
394	-211.82	5.97627E-6	0.12957	0.127334	
395	-212.62	5.97627E-6	0.125493	0.126907	
396	-213.22	5.97627E-6	0.122073	0.135555	
397	-213.82	5.97627E-6	0.13595	0.129077	
398	-214.42	5.97627E-6	0.131346	0.143381	
399	-215.42	5.97627E-6	0.136015	0.128222	
400	-216.12	5.97627E-6	0.138679	0.126939	
401	-216.72	5.97627E-6	0.135983	0.131839	
402	-217.32	5.97627E-6	0.119245	0.123322	
403	-218.12	5.97627E-6	0.127893	0.127794	
404	-218.92	5.97627E-6	0.142691	0.117666	
405	-219.52	5.97627E-6	0.126019	0.12763	
406	-220.02	5.97627E-6	0.130622	0.132661	
407	-220.72	5.97627E-6	0.117206	0.138613	
408	-221.72	5.97627E-6	0.131379	0.1274	
409	-222.72	5.97627E-6	0.123947	0.129077	
410	-223.02	5.97627E-6	0.118653	0.121744	
411	-223.72	5.97627E-6	0.12056	0.119705	
412	-224.42	5.97627E-6	0.123914	0.140455	
413	-225.12	5.97627E-6	0.121678	0.134009	
414	-225.62	5.97627E-6	0.119902	0.113819	
415	-226.32	5.97627E-6	0.118554	0.128321	
416	-227.02	5.97627E-6	0.122632	0.128255	
417	-227.92	5.97627E-6	0.121152	0.135818	
418	-228.42	5.97627E-6	0.126413	0.112438	
419	-228.92	5.97627E-6	0.128353	0.130129	
420	-229.62	5.97627E-6	0.12467	0.121086	
421	-230.12	5.97627E-6	0.127268	0.144499	
422	-230.92	5.97627E-6	0.129669	0.123717	
423	-231.62	5.97627E-6	0.127926	0.139337	
424	-232.42	5.97627E-6	0.147459	0.145157	
425	-233.12	5.97627E-6	0.13276	0.149531	
426	-233.72	5.97627E-6	0.141474	0.14371	
427	-234.52	5.97627E-6	0.133746	0.135917	
428	-235.12	5.97627E-6	0.143053	0.142066	
429	-235.82	5.97627E-6	0.137791	0.140488	
430	-236.72	5.97627E-6	0.142165	0.122533	
431	-237.12	5.97627E-6	0.136114	0.14473	
432	-237.72	5.97627E-6	0.135226	0.136081	
433	-238.22	5.97627E-6	0.137002	0.124966	
434	-238.82	5.97627E-6	0.143447	0.145585	
435	-239.62	5.97627E-6	0.127466	0.13983	
436	-240.32	5.97627E-6	0.134305	0.132694	
437	-240.82	5.97627E-6	0.134536	0.140751	
438	-241.32	5.97627E-6	0.139402	0.128945	
439	-241.82	5.97627E-6	0.133154	0.119146	
440	-242.72	5.97627E-6	0.133319	0.137035	
441	-243.12	5.97627E-6	0.130261	0.135489	
442	-243.72	5.97627E-6	0.136377	0.127531	
443	-244.22	5.97627E-6	0.13128	0.140225	
444	-245.22	5.97627E-6	0.137035	0.129176	
445	-245.82	5.97627E-6	0.134799	0.148906	
446	-246.52	5.97627E-6	0.133286	0.122533	
447	-247.22	5.97627E-6	0.123059	0.143776	
448	-248.02	5.97627E-6	0.144861	0.129702	
449	-248.82	5.97627E-6	0.129735	0.130557	
450	-249.52	5.97627E-6	0.131675	0.128518	
451	-250.42	5.97627E-6	0.147031	0.12592	
452	-251.22	5.97627E-6	0.13937	0.135687	
453	-252.12	5.97627E-6	0.149925	0.130162	
454	-253.12	5.97627E-6	0.138416	0.126808	
455	-254.32	5.97627E-6	0.141507	0.127827	
456	-254.92	5.97627E-6	0.124802	0.138515	
457	-255.82	5.97627E-6	0.136969	0.139106	
458	-256.72	5.97627E-6	0.132201	0.144697	
459	-257.92	5.97627E-6	0.131313	0.135719	
460	-258.62	5.97627E-6	0.150747	0.150682	
461	-259.82	5.97627E-6	0.139731	0.143842	
462	-260.42	5.97627E-6	0.135489	0.135391	
463	-261.22	5.97627E-6	0.12717	0.128715	
464	-261.82	5.97627E-6	0.122434	0.12763	
465	-262.22	5.97627E-6	0.142757	0.116877	
466	-263.12	5.97627E-6	0.129176	0.133319	
467	-264.12	5.97627E-6	0.121579	0.127071	
468	-264.92	5.97627E-6	0.139929	0.12467	
469	-265.22	5.97627E-6	0.122204	0.12352	
470	-266.02	5.97627E-6	0.136509	0.12809	
471	-266.62	5.97627E-6	0.135621	0.118455	
472	-267.22	5.97627E-6	0.133615	0.128978	
473	-268.02	5.97627E-6	0.129307	0.126249	
474	-268.92	5.97627E-6	0.130984	0.131181	
475	-269.62	5.97627E-6	0.137331	0.134273	
476	-270.12	5.97627E-6	0.141869	0.120264	
477	-270.82	5.97627E-6	0.117798	0.11349	
478	-271.72	5.97627E-6	0.129998	0.127992	
479	-272.22	5.97627E-6	0.129669	0.120823	
480	-273.02	5.97627E-6	0.122303	0.129208	
481	-273.62	5.97627E-6	0.138021	0.117272	
482	-274.32	5.97627E-6	0.126052	0.118521	
483	-274.82	5.97627E-6	0.124342	0.123125	
484	-275.52	5.97627E-6	0.131543	0.116285	
485	-276.62	5.97627E-6	0.128584	0.127959	
486	-276.92	5.97627E-6	0.126315	0.121842	
487	-277.42	5.97627E-6	0.13253	0.131905	
488	-278.12	5.97627E-6	0.124966	0.128025	
489	-278.92	5.97627E-6	0.124868	0.12352	
490	-279.32	5.97627E-6	0.143085	0.132431	
491	-280.02	5.97627E-6	0.127104	0.129373	
492	-280.52	5.97627E-6	0.134733	0.116055	
493	-281.12	5.97627E-6	0.115989	0.118521	
494	-281.82	5.97627E-6	0.133187	0.110136	
495	-282.62	5.97627E-6	0.126578	0.117995	
496	-283.02	5.97627E-6	0.131905	0.127794	
497	-283.92	5.97627E-6	0.126479	0.12717	
498	-284.72	5.97627E-6	0.133977	0.119541	
499	-285.62	5.97627E-6	0.144828	0.130491	
500	-286.22	5.97627E-6	0.143908	0.130162	
501	-287.02	5.97627E-6	0.135884	0.12717	
502	-287.82	5.97627E-6	0.118653	0.12546	
503	-288.62	5.97627E-6	0.139271	0.131905	
504	-289.32	5.97627E-6	0.145354	0.138284	
505	-289.82	5.97627E-6	0.142132	0.133056	
506	-290.82	5.97627E-6	0.104052	0.128025	
507	-291.72	5.97627E-6	0.124901	0.114411	
508	-292.52	5.97627E-6	0.108853	0.108919	
509	-293.32	5.97627E-6	0.114213	0.136607	
510	-294.52	5.97627E-6	0.114049	0.117206	
511	-294.62	5.97627E-6	0.121645	0.13253	
512	-295.32	5.97627E-6	0.105631	0.139863	
513	-295.92	5.97627E-6	0.123487	0.134404	
514	-296.52	5.97627E-6	0.118357	0.116745	
515	-297.22	5.97627E-6	0.110136	0.126643	
516	-297.52	5.97627E-6	0.104907	0.129307	
517	-298.52	5.97627E-6	0.104381	0.105236	
518	-298.72	5.97627E-6	0.11372	0.124539	
519	-299.42	5.97627E-6	0.105696	0.109149	
520	-300.12	5.97627E-6	0.121744	0.126841	
521	-300.62	5.97627E-6	0.12204	0.133089	
522	-301.32	5.97627E-6	0.0977714	0.137364	
523	-302.22	5.97627E-6	0.10471	0.131609	
524	-302.82	5.97627E-6	0.119837	0.0982318	
525	-303.42	5.97627E-6	0.116252	0.131971	
526	-303.92	5.97627E-6	0.104447	0.11589	
527	-304.22	5.97627E-6	0.0971137	0.107012	
528	-305.12	5.97627E-6	0.114937	0.128321	
529	-305.72	5.97627E-6	0.110497	0.127531	
530	-306.42	5.97627E-6	0.118488	0.12717	
531	-307.12	5.97627E-6	0.127137	0.121218	
532	-307.82	5.97627E-6	0.127005	0.116745	
533	-308.42	5.97627E-6	0.112569	0.118225	
534	-309.22	5.97627E-6	0.110004	0.124539	
535	-309.52	5.97627E-6	0.10836	0.103197	
536	-310.22	5.97627E-6	0.112931	0.0956668	
537	-310.82	5.97627E-6	0.114378	0.107538	
538	-311.22	5.97627E-6	0.120428	0.112438	
539	-312.02	5.97627E-6	0.119902	0.127005	
540	-312.82	5.97627E-6	0.139764	0.127794	
541	-313.42	5.97627E-6	0.113852	0.130754	
542	-313.92	5.97627E-6	0.119047	0.132464	
543	-314.52	5.97627E-6	0.117568	0.0977714	
544	-314.92	5.97627E-6	0.101619	0.0985935	
545	-320.32	5.97627E-6	0.116745	0.111287	
546	-320.02	5.97627E-6	0.102079	0.103822	
547	-320.62	5.97627E-6	0.114575	0.106847	
548	-320.82	5.97627E-6	0.108689	0.112372	
