# Title: Diode laser frequency scan at 20 V, looking for Stark splitting of n=27.
# Note:	Diode laser frequency scan to find stark splitting at n=27. +20 V applied Top to Bot. SFIP with long (1500 ns) integration gate.
# Type:	Frequency
# Hittite Freq:	NaN
# Hittite: Power	NaN
# Laser Freq:	NaN
# Laser Mod:	NaN
# Laser Mod Attn:	NaN
# MW Attn:	MAX
# Delay:	1000 ns
# MW Off:	NaN
# Top w/o Static:	0 V
# Static:	+20 V
# Static Off:	NaN
i	f	n	nb	s	sb
0	-4525.32	1	0	0.0334176	0.0327238	
1	-4525.72	1	0	0.0348645	0.0327238	
2	-4525.72	1	0	0.0365416	0.0327238	
3	-4525.62	1	0	0.0361799	0.0327238	
4	-4525.62	1	0	0.0323325	0.0327238	
5	-4525.62	1	0	0.0312802	0.0327238	
6	-4525.62	1	0	0.033878	0.0327238	
7	-4525.52	1	0	0.0354893	0.0327238	
8	-4525.52	1	0	0.0348645	0.0327238	
9	-4525.52	1	0	0.0351605	0.0327238	
10	-4525.42	1	0	0.0349632	0.0327238	
11	-4525.42	1	0	0.0339767	0.0327238	
12	-4525.32	1	0	0.033319	0.0327238	
13	-4525.32	1	0	0.0311158	0.0327238	
14	-4525.32	1	0	0.037857	0.0327238	
15	-4525.32	1	0	0.0330888	0.0327238	
16	-4525.32	1	0	0.0345357	0.0327238	
17	-4525.32	1	0	0.0316419	0.0327238	
18	-4525.22	1	0	0.0353907	0.0327238	
19	-4525.22	1	0	0.0322996	0.0327238	
20	-4525.22	1	0	0.0354236	0.0327238	
21	-4525.22	1	0	0.0351934	0.0327238	
22	-4525.12	1	0	0.0346672	0.0327238	
23	-4525.12	1	0	0.030195	0.0327238	
24	-4525.02	1	0	0.0335821	0.0327238	
25	-4525.12	1	0	0.0329573	0.0327238	
26	-4525.02	1	0	0.0342726	0.0327238	
27	-4525.02	1	0	0.0342726	0.0327238	
28	-4525.02	1	0	0.0347988	0.0327238	
29	-4524.92	1	0	0.035292	0.0327238	
30	-4524.92	1	0	0.0331217	0.0327238	
31	-4524.92	1	0	0.0336478	0.0327238	
32	-4524.92	1	0	0.0296031	0.0327238	
33	-4524.92	1	0	0.0275314	0.0327238	
34	-4524.82	1	0	0.03105	0.0327238	
35	-4524.82	1	0	0.0335821	0.0327238	
36	-4524.82	1	0	0.0339109	0.0327238	
37	-4524.72	1	0	0.0294387	0.0327238	
38	-4524.72	1	0	0.0337794	0.0327238	
39	-4524.72	1	0	0.0300306	0.0327238	
40	-4524.62	1	0	0.0351605	0.0327238	
41	-4524.62	1	0	0.0368704	0.0327238	
42	-4524.62	1	0	0.03105	0.0327238	
43	-4524.62	1	0	0.0309514	0.0327238	
44	-4524.52	1	0	0.0262818	0.0327238	
45	-4524.52	1	0	0.0329244	0.0327238	
46	-4524.52	1	0	0.0353578	0.0327238	
47	-4524.42	1	0	0.0349961	0.0327238	
48	-4524.42	1	0	0.0306225	0.0327238	
49	-4524.42	1	0	0.0304581	0.0327238	
50	-4524.42	1	0	0.0330888	0.0327238	
51	-4524.32	1	0	0.0332861	0.0327238	
52	-4524.32	1	0	0.0328915	0.0327238	
53	-4524.32	1	0	0.0284851	0.0327238	
54	-4524.22	1	0	0.0292085	0.0327238	
55	-4524.22	1	0	0.0261503	0.0327238	
56	-4524.22	1	0	0.0372651	0.0327238	
57	-4524.12	1	0	0.0300964	0.0327238	
58	-4524.12	1	0	0.0340753	0.0327238	
59	-4524.12	1	0	0.0380214	0.0327238	
60	-4524.12	1	0	0.0330888	0.0327238	
61	-4524.02	1	0	0.0303923	0.0327238	
62	-4524.02	1	0	0.0323982	0.0327238	
63	-4523.92	1	0	0.0274657	0.0327238	
64	-4523.92	1	0	0.0316748	0.0327238	
65	-4523.92	1	0	0.0334834	0.0327238	
66	-4523.82	1	0	0.0329244	0.0327238	
67	-4523.82	1	0	0.0337465	0.0327238	
68	-4523.82	1	0	0.0311158	0.0327238	
69	-4523.72	1	0	0.0267093	0.0327238	
70	-4523.72	1	0	0.0289783	0.0327238	
71	-4523.72	1	0	0.0289454	0.0327238	
72	-4523.62	1	0	0.0323982	0.0327238	
73	-4523.62	1	0	0.0335492	0.0327238	
74	-4523.62	1	0	0.0340753	0.0327238	
75	-4523.52	1	0	0.0334834	0.0327238	
76	-4523.52	1	0	0.0324311	0.0327238	
77	-4523.42	1	0	0.0337465	0.0327238	
78	-4523.42	1	0	0.0326284	0.0327238	
79	-4523.42	1	0	0.0343384	0.0327238	
80	-4523.32	1	0	0.0295373	0.0327238	
81	-4523.32	1	0	0.0347659	0.0327238	
82	-4523.22	1	0	0.0360812	0.0327238	
83	-4523.22	1	0	0.0347988	0.0327238	
84	-4523.12	1	0	0.0361799	0.0327238	
85	-4523.12	1	0	0.0337136	0.0327238	
86	-4523.12	1	0	0.0284522	0.0327238	
87	-4523.02	1	0	0.033319	0.0327238	
88	-4523.02	1	0	0.0347659	0.0327238	
89	-4523.02	1	0	0.0361141	0.0327238	
90	-4522.92	1	0	0.0317734	0.0327238	
91	-4522.92	1	0	0.0315761	0.0327238	
92	-4522.82	1	0	0.0280576	0.0327238	
93	-4522.82	1	0	0.0347988	0.0327238	
94	-4522.82	1	0	0.0328586	0.0327238	
95	-4522.72	1	0	0.035292	0.0327238	
96	-4522.72	1	0	0.0349303	0.0327238	
97	-4522.72	1	0	0.0314446	0.0327238	
98	-4522.72	1	0	0.0340424	0.0327238	
99	-4522.72	1	0	0.0340096	0.0327238	
100	-4522.62	1	0	0.0348316	0.0327238	
101	-4522.62	1	0	0.0327271	0.0327238	
102	-4522.62	1	0	0.0357853	0.0327238	
103	-4522.52	1	0	0.0332532	0.0327238	
104	-4522.52	1	0	0.0334505	0.0327238	
105	-4522.52	1	0	0.0360155	0.0327238	
106	-4522.42	1	0	0.0295373	0.0327238	
107	-4522.42	1	0	0.0341411	0.0327238	
108	-4522.42	1	0	0.0302608	0.0327238	
109	-4522.42	1	0	0.0304252	0.0327238	
110	-4522.32	1	0	0.0310829	0.0327238	
111	-4522.32	1	0	0.0333848	0.0327238	
112	-4522.32	1	0	0.0328915	0.0327238	
113	-4522.22	1	0	0.0315433	0.0327238	
114	-4522.22	1	0	0.0329244	0.0327238	
115	-4522.22	1	0	0.0332532	0.0327238	
116	-4522.12	1	0	0.0298004	0.0327238	
117	-4522.12	1	0	0.0290441	0.0327238	
118	-4522.12	1	0	0.0332532	0.0327238	
119	-4522.12	1	0	0.0367389	0.0327238	
120	-4522.12	1	0	0.0358182	0.0327238	
121	-4522.02	1	0	0.0323654	0.0327238	
122	-4522.02	1	0	0.0350618	0.0327238	
123	-4521.92	1	0	0.0305567	0.0327238	
124	-4521.92	1	0	0.0329573	0.0327238	
125	-4521.92	1	0	0.0328915	0.0327238	
126	-4521.82	1	0	0.0314775	0.0327238	
127	-4521.82	1	0	0.0324311	0.0327238	
128	-4521.82	1	0	0.0351605	0.0327238	
129	-4521.82	1	0	0.0302937	0.0327238	
130	-4521.82	1	0	0.0340753	0.0327238	
131	-4521.82	1	0	0.0360484	0.0327238	
132	-4521.72	1	0	0.0352263	0.0327238	
133	-4521.72	1	0	0.0299648	0.0327238	
134	-4521.62	1	0	0.035588	0.0327238	
135	-4521.62	1	0	0.031905	0.0327238	
136	-4521.62	1	0	0.0365416	0.0327238	
137	-4521.62	1	0	0.0335492	0.0327238	
138	-4521.52	1	0	0.0353907	0.0327238	
139	-4521.52	1	0	0.0339438	0.0327238	
140	-4521.52	1	0	0.0320036	0.0327238	
141	-4521.52	1	0	0.036443	0.0327238	
142	-4521.42	1	0	0.0323325	0.0327238	
143	-4521.42	1	0	0.0334834	0.0327238	
144	-4521.32	1	0	0.0328257	0.0327238	
145	-4521.32	1	0	0.03105	0.0327238	
146	-4521.32	1	0	0.0332203	0.0327238	
147	-4521.32	1	0	0.0310829	0.0327238	
148	-4521.22	1	0	0.0314117	0.0327238	
149	-4521.22	1	0	0.0323654	0.0327238	
150	-4521.22	1	0	0.0339767	0.0327238	
151	-4521.22	1	0	0.0322338	0.0327238	
152	-4521.12	1	0	0.0329244	0.0327238	
153	-4521.12	1	0	0.034174	0.0327238	
154	-4521.12	1	0	0.0315104	0.0327238	
155	-4521.02	1	0	0.0318721	0.0327238	
156	-4521.02	1	0	0.0361141	0.0327238	
157	-4520.92	1	0	0.0329573	0.0327238	
158	-4520.92	1	0	0.0312802	0.0327238	
159	-4520.92	1	0	0.0337136	0.0327238	
160	-4520.82	1	0	0.0342069	0.0327238	
161	-4520.82	1	0	0.0327271	0.0327238	
162	-4520.82	1	0	0.0318721	0.0327238	
163	-4520.72	1	0	0.0336807	0.0327238	
164	-4520.72	1	0	0.0295702	0.0327238	
165	-4520.72	1	0	0.0320694	0.0327238	
166	-4520.62	1	0	0.0318392	0.0327238	
167	-4520.62	1	0	0.0337794	0.0327238	
168	-4520.52	1	0	0.036147	0.0327238	
169	-4520.52	1	0	0.0347988	0.0327238	
170	-4520.42	1	0	0.0337136	0.0327238	
171	-4520.42	1	0	0.0346015	0.0327238	
172	-4520.42	1	0	0.0349961	0.0327238	
173	-4520.32	1	0	0.0433486	0.0327238	
174	-4520.32	1	0	0.0532466	0.0327238	
175	-4520.22	1	0	0.051997	0.0327238	
176	-4520.22	1	0	0.0511749	0.0327238	
177	-4520.12	1	0	0.0393367	0.0327238	
178	-4520.12	1	0	0.0351934	0.0327238	
179	-4520.02	1	0	0.0360812	0.0327238	
180	-4520.02	1	0	0.0360155	0.0327238	
181	-4519.92	1	0	0.0434801	0.0327238	
182	-4519.92	1	0	0.0362785	0.0327238	
183	-4519.92	1	0	0.0382187	0.0327238	
184	-4519.82	1	0	0.0395669	0.0327238	
185	-4519.82	1	0	0.0478208	0.0327238	
186	-4519.82	1	0	0.0554498	0.0327238	
187	-4519.72	1	0	0.0498596	0.0327238	
188	-4519.72	1	0	0.0353907	0.0327238	
189	-4519.62	1	0	0.0379556	0.0327238	
190	-4519.62	1	0	0.0339109	0.0327238	
191	-4519.52	1	0	0.0341411	0.0327238	
192	-4519.52	1	0	0.0337794	0.0327238	
193	-4519.52	1	0	0.0362785	0.0327238	
194	-4519.52	1	0	0.035029	0.0327238	
195	-4519.42	1	0	0.0404219	0.0327238	
196	-4519.42	1	0	0.0528191	0.0327238	
197	-4519.42	1	0	0.0568967	0.0327238	
198	-4519.32	1	0	0.0384489	0.0327238	
199	-4519.32	1	0	0.0329902	0.0327238	
200	-4519.32	1	0	0.0349632	0.0327238	
201	-4519.22	1	0	0.0333519	0.0327238	
202	-4519.22	1	0	0.0387777	0.0327238	
203	-4519.22	1	0	0.0391723	0.0327238	
204	-4519.22	1	0	0.0400931	0.0327238	
205	-4519.12	1	0	0.039271	0.0327238	
206	-4519.12	1	0	0.0417044	0.0327238	
207	-4519.12	1	0	0.0587382	0.0327238	
208	-4519.02	1	0	0.058508	0.0327238	
209	-4519.02	1	0	0.0374952	0.0327238	
210	-4519.02	1	0	0.03983	0.0327238	
211	-4519.02	1	0	0.0389421	0.0327238	
212	-4518.92	1	0	0.0332861	0.0327238	
213	-4518.92	1	0	0.0332861	0.0327238	
214	-4518.92	1	0	0.0296031	0.0327238	
215	-4518.82	1	0	0.0330559	0.0327238	
216	-4518.82	1	0	0.0364758	0.0327238	
217	-4518.82	1	0	0.045486	0.0327238	
218	-4518.82	1	0	0.057094	0.0327238	
219	-4518.72	1	0	0.0479852	0.0327238	
220	-4518.72	1	0	0.0377912	0.0327238	
221	-4518.62	1	0	0.0378898	0.0327238	
222	-4518.62	1	0	0.0386133	0.0327238	
223	-4518.62	1	0	0.0311815	0.0327238	
224	-4518.62	1	0	0.0357195	0.0327238	
225	-4518.52	1	0	0.0381858	0.0327238	
226	-4518.52	1	0	0.0346343	0.0327238	
227	-4518.52	1	0	0.0367389	0.0327238	
228	-4518.52	1	0	0.0524903	0.0327238	
229	-4518.42	1	0	0.0577517	0.0327238	
230	-4518.42	1	0	0.0400602	0.0327238	
231	-4518.32	1	0	0.0407179	0.0327238	
232	-4518.32	1	0	0.0363443	0.0327238	
233	-4518.32	1	0	0.0357195	0.0327238	
234	-4518.22	1	0	0.0383502	0.0327238	
235	-4518.22	1	0	0.0331875	0.0327238	
236	-4518.22	1	0	0.0379556	0.0327238	
237	-4518.22	1	0	0.0395998	0.0327238	
238	-4518.12	1	0	0.0326942	0.0327238	
239	-4518.12	1	0	0.0570283	0.0327238	
240	-4518.12	1	0	0.042954	0.0327238	
241	-4518.02	1	0	0.0363443	0.0327238	
242	-4518.02	1	0	0.0356866	0.0327238	
243	-4517.92	1	0	0.0355222	0.0327238	
244	-4517.92	1	0	0.0380872	0.0327238	
245	-4517.92	1	0	0.035292	0.0327238	
246	-4517.92	1	0	0.0338122	0.0327238	
247	-4517.82	1	0	0.0342726	0.0327238	
248	-4517.82	1	0	0.0334176	0.0327238	
249	-4517.72	1	0	0.0440391	0.0327238	
250	-4517.72	1	0	0.0421319	0.0327238	
251	-4517.62	1	0	0.0328586	0.0327238	
252	-4517.62	1	0	0.0315433	0.0327238	
253	-4517.62	1	0	0.027926	0.0327238	
254	-4517.52	1	0	0.0330888	0.0327238	
255	-4517.52	1	0	0.0345686	0.0327238	
256	-4517.52	1	0	0.0289126	0.0327238	
257	-4517.42	1	0	0.0346672	0.0327238	
258	-4517.32	1	0	0.0313131	0.0327238	
259	-4517.32	1	0	0.0404548	0.0327238	
260	-4517.32	1	0	0.0455189	0.0327238	
261	-4517.22	1	0	0.0407179	0.0327238	
262	-4517.22	1	0	0.0362128	0.0327238	
263	-4517.12	1	0	0.0321023	0.0327238	
264	-4517.12	1	0	0.0323982	0.0327238	
265	-4517.12	1	0	0.033878	0.0327238	
266	-4517.02	1	0	0.0354564	0.0327238	
267	-4517.02	1	0	0.0351605	0.0327238	
268	-4516.92	1	0	0.0304252	0.0327238	
269	-4516.92	1	0	0.0356866	0.0327238	
270	-4516.82	1	0	0.0413755	0.0327238	
271	-4516.82	1	0	0.03812	0.0327238	
272	-4516.82	1	0	0.0360812	0.0327238	
273	-4516.72	1	0	0.0318721	0.0327238	
274	-4516.72	1	0	0.0369033	0.0327238	
275	-4516.72	1	0	0.0369691	0.0327238	
276	-4516.72	1	0	0.037002	0.0327238	
277	-4516.62	1	0	0.0339767	0.0327238	
278	-4516.62	1	0	0.0353578	0.0327238	
279	-4516.52	1	0	0.0336149	0.0327238	
280	-4516.52	1	0	0.040126	0.0327238	
281	-4516.52	1	0	0.0324311	0.0327238	
282	-4516.42	1	0	0.0331546	0.0327238	
283	-4516.42	1	0	0.03105	0.0327238	
284	-4516.42	1	0	0.027367	0.0327238	
285	-4516.42	1	0	0.0300306	0.0327238	
286	-4516.32	1	0	0.0336478	0.0327238	
287	-4516.32	1	0	0.0339438	0.0327238	
288	-4516.32	1	0	0.0323325	0.0327238	
289	-4516.22	1	0	0.0347001	0.0327238	
290	-4516.22	1	0	0.0357195	0.0327238	
291	-4516.22	1	0	0.0371006	0.0327238	
292	-4516.22	1	0	0.0305567	0.0327238	
293	-4516.12	1	0	0.034174	0.0327238	
294	-4516.12	1	0	0.034437	0.0327238	
295	-4516.12	1	0	0.0383831	0.0327238	
296	-4516.02	1	0	0.0342726	0.0327238	
297	-4516.02	1	0	0.0298333	0.0327238	
298	-4516.02	1	0	0.0288139	0.0327238	
299	-4515.92	1	0	0.0350947	0.0327238	
300	-4515.92	1	0	0.0363772	0.0327238	
301	-4515.92	1	0	0.041803	0.0327238	
302	-4515.92	1	0	0.034437	0.0327238	
303	-4515.82	1	0	0.0398958	0.0327238	
304	-4515.82	1	0	0.0384489	0.0327238	
305	-4515.82	1	0	0.03812	0.0327238	
306	-4515.72	1	0	0.0375281	0.0327238	
307	-4515.72	1	0	0.0392381	0.0327238	
308	-4515.72	1	0	0.0404877	0.0327238	
309	-4515.72	1	0	0.0544304	0.0327238	
310	-4515.62	1	0	0.101093	0.0327238	
311	-4515.62	1	0	0.0998431	0.0327238	
312	-4515.62	1	0	0.119508	0.0327238	
313	-4515.52	1	0	0.0756734	0.0327238	
314	-4515.52	1	0	0.0440063	0.0327238	
315	-4515.52	1	0	0.04861	0.0327238	
316	-4515.52	1	0	0.0485442	0.0327238	
317	-4515.42	1	0	0.0498925	0.0327238	
318	-4515.42	1	0	0.0480839	0.0327238	
319	-4515.42	1	0	0.0543318	0.0327238	
320	-4515.42	1	0	0.0705107	0.0327238	
321	-4515.32	1	0	0.141902	0.0327238	
322	-4515.32	1	0	0.137232	0.0327238	
323	-4515.32	1	0	0.0839273	0.0327238	
324	-4515.22	1	0	0.0643943	0.0327238	
325	-4515.22	1	0	0.048906	0.0327238	
326	-4515.22	1	0	0.0490046	0.0327238	
327	-4515.12	1	0	0.0448612	0.0327238	
328	-4515.12	1	0	0.054562	0.0327238	
329	-4515.12	1	0	0.0518655	0.0327238	
330	-4515.02	1	0	0.062487	0.0327238	
331	-4515.02	1	0	0.121448	0.0327238	
332	-4515.02	1	0	0.165052	0.0327238	
333	-4514.92	1	0	0.0990868	0.0327238	
334	-4514.92	1	0	0.0644929	0.0327238	
335	-4514.82	1	0	0.0593959	0.0327238	
336	-4514.82	1	0	0.0549566	0.0327238	
337	-4514.82	1	0	0.0611716	0.0327238	
338	-4514.72	1	0	0.0654794	0.0327238	
339	-4514.72	1	0	0.0823489	0.0327238	
340	-4514.62	1	0	0.119343	0.0327238	
341	-4514.62	1	0	0.29787	0.0327238	
342	-4514.52	1	0	0.28498	0.0327238	
343	-4514.52	1	0	0.289583	0.0327238	
344	-4514.52	1	0	0.119343	0.0327238	
345	-4514.42	1	0	0.0828421	0.0327238	
346	-4514.42	1	0	0.073536	0.0327238	
347	-4514.32	1	0	0.0802114	0.0327238	
348	-4514.32	1	0	0.0802443	0.0327238	
349	-4514.22	1	0	0.0893531	0.0327238	
350	-4514.22	1	0	0.0996458	0.0327238	
351	-4514.22	1	0	0.213391	0.0327238	
352	-4514.12	1	0	0.375871	0.0327238	
353	-4514.12	1	0	0.324769	0.0327238	
354	-4514.12	1	0	0.124473	0.0327238	
355	-4514.12	1	0	0.093628	0.0327238	
356	-4514.02	1	0	0.0772847	0.0327238	
357	-4514.02	1	0	0.0752131	0.0327238	
358	-4513.92	1	0	0.077482	0.0327238	
359	-4513.92	1	0	0.086262	0.0327238	
360	-4513.92	1	0	0.102704	0.0327238	
361	-4513.82	1	0	0.139468	0.0327238	
362	-4513.82	1	0	0.370873	0.0327238	
363	-4513.82	1	0	0.338087	0.0327238	
364	-4513.82	1	0	0.121514	0.0327238	
365	-4513.72	1	0	0.0866238	0.0327238	
366	-4513.62	1	0	0.0806389	0.0327238	
367	-4513.62	1	0	0.072681	0.0327238	
368	-4513.62	1	0	0.0714643	0.0327238	
369	-4513.52	1	0	0.0763311	0.0327238	
370	-4513.52	1	0	0.0903725	0.0327238	
371	-4513.52	1	0	0.125131	0.0327238	
372	-4513.42	1	0	0.311484	0.0327238	
373	-4513.42	1	0	0.297377	0.0327238	
374	-4513.42	1	0	0.11395	0.0327238	
375	-4513.42	1	0	0.0836313	0.0327238	
376	-4513.32	1	0	0.0670579	0.0327238	
377	-4513.32	1	0	0.0595603	0.0327238	
378	-4513.32	1	0	0.0662358	0.0327238	
379	-4513.22	1	0	0.0746869	0.0327238	
380	-4513.22	1	0	0.0773834	0.0327238	
381	-4513.22	1	0	0.110037	0.0327238	
382	-4513.12	1	0	0.275805	0.0327238	
383	-4513.12	1	0	0.283796	0.0327238	
384	-4513.12	1	0	0.0979687	0.0327238	
385	-4513.12	1	0	0.0828092	0.0327238	
386	-4513.02	1	0	0.0622239	0.0327238	
387	-4513.02	1	0	0.0617964	0.0327238	
388	-4513.02	1	0	0.0660056	0.0327238	
389	-4512.92	1	0	0.0666632	0.0327238	
390	-4512.92	1	0	0.0802114	0.0327238	
391	-4512.92	1	0	0.108163	0.0327238	
392	-4512.92	1	0	0.218949	0.0327238	
393	-4512.82	1	0	0.210958	0.0327238	
394	-4512.82	1	0	0.087117	0.0327238	
395	-4512.82	1	0	0.0757063	0.0327238	
396	-4512.72	1	0	0.0615662	0.0327238	
397	-4512.72	1	0	0.0548908	0.0327238	
398	-4512.72	1	0	0.0553841	0.0327238	
399	-4512.72	1	0	0.0619937	0.0327238	
400	-4512.62	1	0	0.0716616	0.0327238	
401	-4512.62	1	0	0.103362	0.0327238	
402	-4512.62	1	0	0.171859	0.0327238	
403	-4512.52	1	0	0.164789	0.0327238	
404	-4512.52	1	0	0.0774163	0.0327238	
405	-4512.52	1	0	0.0540687	0.0327238	
406	-4512.42	1	0	0.0516024	0.0327238	
407	-4512.42	1	0	0.0488073	0.0327238	
408	-4512.32	1	0	0.0502542	0.0327238	
409	-4512.32	1	0	0.0478865	0.0327238	
410	-4512.32	1	0	0.0659069	0.0327238	
411	-4512.22	1	0	0.0929046	0.0327238	
412	-4512.22	1	0	0.153312	0.0327238	
413	-4512.22	1	0	0.0917865	0.0327238	
414	-4512.12	1	0	0.0615334	0.0327238	
415	-4512.12	1	0	0.0531809	0.0327238	
416	-4512.12	1	0	0.0460779	0.0327238	
417	-4512.12	1	0	0.0474262	0.0327238	
418	-4512.02	1	0	0.0474919	0.0327238	
419	-4511.92	1	0	0.0442364	0.0327238	
420	-4511.92	1	0	0.0690638	0.0327238	
421	-4511.92	1	0	0.0673538	0.0327238	
422	-4511.92	1	0	0.109938	0.0327238	
423	-4511.82	1	0	0.0802114	0.0327238	
424	-4511.82	1	0	0.0437103	0.0327238	
425	-4511.72	1	0	0.0410796	0.0327238	
426	-4511.72	1	0	0.0400931	0.0327238	
427	-4511.72	1	0	0.0374952	0.0327238	
428	-4511.62	1	0	0.0410796	0.0327238	
429	-4511.62	1	0	0.0387448	0.0327238	
430	-4511.52	1	0	0.0488731	0.0327238	
431	-4511.52	1	0	0.0600536	0.0327238	
432	-4511.42	1	0	0.0852098	0.0327238	
433	-4511.42	1	0	0.0466698	0.0327238	
434	-4511.32	1	0	0.0391394	0.0327238	
435	-4511.32	1	0	0.0377583	0.0327238	
436	-4511.22	1	0	0.0388435	0.0327238	
437	-4511.22	1	0	0.0397642	0.0327238	
438	-4511.22	1	0	0.0419675	0.0327238	
439	-4511.12	1	0	0.0339438	0.0327238	
440	-4511.12	1	0	0.0479852	0.0327238	
441	-4511.02	1	0	0.0691295	0.0327238	
442	-4511.02	1	0	0.0843548	0.0327238	
443	-4511.02	1	0	0.035292	0.0327238	
444	-4510.92	1	0	0.0388764	0.0327238	
445	-4510.92	1	0	0.0387777	0.0327238	
446	-4510.82	1	0	0.0377583	0.0327238	
447	-4510.82	1	0	0.0372651	0.0327238	
448	-4510.82	1	0	0.0406192	0.0327238	
449	-4510.82	1	0	0.0479194	0.0327238	
450	-4510.72	1	0	0.054266	0.0327238	
451	-4510.72	1	0	0.0926744	0.0327238	
452	-4510.62	1	0	0.0668934	0.0327238	
453	-4510.62	1	0	0.0413427	0.0327238	
454	-4510.62	1	0	0.0381858	0.0327238	
455	-4510.52	1	0	0.0390737	0.0327238	
456	-4510.52	1	0	0.0423949	0.0327238	
457	-4510.52	1	0	0.0451572	0.0327238	
458	-4510.52	1	0	0.0444995	0.0327238	
459	-4510.42	1	0	0.0470645	0.0327238	
460	-4510.42	1	0	0.0664331	0.0327238	
461	-4510.32	1	0	0.146275	0.0327238	
462	-4510.32	1	0	0.0861305	0.0327238	
463	-4510.32	1	0	0.0530493	0.0327238	
464	-4510.32	1	0	0.0390737	0.0327238	
465	-4510.22	1	0	0.0495636	0.0327238	
466	-4510.22	1	0	0.0433157	0.0327238	
467	-4510.22	1	0	0.038416	0.0327238	
468	-4510.22	1	0	0.0458477	0.0327238	
469	-4510.12	1	0	0.0590671	0.0327238	
470	-4510.12	1	0	0.0862949	0.0327238	
471	-4510.02	1	0	0.208886	0.0327238	
472	-4510.02	1	0	0.0994485	0.0327238	
473	-4510.02	1	0	0.0550881	0.0327238	
474	-4509.92	1	0	0.0504515	0.0327238	
475	-4509.92	1	0	0.0464725	0.0327238	
476	-4509.92	1	0	0.0509119	0.0327238	
477	-4509.92	1	0	0.0522272	0.0327238	
478	-4509.82	1	0	0.0601522	0.0327238	
479	-4509.82	1	0	0.0777451	0.0327238	
480	-4509.82	1	0	0.160382	0.0327238	
481	-4509.72	1	0	0.219804	0.0327238	
482	-4509.72	1	0	0.0766928	0.0327238	
483	-4509.72	1	0	0.0535097	0.0327238	
484	-4509.62	1	0	0.0519642	0.0327238	
485	-4509.62	1	0	0.0496294	0.0327238	
486	-4509.62	1	0	0.0512407	0.0327238	
487	-4509.52	1	0	0.0534768	0.0327238	
488	-4509.52	1	0	0.0596919	0.0327238	
489	-4509.42	1	0	0.103625	0.0327238	
490	-4509.42	1	0	0.25374	0.0327238	
491	-4509.42	1	0	0.24348	0.0327238	
492	-4509.42	1	0	0.0798826	0.0327238	
493	-4509.32	1	0	0.0748513	0.0327238	
494	-4509.32	1	0	0.0598892	0.0327238	
495	-4509.22	1	0	0.0618622	0.0327238	
496	-4509.22	1	0	0.0595274	0.0327238	
497	-4509.12	1	0	0.0683732	0.0327238	
498	-4509.12	1	0	0.0778767	0.0327238	
499	-4509.02	1	0	0.129011	0.0327238	
500	-4509.12	1	0	0.328123	0.0327238	
501	-4508.92	1	0	0.193464	0.0327238	
502	-4508.92	1	0	0.0904712	0.0327238	
503	-4508.92	1	0	0.0715958	0.0327238	
504	-4508.92	1	0	0.0583107	0.0327238	
505	-4508.82	1	0	0.0623883	0.0327238	
506	-4508.82	1	0	0.0720891	0.0327238	
507	-4508.72	1	0	0.0754432	0.0327238	
508	-4508.72	1	0	0.09251	0.0327238	
509	-4508.62	1	0	0.211089	0.0327238	
510	-4508.62	1	0	0.386328	0.0327238	
511	-4508.52	1	0	0.179126	0.0327238	
512	-4508.42	1	0	0.087972	0.0327238	
513	-4508.42	1	0	0.0716287	0.0327238	
514	-4508.42	1	0	0.0711355	0.0327238	
515	-4508.32	1	0	0.0727797	0.0327238	
516	-4508.32	1	0	0.0725166	0.0327238	
517	-4508.22	1	0	0.0907343	0.0327238	
518	-4508.22	1	0	0.107637	0.0327238	
519	-4508.12	1	0	0.304874	0.0327238	
520	-4508.12	1	0	0.393661	0.0327238	
521	-4508.12	1	0	0.132201	0.0327238	
522	-4508.12	1	0	0.0937925	0.0327238	
523	-4508.02	1	0	0.0771532	0.0327238	
524	-4508.02	1	0	0.0723193	0.0327238	
525	-4508.02	1	0	0.0741608	0.0327238	
526	-4507.92	1	0	0.0799483	0.0327238	
527	-4507.82	1	0	0.0915564	0.0327238	
528	-4507.82	1	0	0.14029	0.0327238	
529	-4507.82	1	0	0.375016	0.0327238	
530	-4507.82	1	0	0.345815	0.0327238	
531	-4507.82	1	0	0.116713	0.0327238	
532	-4507.72	1	0	0.0923456	0.0327238	
533	-4507.72	1	0	0.0762653	0.0327238	
534	-4507.72	1	0	0.0700174	0.0327238	
535	-4507.62	1	0	0.0748842	0.0327238	
536	-4507.62	1	0	0.0881035	0.0327238	
537	-4507.52	1	0	0.0992841	0.0327238	
538	-4507.52	1	0	0.190899	0.0327238	
539	-4507.52	1	0	0.448183	0.0327238	
540	-4507.52	1	0	0.311451	0.0327238	
541	-4507.42	1	0	0.112076	0.0327238	
542	-4507.42	1	0	0.0795866	0.0327238	
543	-4507.32	1	0	0.0712999	0.0327238	
544	-4507.32	1	0	0.0761338	0.0327238	
545	-4507.32	1	0	0.0768244	0.0327238	
546	-4507.32	1	0	0.0847494	0.0327238	
547	-4507.22	1	0	0.102013	0.0327238	
548	-4507.22	1	0	0.245782	0.0327238	
549	-4507.22	1	0	0.340389	0.0327238	
550	-4507.12	1	0	0.242198	0.0327238	
551	-4507.12	1	0	0.110497	0.0327238	
552	-4507.12	1	0	0.0781068	0.0327238	
553	-4507.02	1	0	0.062191	0.0327238	
554	-4507.02	1	0	0.0633749	0.0327238	
555	-4507.02	1	0	0.069294	0.0327238	
556	-4506.92	1	0	0.0696886	0.0327238	
557	-4506.92	1	0	0.10642	0.0327238	
558	-4506.92	1	0	0.249531	0.0327238	
559	-4506.82	1	0	0.288301	0.0327238	
560	-4506.82	1	0	0.142625	0.0327238	
561	-4506.82	1	0	0.0771861	0.0327238	
562	-4506.72	1	0	0.0708066	0.0327238	
563	-4506.72	1	0	0.0657425	0.0327238	
564	-4506.72	1	0	0.0677155	0.0327238	
565	-4506.72	1	0	0.0683074	0.0327238	
566	-4506.62	1	0	0.0759365	0.0327238	
567	-4506.62	1	0	0.104184	0.0327238	
568	-4506.52	1	0	0.255154	0.0327238	
569	-4506.52	1	0	0.248939	0.0327238	
570	-4506.52	1	0	0.119606	0.0327238	
571	-4506.42	1	0	0.072122	0.0327238	
572	-4506.42	1	0	0.0636379	0.0327238	
573	-4506.42	1	0	0.0570283	0.0327238	
574	-4506.32	1	0	0.0649862	0.0327238	
575	-4506.32	1	0	0.0618622	0.0327238	
576	-4506.22	1	0	0.0782384	0.0327238	
577	-4506.22	1	0	0.111254	0.0327238	
578	-4506.22	1	0	0.21303	0.0327238	
579	-4506.12	1	0	0.214444	0.0327238	
580	-4506.12	1	0	0.143414	0.0327238	
581	-4506.12	1	0	0.0662686	0.0327238	
582	-4506.02	1	0	0.0469	0.0327238	
583	-4506.02	1	0	0.0455847	0.0327238	
584	-4505.92	1	0	0.0444009	0.0327238	
585	-4505.92	1	0	0.0447297	0.0327238	
586	-4505.82	1	0	0.0388106	0.0327238	
587	-4505.82	1	0	0.039271	0.0327238	
588	-4505.82	1	0	0.0362785	0.0327238	
589	-4505.72	1	0	0.0321352	0.0327238	
590	-4505.62	1	0	0.0395012	0.0327238	
591	-4505.62	1	0	0.0422634	0.0327238	
592	-4505.52	1	0	0.0371993	0.0327238	
593	-4505.52	1	0	0.0401588	0.0327238	
594	-4505.42	1	0	0.0400602	0.0327238	
595	-4505.42	1	0	0.0384818	0.0327238	
596	-4505.42	1	0	0.0408494	0.0327238	
597	-4505.32	1	0	0.0364101	0.0327238	
598	-4505.32	1	0	0.0363443	0.0327238	
599	-4505.22	1	0	0.0377254	0.0327238	
600	-4505.22	1	0	0.0411454	0.0327238	
601	-4505.22	1	0	0.0375281	0.0327238	
602	-4505.12	1	0	0.0357524	0.0327238	
603	-4505.12	1	0	0.0371335	0.0327238	
604	-4505.02	1	0	0.03983	0.0327238	
605	-4505.02	1	0	0.0411454	0.0327238	
606	-4505.02	1	0	0.0350618	0.0327238	
607	-4504.92	1	0	0.037857	0.0327238	
608	-4504.92	1	0	0.036147	0.0327238	
609	-4504.82	1	0	0.0331875	0.0327238	
610	-4504.82	1	0	0.0353249	0.0327238	
611	-4504.82	1	0	0.0358839	0.0327238	
612	-4504.72	1	0	0.0391066	0.0327238	
613	-4504.72	1	0	0.0352263	0.0327238	
614	-4504.72	1	0	0.0387448	0.0327238	
615	-4504.62	1	0	0.0338451	0.0327238	
616	-4504.62	1	0	0.0320365	0.0327238	
617	-4504.62	1	0	0.0322009	0.0327238	
618	-4504.52	1	0	0.037857	0.0327238	
619	-4504.52	1	0	0.0345357	0.0327238	
620	-4504.52	1	0	0.0311487	0.0327238	
621	-4504.42	1	0	0.0348645	0.0327238	
622	-4504.42	1	0	0.0383831	0.0327238	
623	-4504.42	1	0	0.033878	0.0327238	
624	-4504.32	1	0	0.0318392	0.0327238	
625	-4504.32	1	0	0.0332203	0.0327238	
626	-4504.32	1	0	0.0352263	0.0327238	
627	-4504.22	1	0	0.031905	0.0327238	
628	-4504.22	1	0	0.0353249	0.0327238	
629	-4504.12	1	0	0.0356209	0.0327238	
630	-4504.12	1	0	0.0338122	0.0327238	
631	-4504.12	1	0	0.0287152	0.0327238	
632	-4504.12	1	0	0.0336807	0.0327238	
633	-4504.02	1	0	0.0321023	0.0327238	
634	-4504.02	1	0	0.0331217	0.0327238	
635	-4503.92	1	0	0.0312144	0.0327238	
636	-4503.92	1	0	0.0336149	0.0327238	
637	-4503.92	1	0	0.0337136	0.0327238	
638	-4503.92	1	0	0.0349303	0.0327238	
639	-4503.82	1	0	0.0332203	0.0327238	
640	-4503.82	1	0	0.0373637	0.0327238	
641	-4503.82	1	0	0.0346672	0.0327238	
642	-4503.72	1	0	0.0343055	0.0327238	
643	-4503.72	1	0	0.0331217	0.0327238	
644	-4503.72	1	0	0.0354893	0.0327238	
645	-4503.62	1	0	0.0343384	0.0327238	
646	-4503.62	1	0	0.035588	0.0327238	
647	-4503.62	1	0	0.0360484	0.0327238	
648	-4503.52	1	0	0.0255913	0.0327238	
649	-4503.52	1	0	0.0339438	0.0327238	
650	-4503.52	1	0	0.0338122	0.0327238	
651	-4503.42	1	0	0.0318392	0.0327238	
652	-4503.42	1	0	0.0351605	0.0327238	
653	-4503.32	1	0	0.030754	0.0327238	
654	-4503.32	1	0	0.0365745	0.0327238	
655	-4503.32	1	0	0.0362457	0.0327238	
656	-4503.22	1	0	0.0379556	0.0327238	
657	-4503.22	1	0	0.0359826	0.0327238	
658	-4503.12	1	0	0.0328915	0.0327238	
659	-4503.12	1	0	0.034174	0.0327238	
660	-4503.12	1	0	0.0379556	0.0327238	
661	-4503.02	1	0	0.0365745	0.0327238	
662	-4503.02	1	0	0.0342069	0.0327238	
663	-4502.92	1	0	0.0332861	0.0327238	
664	-4502.92	1	0	0.0354893	0.0327238	
665	-4502.82	1	0	0.0365087	0.0327238	
666	-4502.82	1	0	0.0360155	0.0327238	
667	-4502.72	1	0	0.0371006	0.0327238	
668	-4502.72	1	0	0.0349961	0.0327238	
669	-4502.72	1	0	0.0275972	0.0327238	
670	-4502.62	1	0	0.0349632	0.0327238	
671	-4502.52	1	0	0.0363772	0.0327238	
672	-4502.52	1	0	0.0376268	0.0327238	
673	-4502.42	1	0	0.0362785	0.0327238	
674	-4502.42	1	0	0.0281233	0.0327238	
675	-4502.42	1	0	0.0353578	0.0327238	
676	-4502.32	1	0	0.0393696	0.0327238	
677	-4502.32	1	0	0.0349961	0.0327238	
678	-4502.22	1	0	0.035292	0.0327238	
679	-4502.22	1	0	0.0343055	0.0327238	
680	-4502.22	1	0	0.0314775	0.0327238	
681	-4502.12	1	0	0.0360812	0.0327238	
682	-4502.12	1	0	0.0354564	0.0327238	
683	-4502.12	1	0	0.0324311	0.0327238	
684	-4502.02	1	0	0.0320694	0.0327238	
685	-4502.02	1	0	0.0354893	0.0327238	
686	-4501.92	1	0	0.0314117	0.0327238	
687	-4501.92	1	0	0.0346672	0.0327238	
688	-4501.82	1	0	0.0348645	0.0327238	
689	-4501.82	1	0	0.0376925	0.0327238	
690	-4501.82	1	0	0.0353249	0.0327238	
691	-4501.72	1	0	0.0347001	0.0327238	
692	-4501.72	1	0	0.0305896	0.0327238	
693	-4501.62	1	0	0.0363114	0.0327238	
694	-4501.62	1	0	0.0367389	0.0327238	
695	-4501.62	1	0	0.0326942	0.0327238	
696	-4501.52	1	0	0.0340753	0.0327238	
697	-4501.52	1	0	0.0283535	0.0327238	
698	-4501.52	1	0	0.0351605	0.0327238	
699	-4501.42	1	0	0.0380872	0.0327238	
700	-4501.42	1	0	0.0352263	0.0327238	
701	-4501.42	1	0	0.0331217	0.0327238	
702	-4501.32	1	0	0.0298333	0.0327238	
703	-4501.32	1	0	0.0351934	0.0327238	
704	-4501.32	1	0	0.0362785	0.0327238	
705	-4501.22	1	0	0.0321023	0.0327238	
706	-4501.22	1	0	0.0327271	0.0327238	
707	-4501.22	1	0	0.0335492	0.0327238	
708	-4501.12	1	0	0.0390079	0.0327238	
709	-4501.12	1	0	0.0377583	0.0327238	
710	-4501.12	1	0	0.0388435	0.0327238	
711	-4501.02	1	0	0.0323654	0.0327238	
712	-4501.02	1	0	0.0347001	0.0327238	
713	-4501.02	1	0	0.0340424	0.0327238	
714	-4501.02	1	0	0.0349632	0.0327238	
715	-4500.92	1	0	0.0298333	0.0327238	
716	-4500.92	1	0	0.0318721	0.0327238	
717	-4500.92	1	0	0.0370678	0.0327238	
718	-4500.82	1	0	0.035292	0.0327238	
719	-4500.82	1	0	0.027926	0.0327238	
720	-4500.72	1	0	0.0349961	0.0327238	
721	-4500.72	1	0	0.0354564	0.0327238	
722	-4500.72	1	0	0.0310829	0.0327238	
723	-4500.72	1	0	0.0348316	0.0327238	
724	-4500.62	1	0	0.0322009	0.0327238	
725	-4500.62	1	0	0.0368376	0.0327238	
726	-4500.52	1	0	0.0292085	0.0327238	
727	-4500.52	1	0	0.034174	0.0327238	
728	-4500.52	1	0	0.0348974	0.0327238	
729	-4500.42	1	0	0.0360812	0.0327238	
730	-4500.42	1	0	0.0320694	0.0327238	
731	-4500.42	1	0	0.0361141	0.0327238	
732	-4500.32	1	0	0.0337465	0.0327238	
733	-4500.32	1	0	0.0324969	0.0327238	
734	-4500.22	1	0	0.0333848	0.0327238	
735	-4500.22	1	0	0.0339767	0.0327238	
736	-4500.22	1	0	0.0323325	0.0327238	
737	-4500.12	1	0	0.0330888	0.0327238	
738	-4500.12	1	0	0.0339438	0.0327238	
739	-4500.02	1	0	0.0343055	0.0327238	
740	-4500.02	1	0	0.0341082	0.0327238	
741	-4499.92	1	0	0.0336807	0.0327238	
742	-4499.92	1	0	0.0360484	0.0327238	
743	-4499.92	1	0	0.0370678	0.0327238	
744	-4499.82	1	0	0.0316419	0.0327238	
745	-4499.82	1	0	0.0345357	0.0327238	
746	-4499.72	1	0	0.0342726	0.0327238	
747	-4499.72	1	0	0.0349303	0.0327238	
748	-4499.72	1	0	0.0320036	0.0327238	
749	-4499.62	1	0	0.031609	0.0327238	
750	-4499.52	1	0	0.0317734	0.0327238	
751	-4499.52	1	0	0.0366731	0.0327238	
752	-4499.52	1	0	0.0335821	0.0327238	
753	-4499.42	1	0	0.0351276	0.0327238	
754	-4499.42	1	0	0.0365745	0.0327238	
755	-4499.32	1	0	0.0340096	0.0327238	
756	-4499.32	1	0	0.0341082	0.0327238	
757	-4499.22	1	0	0.0353907	0.0327238	
758	-4499.22	1	0	0.0363114	0.0327238	
759	-4499.22	1	0	0.0374624	0.0327238	
760	-4499.12	1	0	0.0364758	0.0327238	
761	-4499.12	1	0	0.0342726	0.0327238	
762	-4499.02	1	0	0.0321681	0.0327238	
763	-4499.02	1	0	0.0345357	0.0327238	
764	-4499.02	1	0	0.0346015	0.0327238	
765	-4498.92	1	0	0.0360155	0.0327238	
766	-4498.92	1	0	0.0349632	0.0327238	
767	-4498.82	1	0	0.0351605	0.0327238	
768	-4498.82	1	0	0.0321681	0.0327238	
769	-4498.82	1	0	0.0303266	0.0327238	
770	-4498.72	1	0	0.0332532	0.0327238	
771	-4498.72	1	0	0.033878	0.0327238	
772	-4498.72	1	0	0.0335821	0.0327238	
773	-4498.62	1	0	0.0326284	0.0327238	
774	-4498.62	1	0	0.0302608	0.0327238	
775	-4498.62	1	0	0.0334176	0.0327238	
776	-4498.52	1	0	0.030754	0.0327238	
777	-4498.52	1	0	0.0305239	0.0327238	
778	-4498.52	1	0	0.0305239	0.0327238	
779	-4498.42	1	0	0.033878	0.0327238	
780	-4498.42	1	0	0.0339438	0.0327238	
781	-4498.42	1	0	0.034733	0.0327238	
782	-4498.32	1	0	0.0354236	0.0327238	
783	-4498.32	1	0	0.0348974	0.0327238	
784	-4498.32	1	0	0.0321352	0.0327238	
785	-4498.12	1	0	0.0302279	0.0327238	
786	-4498.02	1	0	0.0362128	0.0327238	
787	-4498.02	1	0	0.0282878	0.0327238	
788	-4498.02	1	0	0.0330888	0.0327238	
789	-4498.02	1	0	0.0347001	0.0327238	
790	-4497.92	1	0	0.0322996	0.0327238	
791	-4497.92	1	0	0.0349303	0.0327238	
792	-4497.92	1	0	0.0329902	0.0327238	
793	-4497.82	1	0	0.0331217	0.0327238	
794	-4497.82	1	0	0.0329902	0.0327238	
795	-4497.82	1	0	0.0339438	0.0327238	
796	-4497.82	1	0	0.0307869	0.0327238	
797	-4497.72	1	0	0.0321023	0.0327238	
798	-4497.72	1	0	0.0289454	0.0327238	
799	-4497.72	1	0	0.0297346	0.0327238	
800	-4497.62	1	0	0.0304581	0.0327238	
801	-4497.62	1	0	0.02934	0.0327238	
802	-4497.62	1	0	0.0314775	0.0327238	
803	-4497.52	1	0	0.034174	0.0327238	
804	-4497.52	1	0	0.0308527	0.0327238	
805	-4497.52	1	0	0.0332861	0.0327238	
806	-4497.42	1	0	0.0352263	0.0327238	
807	-4497.42	1	0	0.0324969	0.0327238	
808	-4497.42	1	0	0.0305567	0.0327238	
809	-4497.32	1	0	0.0304581	0.0327238	
810	-4497.32	1	0	0.0331217	0.0327238	
811	-4497.22	1	0	0.0327271	0.0327238	
812	-4497.22	1	0	0.0324311	0.0327238	
813	-4497.12	1	0	0.0272684	0.0327238	
814	-4497.12	1	0	0.0320036	0.0327238	
815	-4497.12	1	0	0.0339438	0.0327238	
816	-4497.12	1	0	0.03276	0.0327238	
817	-4497.02	1	0	0.0292743	0.0327238	
818	-4496.92	1	0	0.0317734	0.0327238	
819	-4496.92	1	0	0.0293072	0.0327238	
820	-4496.82	1	0	0.0299648	0.0327238	
821	-4496.82	1	0	0.0353249	0.0327238	
822	-4496.82	1	0	0.0342726	0.0327238	
823	-4496.72	1	0	0.0271697	0.0327238	
824	-4496.72	1	0	0.0328586	0.0327238	
825	-4496.62	1	0	0.0353907	0.0327238	
826	-4496.62	1	0	0.0379227	0.0327238	
827	-4496.52	1	0	0.0323325	0.0327238	
828	-4496.52	1	0	0.0299977	0.0327238	
829	-4496.52	1	0	0.0358839	0.0327238	
830	-4496.42	1	0	0.0366074	0.0327238	
831	-4496.42	1	0	0.0278603	0.0327238	
832	-4496.32	1	0	0.0309514	0.0327238	
833	-4496.32	1	0	0.0322338	0.0327238	
834	-4496.32	1	0	0.0356209	0.0327238	
835	-4496.22	1	0	0.0321681	0.0327238	
836	-4496.12	1	0	0.0332861	0.0327238	
837	-4496.12	1	0	0.0343384	0.0327238	
838	-4496.12	1	0	0.0291099	0.0327238	
839	-4496.02	1	0	0.0315104	0.0327238	
840	-4496.02	1	0	0.0327928	0.0326778	
