# Dye laser quickscan repeater
# MW at 25 dB
# Hittite at 18.5101 GHz
# Looking for MW Resonances
i	f	s
0.000	-50.541	0.061
1.000	-50.362	0.047
2.000	-50.184	0.053
3.000	-50.005	0.063
4.000	-49.826	0.060
5.000	-49.647	0.068
6.000	-49.468	0.077
7.000	-49.290	0.066
8.000	-49.111	0.053
9.000	-48.932	0.049
10.000	-48.753	0.083
11.000	-48.574	0.079
12.000	-48.396	0.060
13.000	-48.217	0.053
14.000	-48.038	0.048
15.000	-47.859	0.060
16.000	-47.680	0.060
17.000	-47.502	0.054
18.000	-47.323	0.061
19.000	-47.144	0.066
20.000	-46.965	0.060
21.000	-46.786	0.065
22.000	-46.608	0.058
23.000	-46.429	0.061
24.000	-46.250	0.073
25.000	-46.071	0.069
26.000	-45.892	0.062
27.000	-45.714	0.069
28.000	-45.535	0.062
29.000	-45.356	0.061
30.000	-45.177	0.062
31.000	-44.998	0.052
32.000	-44.820	0.068
33.000	-44.641	0.052
34.000	-44.462	0.059
35.000	-44.283	0.049
36.000	-44.104	0.074
37.000	-43.925	0.077
38.000	-43.747	0.069
39.000	-43.568	0.067
40.000	-43.389	0.060
41.000	-43.210	0.045
42.000	-43.031	0.054
43.000	-42.853	0.054
44.000	-42.674	0.043
45.000	-42.495	0.037
46.000	-42.316	0.043
47.000	-42.137	0.050
48.000	-41.959	0.046
49.000	-41.780	0.054
50.000	-41.601	0.048
51.000	-41.422	0.034
52.000	-41.243	0.048
53.000	-41.065	0.044
54.000	-40.886	0.048
55.000	-40.707	0.052
56.000	-40.528	0.040
57.000	-40.349	0.053
58.000	-40.171	0.049
59.000	-39.992	0.037
60.000	-39.813	0.026
61.000	-39.634	0.031
62.000	-39.455	0.034
63.000	-39.277	0.028
64.000	-39.098	0.038
65.000	-38.919	0.023
66.000	-38.740	0.030
67.000	-38.561	0.011
68.000	-38.383	0.029
69.000	-38.204	0.038
70.000	-38.025	0.041
71.000	-37.846	0.037
72.000	-37.667	0.027
73.000	-37.489	0.016
74.000	-37.310	0.019
75.000	-37.131	0.035
76.000	-36.952	0.019
77.000	-36.773	0.029
78.000	-36.595	0.023
79.000	-36.416	0.029
80.000	-36.237	0.026
81.000	-36.058	0.034
82.000	-35.879	0.017
83.000	-35.701	0.029
84.000	-35.522	0.025
85.000	-35.343	0.018
86.000	-35.164	0.016
87.000	-34.985	0.023
88.000	-34.807	0.034
89.000	-34.628	0.028
90.000	-34.449	0.027
91.000	-34.270	0.026
92.000	-34.091	0.030
93.000	-33.913	0.023
94.000	-33.734	0.030
95.000	-33.555	0.035
96.000	-33.376	0.026
97.000	-33.197	0.044
98.000	-33.019	0.031
99.000	-32.840	0.036
100.000	-32.661	0.038
101.000	-32.482	0.014
102.000	-32.303	0.027
103.000	-32.124	0.032
104.000	-31.946	0.028
105.000	-31.767	0.027
106.000	-31.588	0.031
107.000	-31.409	0.034
108.000	-31.230	0.033
109.000	-31.052	0.028
110.000	-30.873	0.032
111.000	-30.694	0.039
112.000	-30.515	0.033
113.000	-30.336	0.031
114.000	-30.158	0.022
115.000	-29.979	0.031
116.000	-29.800	0.031
117.000	-29.621	0.033
118.000	-29.442	0.032
119.000	-29.264	0.029
120.000	-29.085	0.033
121.000	-28.906	0.035
122.000	-28.727	0.024
123.000	-28.548	0.044
124.000	-28.370	0.045
125.000	-28.191	0.032
126.000	-28.012	0.037
127.000	-27.833	0.052
128.000	-27.654	0.057
129.000	-27.476	0.035
130.000	-27.297	0.032
131.000	-27.118	0.034
132.000	-26.939	0.050
133.000	-26.760	0.051
134.000	-26.582	0.049
135.000	-26.403	0.032
136.000	-26.224	0.049
137.000	-26.045	0.050
138.000	-25.866	0.035
139.000	-25.688	0.040
140.000	-25.509	0.048
141.000	-25.330	0.042
142.000	-25.151	0.052
143.000	-24.972	0.041
144.000	-24.794	0.033
145.000	-24.615	0.034
146.000	-24.436	0.039
147.000	-24.257	0.035
148.000	-24.078	0.059
149.000	-23.900	0.031
150.000	-23.721	0.045
151.000	-23.542	0.034
152.000	-23.363	0.038
153.000	-23.184	0.040
154.000	-23.006	0.050
155.000	-22.827	0.050
156.000	-22.648	0.038
157.000	-22.469	0.047
158.000	-22.290	0.046
159.000	-22.112	0.036
160.000	-21.933	0.043
161.000	-21.754	0.055
162.000	-21.575	0.038
163.000	-21.396	0.031
164.000	-21.218	0.035
165.000	-21.039	0.039
166.000	-20.860	0.045
167.000	-20.681	0.054
168.000	-20.502	0.047
169.000	-20.323	0.047
170.000	-20.145	0.066
171.000	-19.966	0.040
172.000	-19.787	0.036
173.000	-19.608	0.039
174.000	-19.429	0.049
175.000	-19.251	0.049
176.000	-19.072	0.047
177.000	-18.893	0.058
178.000	-18.714	0.042
179.000	-18.535	0.069
180.000	-18.357	0.054
181.000	-18.178	0.053
182.000	-17.999	0.057
183.000	-17.820	0.060
184.000	-17.641	0.058
185.000	-17.463	0.063
186.000	-17.284	0.059
187.000	-17.105	0.058
188.000	-16.926	0.066
189.000	-16.747	0.087
190.000	-16.569	0.060
191.000	-16.390	0.056
192.000	-16.211	0.064
193.000	-16.032	0.050
194.000	-15.853	0.055
195.000	-15.675	0.061
196.000	-15.496	0.059
197.000	-15.317	0.066
198.000	-15.138	0.051
199.000	-14.959	0.064
200.000	-14.781	0.075
201.000	-14.602	0.077
202.000	-14.423	0.071
203.000	-14.244	0.066
204.000	-14.065	0.071
205.000	-13.887	0.079
206.000	-13.708	0.075
207.000	-13.529	0.068
208.000	-13.350	0.077
209.000	-13.171	0.071
210.000	-12.993	0.062
211.000	-12.814	0.062
212.000	-12.635	0.074
213.000	-12.456	0.068
214.000	-12.277	0.055
215.000	-12.099	0.072
216.000	-11.920	0.055
217.000	-11.741	0.054
218.000	-11.562	0.042
219.000	-11.383	0.065
220.000	-11.205	0.071
221.000	-11.026	0.051
222.000	-10.847	0.066
223.000	-10.668	0.080
224.000	-10.489	0.068
225.000	-10.311	0.060
226.000	-10.132	0.065
227.000	-9.953	0.079
228.000	-9.774	0.068
229.000	-9.595	0.081
230.000	-9.417	0.073
231.000	-9.238	0.040
232.000	-9.059	0.068
233.000	-8.880	0.059
234.000	-8.701	0.063
235.000	-8.522	0.070
236.000	-8.344	0.052
237.000	-8.165	0.049
238.000	-7.986	0.065
239.000	-7.807	0.047
240.000	-7.628	0.058
241.000	-7.450	0.042
242.000	-7.271	0.044
243.000	-7.092	0.033
244.000	-6.913	0.046
245.000	-6.734	0.050
246.000	-6.556	0.055
247.000	-6.377	0.044
248.000	-6.198	0.041
249.000	-6.019	0.029
250.000	-5.840	0.039
251.000	-5.662	0.068
252.000	-5.483	0.045
253.000	-5.304	0.043
254.000	-5.125	0.045
255.000	-4.946	0.049
256.000	-4.768	0.048
257.000	-4.589	0.033
258.000	-4.410	0.038
259.000	-4.231	0.029
260.000	-4.052	0.019
261.000	-3.874	0.026
262.000	-3.695	0.023
263.000	-3.516	0.029
264.000	-3.337	0.023
265.000	-3.158	0.027
266.000	-2.980	0.021
267.000	-2.801	0.043
268.000	-2.622	0.034
269.000	-2.443	0.015
270.000	-2.264	0.008
271.000	-2.086	0.016
272.000	-1.907	0.008
273.000	-1.728	0.022
274.000	-1.549	0.021
275.000	-1.370	0.017
276.000	-1.192	0.014
277.000	-1.013	0.008
278.000	-0.834	0.007
279.000	-0.655	0.010
280.000	-0.476	0.008
281.000	-0.298	0.012
282.000	-0.119	0.016
283.000	0.060	0.009
284.000	0.239	0.011
285.000	0.418	0.012
286.000	0.596	0.008
287.000	0.775	0.016
288.000	0.954	0.013
289.000	1.133	0.014
290.000	1.312	0.008
291.000	1.490	0.016
292.000	1.669	0.010
293.000	1.848	0.008
294.000	2.027	0.008
295.000	2.206	0.000
296.000	2.384	0.011
297.000	2.563	0.005
298.000	2.742	0.003
299.000	2.921	0.008
300.000	3.100	0.010
301.000	3.279	0.010
302.000	3.457	0.008
303.000	3.636	0.005
304.000	3.815	0.003
305.000	3.994	0.009
306.000	4.173	0.012
307.000	4.351	0.013
308.000	4.530	0.009
309.000	4.709	0.015
310.000	4.888	0.008
311.000	5.067	0.011
312.000	5.245	0.007
313.000	5.424	0.007
314.000	5.603	0.009
315.000	5.782	0.013
316.000	5.961	0.009
317.000	6.139	0.008
318.000	6.318	0.007
319.000	6.497	0.007
320.000	6.676	0.007
321.000	6.855	0.009
322.000	7.033	0.011
323.000	7.212	0.012
324.000	7.391	0.005
325.000	7.570	0.009
326.000	7.749	0.004
327.000	7.927	0.011
328.000	8.106	0.018
329.000	8.285	0.008
330.000	8.464	0.007
331.000	8.643	0.012
332.000	8.821	0.003
333.000	9.000	0.006
334.000	9.179	0.009
335.000	9.358	0.011
336.000	9.537	0.006
337.000	9.715	0.016
338.000	9.894	0.021
339.000	10.073	0.014
340.000	10.252	0.012
341.000	10.431	0.005
342.000	10.609	0.005
343.000	10.788	0.018
344.000	10.967	0.015
345.000	11.146	0.014
346.000	11.325	0.012
347.000	11.503	0.016
348.000	11.682	0.017
349.000	11.861	0.009
350.000	12.040	0.018
351.000	12.219	0.022
352.000	12.397	0.014
353.000	12.576	0.010
354.000	12.755	0.017
355.000	12.934	0.008
356.000	13.113	0.017
357.000	13.291	0.013
358.000	13.470	0.007
359.000	13.649	0.013
360.000	13.828	0.007
361.000	14.007	0.013
362.000	14.185	0.006
363.000	14.364	0.009
364.000	14.543	0.007
365.000	14.722	0.006
366.000	14.901	0.007
367.000	15.080	0.009
368.000	15.258	0.010
369.000	15.437	0.005
370.000	15.616	0.008
371.000	15.795	0.005
372.000	15.974	0.006
373.000	16.152	0.009
374.000	16.331	0.003
375.000	16.510	0.001
376.000	16.689	0.005
377.000	16.868	0.004
378.000	17.046	0.009
379.000	17.225	0.007
380.000	17.404	0.006
381.000	17.583	0.004
382.000	17.762	0.005
383.000	17.940	0.007
384.000	18.119	0.012
385.000	18.298	-0.001
386.000	18.477	0.005
387.000	18.656	0.002
388.000	18.834	-0.004
389.000	19.013	0.012
390.000	19.192	0.007
391.000	19.371	0.011
392.000	19.550	0.010
393.000	19.728	0.007
394.000	19.907	-0.000
395.000	20.086	0.003
396.000	20.265	-0.002
397.000	20.444	0.009
398.000	20.622	-0.000
399.000	20.801	0.010
400.000	20.980	0.007
0.000	-50.440	0.098
1.000	-50.260	0.106
2.000	-50.080	0.089
3.000	-49.900	0.086
4.000	-49.720	0.093
5.000	-49.541	0.096
6.000	-49.361	0.086
7.000	-49.181	0.073
8.000	-49.001	0.085
9.000	-48.821	0.088
10.000	-48.641	0.096
11.000	-48.461	0.097
12.000	-48.281	0.104
13.000	-48.101	0.095
14.000	-47.921	0.084
15.000	-47.742	0.101
16.000	-47.562	0.099
17.000	-47.382	0.089
18.000	-47.202	0.069
19.000	-47.022	0.100
20.000	-46.842	0.100
21.000	-46.662	0.087
22.000	-46.482	0.084
23.000	-46.302	0.089
24.000	-46.122	0.088
25.000	-45.943	0.075
26.000	-45.763	0.081
27.000	-45.583	0.084
28.000	-45.403	0.082
29.000	-45.223	0.084
30.000	-45.043	0.078
31.000	-44.863	0.069
32.000	-44.683	0.064
33.000	-44.503	0.076
34.000	-44.323	0.065
35.000	-44.144	0.065
36.000	-43.964	0.068
37.000	-43.784	0.076
38.000	-43.604	0.059
39.000	-43.424	0.077
40.000	-43.244	0.078
41.000	-43.064	0.077
42.000	-42.884	0.065
43.000	-42.704	0.091
44.000	-42.524	0.070
45.000	-42.345	0.063
46.000	-42.165	0.071
47.000	-41.985	0.047
48.000	-41.805	0.061
49.000	-41.625	0.065
50.000	-41.445	0.049
51.000	-41.265	0.052
52.000	-41.085	0.047
53.000	-40.905	0.054
54.000	-40.725	0.052
55.000	-40.546	0.052
56.000	-40.366	0.042
57.000	-40.186	0.038
58.000	-40.006	0.054
59.000	-39.826	0.042
60.000	-39.646	0.051
61.000	-39.466	0.055
62.000	-39.286	0.061
63.000	-39.106	0.062
64.000	-38.926	0.043
65.000	-38.747	0.032
66.000	-38.567	0.055
67.000	-38.387	0.042
68.000	-38.207	0.038
69.000	-38.027	0.041
70.000	-37.847	0.043
71.000	-37.667	0.032
72.000	-37.487	0.046
73.000	-37.307	0.042
74.000	-37.127	0.043
75.000	-36.948	0.054
76.000	-36.768	0.046
77.000	-36.588	0.031
78.000	-36.408	0.027
79.000	-36.228	0.043
80.000	-36.048	0.042
81.000	-35.868	0.040
82.000	-35.688	0.036
83.000	-35.508	0.037
84.000	-35.328	0.034
85.000	-35.149	0.053
86.000	-34.969	0.038
87.000	-34.789	0.032
88.000	-34.609	0.034
89.000	-34.429	0.041
90.000	-34.249	0.046
91.000	-34.069	0.041
92.000	-33.889	0.043
93.000	-33.709	0.048
94.000	-33.529	0.033
95.000	-33.350	0.031
96.000	-33.170	0.037
97.000	-32.990	0.040
98.000	-32.810	0.033
99.000	-32.630	0.048
100.000	-32.450	0.040
101.000	-32.270	0.040
102.000	-32.090	0.041
103.000	-31.910	0.040
104.000	-31.730	0.042
105.000	-31.551	0.037
106.000	-31.371	0.047
107.000	-31.191	0.038
108.000	-31.011	0.028
109.000	-30.831	0.041
110.000	-30.651	0.033
111.000	-30.471	0.038
112.000	-30.291	0.043
113.000	-30.111	0.039
114.000	-29.931	0.041
115.000	-29.752	0.039
116.000	-29.572	0.048
117.000	-29.392	0.041
118.000	-29.212	0.042
119.000	-29.032	0.037
120.000	-28.852	0.038
121.000	-28.672	0.040
122.000	-28.492	0.032
123.000	-28.312	0.041
124.000	-28.132	0.034
125.000	-27.953	0.058
126.000	-27.773	0.036
127.000	-27.593	0.044
128.000	-27.413	0.055
129.000	-27.233	0.046
130.000	-27.053	0.076
131.000	-26.873	0.053
132.000	-26.693	0.041
133.000	-26.513	0.030
134.000	-26.333	0.040
135.000	-26.154	0.029
136.000	-25.974	0.045
137.000	-25.794	0.046
138.000	-25.614	0.031
139.000	-25.434	0.037
140.000	-25.254	0.045
141.000	-25.074	0.041
142.000	-24.894	0.034
143.000	-24.714	0.034
144.000	-24.534	0.026
145.000	-24.355	0.036
146.000	-24.175	0.034
147.000	-23.995	0.051
148.000	-23.815	0.042
149.000	-23.635	0.049
150.000	-23.455	0.038
151.000	-23.275	0.023
152.000	-23.095	0.024
153.000	-22.915	0.026
154.000	-22.735	0.026
155.000	-22.556	0.040
156.000	-22.376	0.030
157.000	-22.196	0.032
158.000	-22.016	0.042
159.000	-21.836	0.048
160.000	-21.656	0.052
161.000	-21.476	0.041
162.000	-21.296	0.045
163.000	-21.116	0.041
164.000	-20.936	0.041
165.000	-20.757	0.040
166.000	-20.577	0.034
167.000	-20.397	0.036
168.000	-20.217	0.029
169.000	-20.037	0.061
170.000	-19.857	0.062
171.000	-19.677	0.054
172.000	-19.497	0.047
173.000	-19.317	0.051
174.000	-19.137	0.041
175.000	-18.958	0.027
176.000	-18.778	0.034
177.000	-18.598	0.056
178.000	-18.418	0.049
179.000	-18.238	0.053
180.000	-18.058	0.060
181.000	-17.878	0.078
182.000	-17.698	0.056
183.000	-17.518	0.045
184.000	-17.338	0.046
185.000	-17.159	0.060
186.000	-16.979	0.065
187.000	-16.799	0.061
188.000	-16.619	0.051
189.000	-16.439	0.048
190.000	-16.259	0.074
191.000	-16.079	0.051
192.000	-15.899	0.042
193.000	-15.719	0.047
194.000	-15.539	0.065
195.000	-15.360	0.062
196.000	-15.180	0.080
197.000	-15.000	0.088
198.000	-14.820	0.097
199.000	-14.640	0.067
200.000	-14.460	0.070
201.000	-14.280	0.092
202.000	-14.100	0.095
203.000	-13.920	0.073
204.000	-13.740	0.068
205.000	-13.561	0.068
206.000	-13.381	0.071
207.000	-13.201	0.077
208.000	-13.021	0.079
209.000	-12.841	0.065
210.000	-12.661	0.069
211.000	-12.481	0.061
212.000	-12.301	0.071
213.000	-12.121	0.057
214.000	-11.941	0.064
215.000	-11.762	0.061
216.000	-11.582	0.070
217.000	-11.402	0.065
218.000	-11.222	0.061
219.000	-11.042	0.085
220.000	-10.862	0.071
221.000	-10.682	0.088
222.000	-10.502	0.087
223.000	-10.322	0.077
224.000	-10.142	0.059
225.000	-9.963	0.044
226.000	-9.783	0.057
227.000	-9.603	0.068
228.000	-9.423	0.050
229.000	-9.243	0.041
230.000	-9.063	0.050
231.000	-8.883	0.053
232.000	-8.703	0.052
233.000	-8.523	0.060
234.000	-8.343	0.040
235.000	-8.164	0.035
236.000	-7.984	0.045
237.000	-7.804	0.054
238.000	-7.624	0.064
239.000	-7.444	0.048
240.000	-7.264	0.039
241.000	-7.084	0.054
242.000	-6.904	0.041
243.000	-6.724	0.047
244.000	-6.544	0.046
245.000	-6.365	0.045
246.000	-6.185	0.051
247.000	-6.005	0.048
248.000	-5.825	0.044
249.000	-5.645	0.040
250.000	-5.465	0.034
251.000	-5.285	0.036
252.000	-5.105	0.036
253.000	-4.925	0.036
254.000	-4.745	0.033
255.000	-4.566	0.034
256.000	-4.386	0.033
257.000	-4.206	0.048
258.000	-4.026	0.045
259.000	-3.846	0.023
260.000	-3.666	0.018
261.000	-3.486	0.029
262.000	-3.306	0.019
263.000	-3.126	0.015
264.000	-2.946	0.019
265.000	-2.767	0.014
266.000	-2.587	0.017
267.000	-2.407	0.027
268.000	-2.227	0.010
269.000	-2.047	0.024
270.000	-1.867	0.012
271.000	-1.687	0.017
272.000	-1.507	0.012
273.000	-1.327	0.019
274.000	-1.147	0.010
275.000	-0.968	0.004
276.000	-0.788	0.008
277.000	-0.608	0.014
278.000	-0.428	0.012
279.000	-0.248	0.002
280.000	-0.068	0.003
281.000	0.112	-0.002
282.000	0.292	0.011
283.000	0.472	0.005
284.000	0.652	0.003
285.000	0.831	0.008
286.000	1.011	-0.001
287.000	1.191	-0.002
288.000	1.371	-0.004
289.000	1.551	-0.008
290.000	1.731	-0.005
291.000	1.911	0.000
292.000	2.091	-0.006
293.000	2.271	-0.002
294.000	2.451	-0.004
295.000	2.630	-0.009
296.000	2.810	-0.006
297.000	2.990	-0.011
298.000	3.170	-0.012
299.000	3.350	-0.009
300.000	3.530	-0.006
301.000	3.710	-0.004
302.000	3.890	-0.011
303.000	4.070	-0.012
304.000	4.250	-0.014
305.000	4.429	-0.001
306.000	4.609	-0.009
307.000	4.789	-0.006
308.000	4.969	-0.005
309.000	5.149	-0.001
310.000	5.329	-0.011
311.000	5.509	-0.013
312.000	5.689	-0.003
313.000	5.869	-0.008
314.000	6.049	-0.015
315.000	6.228	-0.010
316.000	6.408	-0.012
317.000	6.588	-0.014
318.000	6.768	-0.009
319.000	6.948	-0.007
320.000	7.128	-0.003
321.000	7.308	-0.008
322.000	7.488	-0.011
323.000	7.668	0.001
324.000	7.848	-0.005
325.000	8.027	-0.012
326.000	8.207	-0.005
327.000	8.387	0.001
328.000	8.567	-0.008
329.000	8.747	-0.007
330.000	8.927	-0.009
331.000	9.107	-0.011
332.000	9.287	-0.013
333.000	9.467	-0.008
334.000	9.647	-0.010
335.000	9.826	-0.002
336.000	10.006	-0.001
337.000	10.186	-0.006
338.000	10.366	-0.010
339.000	10.546	-0.011
340.000	10.726	-0.008
341.000	10.906	-0.006
342.000	11.086	-0.007
343.000	11.266	-0.005
344.000	11.446	-0.014
345.000	11.625	-0.012
346.000	11.805	-0.014
347.000	11.985	-0.013
348.000	12.165	-0.009
349.000	12.345	-0.003
350.000	12.525	-0.012
351.000	12.705	-0.012
352.000	12.885	-0.015
353.000	13.065	-0.019
354.000	13.245	-0.017
355.000	13.424	-0.015
356.000	13.604	-0.013
357.000	13.784	-0.020
358.000	13.964	-0.014
359.000	14.144	-0.016
360.000	14.324	-0.020
361.000	14.504	-0.021
362.000	14.684	-0.018
363.000	14.864	-0.022
364.000	15.044	-0.019
365.000	15.223	-0.024
366.000	15.403	-0.013
367.000	15.583	-0.017
368.000	15.763	-0.021
369.000	15.943	-0.013
370.000	16.123	-0.013
371.000	16.303	-0.020
372.000	16.483	-0.014
373.000	16.663	-0.014
374.000	16.843	-0.022
375.000	17.022	-0.021
376.000	17.202	-0.019
377.000	17.382	-0.026
378.000	17.562	-0.022
379.000	17.742	-0.019
380.000	17.922	-0.024
381.000	18.102	-0.017
382.000	18.282	-0.018
383.000	18.462	-0.017
384.000	18.642	-0.019
385.000	18.821	-0.027
386.000	19.001	-0.024
387.000	19.181	-0.020
388.000	19.361	-0.011
389.000	19.541	-0.018
390.000	19.721	-0.014
391.000	19.901	-0.013
392.000	20.081	-0.015
393.000	20.261	-0.018
394.000	20.441	-0.014
395.000	20.620	-0.015
396.000	20.800	-0.022
397.000	20.980	-0.015
398.000	21.160	-0.014
399.000	21.340	-0.006
400.000	21.520	-0.006
401.000	21.700	-0.011
402.000	21.880	-0.012
403.000	22.060	-0.011
404.000	22.240	-0.013
405.000	22.419	-0.006
406.000	22.599	-0.017
407.000	22.779	-0.021
408.000	22.959	-0.015
409.000	23.139	-0.007
410.000	23.319	-0.016
411.000	23.499	-0.015
412.000	23.679	-0.006
413.000	23.859	-0.015
414.000	24.039	-0.023
415.000	24.218	-0.019
416.000	24.398	-0.013
417.000	24.578	-0.016
418.000	24.758	-0.007
419.000	24.938	-0.011
420.000	25.118	-0.009
421.000	25.298	-0.015
422.000	25.478	-0.013
423.000	25.658	-0.010
424.000	25.838	-0.017
425.000	26.017	-0.020
426.000	26.197	-0.023
427.000	26.377	-0.016
428.000	26.557	-0.017
429.000	26.737	-0.017
430.000	26.917	-0.008
431.000	27.097	-0.019
432.000	27.277	-0.006
433.000	27.457	-0.009
434.000	27.637	-0.014
435.000	27.816	-0.007
436.000	27.996	-0.007
437.000	28.176	-0.015
438.000	28.356	-0.024
439.000	28.536	-0.014
440.000	28.716	-0.021
441.000	28.896	-0.027
442.000	29.076	-0.020
443.000	29.256	-0.007
444.000	29.436	-0.018
445.000	29.615	-0.017
446.000	29.795	-0.012
447.000	29.975	-0.012
448.000	30.155	-0.018
449.000	30.335	-0.019
450.000	30.515	-0.016
451.000	30.695	-0.013
452.000	30.875	-0.012
453.000	31.055	-0.020
454.000	31.235	-0.025
455.000	31.414	-0.027
456.000	31.594	-0.017
457.000	31.774	-0.023
458.000	31.954	-0.015
459.000	32.134	-0.019
460.000	32.314	-0.014
461.000	32.494	-0.022
462.000	32.674	-0.018
463.000	32.854	-0.014
464.000	33.034	-0.014
465.000	33.213	-0.021
466.000	33.393	-0.019
467.000	33.573	-0.026
468.000	33.753	-0.023
469.000	33.933	-0.018
470.000	34.113	-0.014
471.000	34.293	-0.020
472.000	34.473	-0.024
473.000	34.653	-0.030
474.000	34.833	-0.024
475.000	35.012	-0.024
476.000	35.192	-0.012
477.000	35.372	-0.020
478.000	35.552	-0.024
479.000	35.732	-0.023
480.000	35.912	-0.024
481.000	36.092	-0.024
482.000	36.272	-0.019
483.000	36.452	-0.023
484.000	36.632	-0.018
485.000	36.811	-0.015
486.000	36.991	-0.014
487.000	37.171	-0.018
488.000	37.351	-0.025
489.000	37.531	-0.017
490.000	37.711	-0.025
491.000	37.891	-0.019
492.000	38.071	-0.016
493.000	38.251	-0.020
494.000	38.431	-0.015
495.000	38.610	-0.015
496.000	38.790	-0.018
497.000	38.970	-0.014
498.000	39.150	-0.011
499.000	39.330	-0.012
500.000	39.510	-0.013
501.000	39.690	-0.018
502.000	39.870	-0.015
503.000	40.050	-0.009
504.000	40.230	-0.016
505.000	40.409	-0.010
506.000	40.589	-0.010
507.000	40.769	-0.011
508.000	40.949	-0.013
509.000	41.129	-0.011
510.000	41.309	-0.013
511.000	41.489	-0.011
512.000	41.669	-0.014
513.000	41.849	-0.013
514.000	42.029	-0.010
515.000	42.208	-0.012
516.000	42.388	-0.007
517.000	42.568	-0.009
518.000	42.748	-0.017
519.000	42.928	-0.015
520.000	43.108	-0.011
521.000	43.288	-0.010
522.000	43.468	-0.006
523.000	43.648	-0.011
524.000	43.828	-0.012
525.000	44.007	-0.015
526.000	44.187	-0.015
527.000	44.367	-0.015
528.000	44.547	-0.019
529.000	44.727	-0.012
530.000	44.907	-0.008
531.000	45.087	-0.014
532.000	45.267	-0.011
533.000	45.447	-0.016
534.000	45.627	-0.010
535.000	45.806	-0.010
536.000	45.986	-0.008
537.000	46.166	-0.006
538.000	46.346	-0.006
539.000	46.526	-0.005
540.000	46.706	-0.009
541.000	46.886	-0.005
542.000	47.066	-0.008
543.000	47.246	-0.014
544.000	47.426	-0.011
545.000	47.605	-0.007
546.000	47.785	-0.006
547.000	47.965	-0.003
548.000	48.145	-0.008
549.000	48.325	-0.008
550.000	48.505	-0.013
551.000	48.685	-0.005
552.000	48.865	-0.006
553.000	49.045	-0.010
554.000	49.225	-0.008
555.000	49.404	-0.010
556.000	49.584	-0.008
557.000	49.764	-0.007
558.000	49.944	-0.005
559.000	50.124	-0.010
560.000	50.304	-0.004
561.000	50.484	-0.004
562.000	50.664	-0.008
563.000	50.844	-0.008
564.000	51.024	-0.012
565.000	51.203	-0.010
566.000	51.383	-0.012
567.000	51.563	-0.009
568.000	51.743	-0.009
569.000	51.923	-0.012
570.000	52.103	0.007
571.000	52.283	0.000
572.000	52.463	-0.004
573.000	52.643	-0.007
574.000	52.823	-0.004
575.000	53.002	-0.006
576.000	53.182	-0.002
577.000	53.362	-0.001
578.000	53.542	-0.008
579.000	53.722	-0.005
580.000	53.902	-0.001
581.000	54.082	-0.001
582.000	54.262	-0.003
583.000	54.442	-0.001
584.000	54.622	0.001
585.000	54.801	0.001
586.000	54.981	-0.005
587.000	55.161	-0.005
588.000	55.341	0.001
589.000	55.521	-0.005
590.000	55.701	-0.013
591.000	55.881	-0.009
592.000	56.061	-0.006
593.000	56.241	-0.008
594.000	56.421	-0.003
595.000	56.600	-0.005
596.000	56.780	-0.004
597.000	56.960	-0.005
598.000	57.140	-0.004
599.000	57.320	0.002
600.000	57.500	0.006
601.000	57.680	-0.002
602.000	57.860	-0.009
603.000	58.040	-0.007
604.000	58.220	-0.004
605.000	58.399	-0.002
606.000	58.579	0.003
607.000	58.759	-0.003
608.000	58.939	0.002
609.000	59.119	-0.004
610.000	59.299	-0.004
611.000	59.479	-0.003
612.000	59.659	-0.002
613.000	59.839	-0.009
614.000	60.019	-0.002
615.000	60.198	-0.006
616.000	60.378	-0.001
617.000	60.558	-0.002
618.000	60.738	-0.003
619.000	60.918	0.002
620.000	61.098	-0.001
621.000	61.278	-0.001
622.000	61.458	-0.003
623.000	61.638	-0.001
624.000	61.818	-0.006
625.000	61.997	-0.001
626.000	62.177	-0.002
627.000	62.357	-0.001
628.000	62.537	-0.004
629.000	62.717	-0.006
630.000	62.897	-0.004
631.000	63.077	0.006
632.000	63.257	0.003
633.000	63.437	0.000
634.000	63.617	-0.009
635.000	63.796	-0.012
636.000	63.976	-0.011
637.000	64.156	-0.012
638.000	64.336	-0.004
639.000	64.516	0.003
640.000	64.696	-0.001
641.000	64.876	-0.002
642.000	65.056	-0.005
643.000	65.236	-0.003
644.000	65.416	-0.001
645.000	65.595	-0.006
646.000	65.775	-0.006
647.000	65.955	-0.003
648.000	66.135	-0.008
649.000	66.315	-0.004
650.000	66.495	0.012
651.000	66.675	0.013
652.000	66.855	0.005
653.000	67.035	0.006
654.000	67.215	0.002
655.000	67.394	0.003
656.000	67.574	0.000
657.000	67.754	-0.004
658.000	67.934	-0.002
659.000	68.114	-0.002
660.000	68.294	-0.001
661.000	68.474	-0.002
662.000	68.654	-0.011
663.000	68.834	-0.001
664.000	69.014	0.002
665.000	69.193	-0.003
666.000	69.373	0.008
667.000	69.553	0.006
668.000	69.733	-0.001
669.000	69.913	0.002
670.000	70.093	-0.001
671.000	70.273	-0.001
672.000	70.453	0.004
673.000	70.633	-0.002
674.000	70.813	0.000
675.000	70.992	-0.004
676.000	71.172	0.001
677.000	71.352	-0.008
678.000	71.532	-0.003
679.000	71.712	-0.010
680.000	71.892	-0.006
681.000	72.072	-0.012
682.000	72.252	-0.006
683.000	72.432	-0.002
684.000	72.612	-0.007
685.000	72.791	-0.009
686.000	72.971	-0.007
687.000	73.151	-0.009
688.000	73.331	-0.007
689.000	73.511	-0.005
690.000	73.691	-0.007
691.000	73.871	-0.009
692.000	74.051	-0.008
693.000	74.231	-0.012
694.000	74.411	-0.008
695.000	74.590	-0.010
696.000	74.770	-0.017
697.000	74.950	-0.011
698.000	75.130	-0.011
699.000	75.310	-0.016
700.000	75.490	-0.008
701.000	75.670	-0.019
702.000	75.850	-0.017
703.000	76.030	-0.016
704.000	76.210	-0.013
705.000	76.389	-0.011
706.000	76.569	-0.013
707.000	76.749	-0.014
708.000	76.929	-0.017
709.000	77.109	-0.018
710.000	77.289	-0.016
711.000	77.469	-0.015
712.000	77.649	-0.014
713.000	77.829	-0.015
714.000	78.009	-0.012
715.000	78.188	-0.021
716.000	78.368	-0.017
717.000	78.548	-0.016
718.000	78.728	-0.015
719.000	78.908	-0.010
720.000	79.088	-0.013
721.000	79.268	-0.003
722.000	79.448	-0.006
723.000	79.628	-0.008
724.000	79.808	-0.013
725.000	79.987	-0.020
726.000	80.167	-0.010
727.000	80.347	-0.013
728.000	80.527	-0.010
729.000	80.707	-0.013
730.000	80.887	-0.008
731.000	81.067	-0.014
732.000	81.247	-0.011
733.000	81.427	-0.015
734.000	81.607	-0.010
735.000	81.786	-0.014
736.000	81.966	-0.011
737.000	82.146	-0.014
738.000	82.326	-0.015
739.000	82.506	-0.006
740.000	82.686	-0.009
741.000	82.866	-0.008
742.000	83.046	-0.012
743.000	83.226	-0.013
744.000	83.406	-0.010
745.000	83.585	-0.006
746.000	83.765	-0.010
747.000	83.945	-0.010
748.000	84.125	-0.010
749.000	84.305	-0.015
750.000	84.485	-0.013
751.000	84.665	-0.003
752.000	84.845	-0.003
753.000	85.025	-0.013
754.000	85.205	-0.010
755.000	85.384	-0.007
756.000	85.564	-0.011
757.000	85.744	-0.016
758.000	85.924	-0.013
759.000	86.104	-0.009
760.000	86.284	-0.012
761.000	86.464	-0.007
762.000	86.644	-0.010
763.000	86.824	-0.008
764.000	87.004	-0.011
765.000	87.183	-0.009
766.000	87.363	-0.002
767.000	87.543	-0.014
768.000	87.723	-0.006
769.000	87.903	-0.008
770.000	88.083	-0.007
771.000	88.263	-0.008
772.000	88.443	-0.014
773.000	88.623	-0.012
774.000	88.803	-0.015
775.000	88.982	-0.011
776.000	89.162	-0.015
777.000	89.342	-0.011
778.000	89.522	-0.006
779.000	89.702	-0.010
780.000	89.882	-0.011
781.000	90.062	-0.012
782.000	90.242	-0.024
783.000	90.422	-0.014
784.000	90.602	-0.016
785.000	90.781	-0.012
786.000	90.961	-0.013
787.000	91.141	-0.013
788.000	91.321	-0.003
789.000	91.501	-0.009
790.000	91.681	-0.006
791.000	91.861	-0.011
792.000	92.041	-0.012
793.000	92.221	-0.010
794.000	92.401	-0.006
795.000	92.580	-0.008
796.000	92.760	0.001
797.000	92.940	-0.006
798.000	93.120	-0.007
799.000	93.300	-0.006
800.000	93.480	-0.014
0.000	-50.542	0.056
1.000	-50.363	0.055
2.000	-50.185	0.068
3.000	-50.006	0.053
4.000	-49.828	0.072
5.000	-49.650	0.086
6.000	-49.471	0.079
7.000	-49.293	0.070
8.000	-49.114	0.086
9.000	-48.936	0.100
10.000	-48.758	0.068
11.000	-48.579	0.059
12.000	-48.401	0.066
13.000	-48.222	0.080
14.000	-48.044	0.070
15.000	-47.866	0.074
16.000	-47.687	0.108
17.000	-47.509	0.075
18.000	-47.330	0.090
19.000	-47.152	0.079
20.000	-46.974	0.082
21.000	-46.795	0.088
22.000	-46.617	0.053
23.000	-46.438	0.073
24.000	-46.260	0.076
25.000	-46.082	0.085
26.000	-45.903	0.079
27.000	-45.725	0.066
28.000	-45.546	0.060
29.000	-45.368	0.067
30.000	-45.190	0.074
31.000	-45.011	0.064
32.000	-44.833	0.067
33.000	-44.654	0.052
34.000	-44.476	0.080
35.000	-44.298	0.074
36.000	-44.119	0.055
37.000	-43.941	0.058
38.000	-43.762	0.053
39.000	-43.584	0.043
40.000	-43.406	0.049
41.000	-43.227	0.043
42.000	-43.049	0.059
43.000	-42.870	0.045
44.000	-42.692	0.078
45.000	-42.514	0.061
46.000	-42.335	0.067
47.000	-42.157	0.063
48.000	-41.978	0.061
49.000	-41.800	0.082
50.000	-41.621	0.081
51.000	-41.443	0.063
52.000	-41.265	0.064
53.000	-41.086	0.070
54.000	-40.908	0.070
55.000	-40.729	0.070
56.000	-40.551	0.063
57.000	-40.373	0.045
58.000	-40.194	0.055
59.000	-40.016	0.046
60.000	-39.837	0.059
61.000	-39.659	0.050
62.000	-39.481	0.039
63.000	-39.302	0.036
64.000	-39.124	0.043
65.000	-38.945	0.045
66.000	-38.767	0.034
67.000	-38.589	0.044
68.000	-38.410	0.047
69.000	-38.232	0.049
70.000	-38.053	0.037
71.000	-37.875	0.037
72.000	-37.697	0.042
73.000	-37.518	0.052
74.000	-37.340	0.047
75.000	-37.161	0.034
76.000	-36.983	0.052
77.000	-36.805	0.049
78.000	-36.626	0.046
79.000	-36.448	0.044
80.000	-36.269	0.037
81.000	-36.091	0.055
82.000	-35.913	0.035
83.000	-35.734	0.036
84.000	-35.556	0.032
85.000	-35.377	0.027
86.000	-35.199	0.053
87.000	-35.021	0.046
88.000	-34.842	0.042
89.000	-34.664	0.047
90.000	-34.485	0.041
91.000	-34.307	0.052
92.000	-34.129	0.037
93.000	-33.950	0.039
94.000	-33.772	0.045
95.000	-33.593	0.037
96.000	-33.415	0.031
97.000	-33.237	0.038
98.000	-33.058	0.056
99.000	-32.880	0.045
100.000	-32.701	0.036
101.000	-32.523	0.033
102.000	-32.345	0.038
103.000	-32.166	0.036
104.000	-31.988	0.047
105.000	-31.809	0.032
106.000	-31.631	0.037
107.000	-31.453	0.047
108.000	-31.274	0.058
109.000	-31.096	0.038
110.000	-30.917	0.053
111.000	-30.739	0.049
112.000	-30.561	0.046
113.000	-30.382	0.042
114.000	-30.204	0.038
115.000	-30.025	0.033
116.000	-29.847	0.033
117.000	-29.669	0.023
118.000	-29.490	0.033
119.000	-29.312	0.040
120.000	-29.133	0.033
121.000	-28.955	0.048
122.000	-28.777	0.047
123.000	-28.598	0.029
124.000	-28.420	0.041
125.000	-28.241	0.037
126.000	-28.063	0.043
127.000	-27.885	0.048
128.000	-27.706	0.045
129.000	-27.528	0.047
130.000	-27.349	0.072
131.000	-27.171	0.055
132.000	-26.993	0.058
133.000	-26.814	0.046
134.000	-26.636	0.042
135.000	-26.457	0.048
136.000	-26.279	0.034
137.000	-26.101	0.025
138.000	-25.922	0.044
139.000	-25.744	0.040
140.000	-25.565	0.044
141.000	-25.387	0.044
142.000	-25.209	0.041
143.000	-25.030	0.045
144.000	-24.852	0.046
145.000	-24.673	0.048
146.000	-24.495	0.045
147.000	-24.317	0.033
148.000	-24.138	0.035
149.000	-23.960	0.026
150.000	-23.781	0.035
151.000	-23.603	0.042
152.000	-23.424	0.031
153.000	-23.246	0.059
154.000	-23.068	0.040
155.000	-22.889	0.060
156.000	-22.711	0.045
157.000	-22.532	0.057
158.000	-22.354	0.052
159.000	-22.176	0.058
160.000	-21.997	0.042
161.000	-21.819	0.039
162.000	-21.640	0.043
163.000	-21.462	0.054
164.000	-21.284	0.064
165.000	-21.105	0.046
166.000	-20.927	0.055
167.000	-20.748	0.071
168.000	-20.570	0.058
169.000	-20.392	0.052
170.000	-20.213	0.062
171.000	-20.035	0.060
172.000	-19.856	0.050
173.000	-19.678	0.045
174.000	-19.500	0.066
175.000	-19.321	0.059
176.000	-19.143	0.053
177.000	-18.964	0.059
178.000	-18.786	0.057
179.000	-18.608	0.070
180.000	-18.429	0.074
181.000	-18.251	0.062
182.000	-18.072	0.048
183.000	-17.894	0.062
184.000	-17.716	0.066
185.000	-17.537	0.062
186.000	-17.359	0.060
187.000	-17.180	0.053
188.000	-17.002	0.072
189.000	-16.824	0.070
190.000	-16.645	0.052
191.000	-16.467	0.077
192.000	-16.288	0.073
193.000	-16.110	0.058
194.000	-15.932	0.056
195.000	-15.753	0.077
196.000	-15.575	0.065
197.000	-15.396	0.059
198.000	-15.218	0.054
199.000	-15.040	0.059
200.000	-14.861	0.061
201.000	-14.683	0.082
202.000	-14.504	0.070
203.000	-14.326	0.075
204.000	-14.148	0.058
205.000	-13.969	0.047
206.000	-13.791	0.062
207.000	-13.612	0.067
208.000	-13.434	0.076
209.000	-13.256	0.063
210.000	-13.077	0.060
211.000	-12.899	0.068
212.000	-12.720	0.076
213.000	-12.542	0.078
214.000	-12.364	0.072
215.000	-12.185	0.069
216.000	-12.007	0.057
217.000	-11.828	0.076
218.000	-11.650	0.082
219.000	-11.472	0.073
220.000	-11.293	0.084
221.000	-11.115	0.082
222.000	-10.936	0.063
223.000	-10.758	0.065
224.000	-10.580	0.060
225.000	-10.401	0.057
226.000	-10.223	0.069
227.000	-10.044	0.071
228.000	-9.866	0.075
229.000	-9.688	0.058
230.000	-9.509	0.079
231.000	-9.331	0.071
232.000	-9.152	0.050
233.000	-8.974	0.072
234.000	-8.796	0.068
235.000	-8.617	0.060
236.000	-8.439	0.042
237.000	-8.260	0.039
238.000	-8.082	0.078
239.000	-7.904	0.082
240.000	-7.725	0.049
241.000	-7.547	0.060
242.000	-7.368	0.048
243.000	-7.190	0.043
244.000	-7.012	0.051
245.000	-6.833	0.047
246.000	-6.655	0.056
247.000	-6.476	0.029
248.000	-6.298	0.026
249.000	-6.120	0.032
250.000	-5.941	0.038
251.000	-5.763	0.051
252.000	-5.584	0.034
253.000	-5.406	0.055
254.000	-5.227	0.040
255.000	-5.049	0.050
256.000	-4.871	0.033
257.000	-4.692	0.034
258.000	-4.514	0.034
259.000	-4.335	0.049
260.000	-4.157	0.036
261.000	-3.979	0.030
262.000	-3.800	0.033
263.000	-3.622	0.023
264.000	-3.443	0.018
265.000	-3.265	0.038
266.000	-3.087	0.024
267.000	-2.908	0.024
268.000	-2.730	0.037
269.000	-2.551	0.037
270.000	-2.373	0.044
271.000	-2.195	0.026
272.000	-2.016	0.014
273.000	-1.838	0.031
274.000	-1.659	0.017
275.000	-1.481	0.011
276.000	-1.303	0.021
277.000	-1.124	0.020
278.000	-0.946	0.013
279.000	-0.767	0.016
280.000	-0.589	0.022
281.000	-0.411	0.018
282.000	-0.232	0.011
283.000	-0.054	0.018
284.000	0.125	0.009
285.000	0.303	0.020
286.000	0.481	0.014
287.000	0.660	0.009
288.000	0.838	0.004
289.000	1.017	0.008
290.000	1.195	0.011
291.000	1.373	0.011
292.000	1.552	0.016
293.000	1.730	0.016
294.000	1.909	0.012
295.000	2.087	0.011
296.000	2.265	0.008
297.000	2.444	0.005
298.000	2.622	0.005
299.000	2.801	0.006
300.000	2.979	0.009
301.000	3.157	0.013
302.000	3.336	0.007
303.000	3.514	0.006
304.000	3.693	0.008
305.000	3.871	0.011
306.000	4.049	0.016
307.000	4.228	0.015
308.000	4.406	0.012
309.000	4.585	0.004
310.000	4.763	0.007
311.000	4.941	0.010
312.000	5.120	0.005
313.000	5.298	0.002
314.000	5.477	0.003
315.000	5.655	0.004
316.000	5.833	0.007
317.000	6.012	0.006
318.000	6.190	0.017
319.000	6.369	0.005
320.000	6.547	0.013
321.000	6.725	0.009
322.000	6.904	0.001
323.000	7.082	0.009
324.000	7.261	0.007
325.000	7.439	0.002
326.000	7.617	-0.002
327.000	7.796	0.003
328.000	7.974	0.008
329.000	8.153	0.011
330.000	8.331	0.006
331.000	8.509	0.006
332.000	8.688	0.006
333.000	8.866	-0.001
334.000	9.045	0.004
335.000	9.223	0.002
336.000	9.401	0.004
337.000	9.580	-0.005
338.000	9.758	-0.002
339.000	9.937	-0.002
340.000	10.115	0.009
341.000	10.293	-0.000
342.000	10.472	-0.005
343.000	10.650	0.007
344.000	10.829	0.008
345.000	11.007	-0.000
346.000	11.185	-0.001
347.000	11.364	0.004
348.000	11.542	-0.000
349.000	11.721	-0.004
350.000	11.899	0.003
351.000	12.078	-0.001
352.000	12.256	-0.001
353.000	12.434	-0.003
354.000	12.613	0.002
355.000	12.791	0.003
356.000	12.970	0.001
357.000	13.148	-0.005
358.000	13.326	0.005
359.000	13.505	-0.006
360.000	13.683	-0.001
361.000	13.862	0.002
362.000	14.040	0.005
363.000	14.218	0.001
364.000	14.397	0.003
365.000	14.575	0.004
366.000	14.754	0.004
367.000	14.932	0.001
368.000	15.110	0.002
369.000	15.289	0.000
370.000	15.467	-0.004
371.000	15.646	0.009
372.000	15.824	0.003
373.000	16.002	0.001
374.000	16.181	0.002
375.000	16.359	0.001
376.000	16.538	-0.001
377.000	16.716	0.001
378.000	16.894	0.004
379.000	17.073	0.001
380.000	17.251	-0.001
381.000	17.430	-0.001
382.000	17.608	0.001
383.000	17.786	0.005
384.000	17.965	0.001
385.000	18.143	0.000
386.000	18.322	0.001
387.000	18.500	0.008
388.000	18.678	0.004
389.000	18.857	0.002
390.000	19.035	0.007
391.000	19.214	0.005
392.000	19.392	-0.002
393.000	19.570	-0.001
394.000	19.749	-0.000
395.000	19.927	0.004
396.000	20.106	0.004
397.000	20.284	0.004
398.000	20.462	0.004
399.000	20.641	0.005
400.000	20.819	0.008
401.000	20.998	0.011
402.000	21.176	0.002
403.000	21.354	-0.001
404.000	21.533	0.005
405.000	21.711	0.007
406.000	21.890	0.002
407.000	22.068	0.013
408.000	22.246	0.007
409.000	22.425	0.003
410.000	22.603	0.004
411.000	22.782	-0.001
412.000	22.960	0.013
413.000	23.138	0.004
414.000	23.317	0.005
415.000	23.495	0.015
416.000	23.674	0.000
417.000	23.852	-0.001
418.000	24.030	0.011
419.000	24.209	0.006
420.000	24.387	0.007
421.000	24.566	0.009
422.000	24.744	0.009
423.000	24.922	0.007
424.000	25.101	0.012
425.000	25.279	0.005
426.000	25.458	0.002
427.000	25.636	0.005
428.000	25.814	0.006
429.000	25.993	0.009
430.000	26.171	0.019
431.000	26.350	0.014
432.000	26.528	0.007
433.000	26.706	0.008
434.000	26.885	0.003
435.000	27.063	0.012
436.000	27.242	0.006
437.000	27.420	0.015
438.000	27.598	0.010
439.000	27.777	0.007
440.000	27.955	0.010
441.000	28.134	0.010
442.000	28.312	0.000
443.000	28.490	0.009
444.000	28.669	0.007
445.000	28.847	0.007
446.000	29.026	0.003
447.000	29.204	-0.000
448.000	29.382	0.001
449.000	29.561	0.009
450.000	29.739	0.007
451.000	29.918	0.009
452.000	30.096	-0.003
453.000	30.275	-0.005
454.000	30.453	-0.000
455.000	30.631	-0.009
456.000	30.810	-0.005
457.000	30.988	-0.001
458.000	31.167	-0.005
459.000	31.345	0.003
460.000	31.523	-0.002
461.000	31.702	-0.002
462.000	31.880	-0.009
463.000	32.059	-0.010
464.000	32.237	-0.000
465.000	32.415	-0.005
466.000	32.594	-0.009
467.000	32.772	-0.016
468.000	32.951	-0.015
469.000	33.129	-0.001
470.000	33.307	-0.010
471.000	33.486	-0.006
472.000	33.664	-0.011
473.000	33.843	-0.006
474.000	34.021	-0.015
475.000	34.199	-0.015
476.000	34.378	-0.010
477.000	34.556	-0.014
478.000	34.735	-0.017
479.000	34.913	-0.011
480.000	35.091	-0.004
481.000	35.270	-0.005
482.000	35.448	-0.003
483.000	35.627	-0.000
484.000	35.805	-0.005
485.000	35.983	-0.002
486.000	36.162	-0.010
487.000	36.340	-0.007
488.000	36.519	-0.012
489.000	36.697	-0.014
490.000	36.875	-0.013
491.000	37.054	-0.005
492.000	37.232	-0.008
493.000	37.411	-0.007
494.000	37.589	-0.014
495.000	37.767	-0.009
496.000	37.946	-0.011
497.000	38.124	-0.009
498.000	38.303	-0.006
499.000	38.481	-0.009
500.000	38.659	-0.017
501.000	38.838	-0.009
502.000	39.016	-0.010
503.000	39.195	-0.007
504.000	39.373	-0.008
505.000	39.551	-0.006
506.000	39.730	-0.008
507.000	39.908	-0.013
508.000	40.087	-0.015
509.000	40.265	-0.018
510.000	40.443	-0.007
511.000	40.622	-0.013
512.000	40.800	-0.013
513.000	40.979	-0.011
514.000	41.157	-0.005
515.000	41.335	-0.011
516.000	41.514	-0.013
517.000	41.692	-0.012
518.000	41.871	-0.013
519.000	42.049	-0.007
520.000	42.227	-0.013
521.000	42.406	-0.007
522.000	42.584	-0.007
523.000	42.763	-0.009
524.000	42.941	-0.011
525.000	43.119	-0.011
526.000	43.298	-0.008
527.000	43.476	-0.011
528.000	43.655	-0.010
529.000	43.833	-0.010
530.000	44.011	-0.011
531.000	44.190	-0.009
532.000	44.368	-0.017
533.000	44.547	-0.006
534.000	44.725	-0.009
535.000	44.903	-0.014
536.000	45.082	-0.012
537.000	45.260	-0.012
538.000	45.439	-0.008
539.000	45.617	-0.012
540.000	45.795	-0.011
541.000	45.974	-0.011
542.000	46.152	-0.013
543.000	46.331	-0.012
544.000	46.509	-0.006
545.000	46.687	-0.005
546.000	46.866	-0.004
547.000	47.044	-0.002
548.000	47.223	-0.012
549.000	47.401	-0.011
550.000	47.580	-0.012
551.000	47.758	-0.021
552.000	47.936	-0.015
553.000	48.115	-0.016
554.000	48.293	-0.015
555.000	48.472	-0.018
556.000	48.650	-0.020
557.000	48.828	-0.017
558.000	49.007	-0.018
559.000	49.185	-0.016
560.000	49.364	-0.017
561.000	49.542	-0.015
562.000	49.720	-0.009
563.000	49.899	-0.011
564.000	50.077	-0.015
565.000	50.256	-0.008
566.000	50.434	-0.010
567.000	50.612	-0.016
568.000	50.791	-0.020
569.000	50.969	-0.010
570.000	51.148	-0.014
571.000	51.326	-0.001
572.000	51.504	-0.000
573.000	51.683	-0.005
574.000	51.861	-0.002
575.000	52.040	-0.007
576.000	52.218	-0.006
577.000	52.396	-0.011
578.000	52.575	-0.010
579.000	52.753	-0.009
580.000	52.932	-0.004
581.000	53.110	-0.008
582.000	53.288	-0.002
583.000	53.467	-0.001
584.000	53.645	-0.008
585.000	53.824	-0.009
586.000	54.002	0.002
587.000	54.180	-0.006
588.000	54.359	-0.006
589.000	54.537	-0.000
590.000	54.716	-0.006
591.000	54.894	-0.009
592.000	55.072	0.001
593.000	55.251	0.004
594.000	55.429	0.001
595.000	55.608	-0.003
596.000	55.786	0.002
597.000	55.964	0.004
598.000	56.143	-0.002
599.000	56.321	0.005
600.000	56.500	-0.001
601.000	56.678	0.009
602.000	56.856	0.007
603.000	57.035	0.009
604.000	57.213	0.009
605.000	57.392	0.015
606.000	57.570	0.013
607.000	57.748	0.014
608.000	57.927	0.016
609.000	58.105	0.007
610.000	58.284	0.011
611.000	58.462	0.007
612.000	58.640	0.002
613.000	58.819	-0.001
614.000	58.997	0.011
615.000	59.176	0.009
616.000	59.354	0.011
617.000	59.532	0.007
618.000	59.711	0.011
619.000	59.889	0.006
620.000	60.068	0.002
621.000	60.246	0.005
622.000	60.424	0.009
623.000	60.603	0.002
624.000	60.781	0.004
625.000	60.960	0.012
626.000	61.138	0.008
627.000	61.316	0.009
628.000	61.495	0.003
629.000	61.673	0.005
630.000	61.852	0.005
631.000	62.030	0.004
632.000	62.208	-0.001
633.000	62.387	-0.002
634.000	62.565	-0.000
635.000	62.744	0.004
636.000	62.922	-0.001
637.000	63.100	-0.000
638.000	63.279	0.005
639.000	63.457	0.003
640.000	63.636	-0.007
641.000	63.814	0.008
642.000	63.992	0.001
643.000	64.171	0.004
644.000	64.349	0.005
645.000	64.528	0.000
646.000	64.706	-0.001
647.000	64.884	-0.002
648.000	65.063	-0.001
649.000	65.241	-0.003
650.000	65.420	0.003
651.000	65.598	0.006
652.000	65.777	0.004
653.000	65.955	0.010
654.000	66.133	0.007
655.000	66.312	0.001
656.000	66.490	0.007
657.000	66.669	0.004
658.000	66.847	0.001
659.000	67.025	-0.001
660.000	67.204	0.003
661.000	67.382	0.001
662.000	67.561	-0.002
663.000	67.739	0.005
664.000	67.917	0.003
665.000	68.096	-0.004
666.000	68.274	-0.000
667.000	68.453	0.004
668.000	68.631	0.003
669.000	68.809	-0.007
670.000	68.988	-0.000
671.000	69.166	-0.002
672.000	69.345	0.003
673.000	69.523	0.006
674.000	69.701	-0.003
675.000	69.880	0.003
676.000	70.058	0.005
677.000	70.237	0.003
678.000	70.415	0.003
679.000	70.593	0.005
680.000	70.772	0.007
681.000	70.950	0.008
682.000	71.129	-0.006
683.000	71.307	0.003
684.000	71.485	-0.001
685.000	71.664	0.002
686.000	71.842	-0.000
687.000	72.021	0.008
688.000	72.199	0.000
689.000	72.377	0.004
690.000	72.556	0.002
691.000	72.734	-0.001
692.000	72.913	0.008
693.000	73.091	-0.004
694.000	73.269	-0.001
695.000	73.448	0.001
696.000	73.626	0.001
697.000	73.805	0.003
698.000	73.983	0.002
699.000	74.161	0.000
700.000	74.340	0.003
701.000	74.518	0.003
702.000	74.697	0.003
703.000	74.875	-0.001
704.000	75.053	0.002
705.000	75.232	-0.001
706.000	75.410	-0.004
707.000	75.589	-0.002
708.000	75.767	-0.003
709.000	75.945	-0.003
710.000	76.124	-0.005
711.000	76.302	-0.006
712.000	76.481	-0.006
713.000	76.659	-0.005
714.000	76.837	-0.003
715.000	77.016	-0.002
716.000	77.194	-0.000
717.000	77.373	-0.005
718.000	77.551	-0.005
719.000	77.729	-0.002
720.000	77.908	-0.005
721.000	78.086	-0.007
722.000	78.265	-0.006
723.000	78.443	-0.009
724.000	78.621	-0.006
725.000	78.800	-0.006
726.000	78.978	-0.003
727.000	79.157	-0.006
728.000	79.335	0.002
729.000	79.513	-0.000
730.000	79.692	-0.006
731.000	79.870	0.001
732.000	80.049	-0.001
733.000	80.227	-0.001
734.000	80.405	-0.006
735.000	80.584	0.002
736.000	80.762	0.004
737.000	80.941	0.002
738.000	81.119	-0.002
739.000	81.297	0.000
740.000	81.476	-0.003
741.000	81.654	0.001
742.000	81.833	-0.001
743.000	82.011	-0.009
744.000	82.189	-0.004
745.000	82.368	-0.009
746.000	82.546	-0.008
747.000	82.725	-0.011
748.000	82.903	-0.012
749.000	83.081	-0.004
750.000	83.260	-0.005
751.000	83.438	-0.011
752.000	83.617	-0.006
753.000	83.795	-0.007
754.000	83.974	-0.002
755.000	84.152	-0.005
756.000	84.330	-0.008
757.000	84.509	-0.008
758.000	84.687	-0.005
759.000	84.866	-0.006
760.000	85.044	-0.007
761.000	85.222	-0.008
762.000	85.401	-0.010
763.000	85.579	-0.007
764.000	85.758	-0.006
765.000	85.936	-0.008
766.000	86.114	-0.010
767.000	86.293	-0.016
768.000	86.471	-0.017
769.000	86.650	-0.020
770.000	86.828	-0.014
771.000	87.006	-0.014
772.000	87.185	-0.017
773.000	87.363	-0.015
774.000	87.542	-0.019
775.000	87.720	-0.027
776.000	87.898	-0.018
777.000	88.077	-0.019
778.000	88.255	-0.013
779.000	88.434	-0.011
780.000	88.612	-0.021
781.000	88.790	-0.010
782.000	88.969	-0.010
783.000	89.147	-0.013
784.000	89.326	-0.009
785.000	89.504	-0.005
786.000	89.682	-0.008
787.000	89.861	-0.006
788.000	90.039	-0.010
789.000	90.218	-0.014
790.000	90.396	-0.011
791.000	90.574	-0.012
792.000	90.753	-0.009
793.000	90.931	-0.008
794.000	91.110	-0.011
795.000	91.288	-0.003
796.000	91.466	-0.007
797.000	91.645	-0.002
798.000	91.823	-0.009
799.000	92.002	-0.016
800.000	92.180	-0.014
0.000	-50.342	0.062
1.000	-50.163	0.038
2.000	-49.985	0.054
3.000	-49.806	0.049
4.000	-49.628	0.038
5.000	-49.450	0.046
6.000	-49.271	0.061
7.000	-49.093	0.057
8.000	-48.914	0.036
9.000	-48.736	0.044
10.000	-48.558	0.053
11.000	-48.379	0.056
12.000	-48.201	0.031
13.000	-48.022	0.034
14.000	-47.844	0.038
15.000	-47.666	0.049
16.000	-47.487	0.045
17.000	-47.309	0.047
18.000	-47.130	0.031
19.000	-46.952	0.041
20.000	-46.774	0.025
21.000	-46.595	0.034
22.000	-46.417	0.048
23.000	-46.238	0.056
24.000	-46.060	0.037
25.000	-45.882	0.047
26.000	-45.703	0.063
27.000	-45.525	0.048
28.000	-45.346	0.064
29.000	-45.168	0.057
30.000	-44.990	0.041
31.000	-44.811	0.062
32.000	-44.633	0.058
33.000	-44.454	0.046
34.000	-44.276	0.047
35.000	-44.098	0.030
36.000	-43.919	0.055
37.000	-43.741	0.045
38.000	-43.562	0.063
39.000	-43.384	0.056
40.000	-43.206	0.051
41.000	-43.027	0.041
42.000	-42.849	0.039
43.000	-42.670	0.044
44.000	-42.492	0.036
45.000	-42.314	0.034
46.000	-42.135	0.037
47.000	-41.957	0.042
48.000	-41.778	0.034
49.000	-41.600	0.041
50.000	-41.421	0.031
51.000	-41.243	0.038
52.000	-41.065	0.052
53.000	-40.886	0.050
54.000	-40.708	0.029
55.000	-40.529	0.028
56.000	-40.351	0.018
57.000	-40.173	0.033
58.000	-39.994	0.046
59.000	-39.816	0.026
60.000	-39.637	0.028
61.000	-39.459	0.029
62.000	-39.281	0.036
63.000	-39.102	0.036
64.000	-38.924	0.038
65.000	-38.745	0.040
66.000	-38.567	0.036
67.000	-38.389	0.061
68.000	-38.210	0.027
69.000	-38.032	0.044
70.000	-37.853	0.023
71.000	-37.675	0.015
72.000	-37.497	0.017
73.000	-37.318	0.014
74.000	-37.140	0.004
75.000	-36.961	0.006
76.000	-36.783	0.017
77.000	-36.605	0.014
78.000	-36.426	0.010
79.000	-36.248	0.005
80.000	-36.069	0.024
81.000	-35.891	0.008
82.000	-35.713	0.029
83.000	-35.534	0.019
84.000	-35.356	0.001
85.000	-35.177	0.013
86.000	-34.999	0.014
87.000	-34.821	0.011
88.000	-34.642	-0.007
89.000	-34.464	0.003
90.000	-34.285	0.013
91.000	-34.107	0.011
92.000	-33.929	0.003
93.000	-33.750	0.015
94.000	-33.572	0.004
95.000	-33.393	0.013
96.000	-33.215	0.010
97.000	-33.037	0.000
98.000	-32.858	0.023
99.000	-32.680	0.018
100.000	-32.501	0.008
101.000	-32.323	0.002
102.000	-32.145	-0.003
103.000	-31.966	0.010
104.000	-31.788	-0.004
105.000	-31.609	0.007
106.000	-31.431	0.005
107.000	-31.253	0.005
108.000	-31.074	0.006
109.000	-30.896	0.003
110.000	-30.717	-0.009
111.000	-30.539	-0.010
112.000	-30.361	-0.003
113.000	-30.182	-0.004
114.000	-30.004	-0.009
115.000	-29.825	-0.025
116.000	-29.647	-0.008
117.000	-29.469	-0.002
118.000	-29.290	0.012
119.000	-29.112	0.014
120.000	-28.933	0.003
121.000	-28.755	0.010
122.000	-28.577	-0.003
123.000	-28.398	0.006
124.000	-28.220	0.014
125.000	-28.041	0.000
126.000	-27.863	-0.006
127.000	-27.685	0.000
128.000	-27.506	-0.006
129.000	-27.328	-0.003
130.000	-27.149	0.002
131.000	-26.971	0.005
132.000	-26.793	0.021
133.000	-26.614	0.018
134.000	-26.436	0.006
135.000	-26.257	0.010
136.000	-26.079	0.005
137.000	-25.901	0.023
138.000	-25.722	0.004
139.000	-25.544	0.016
140.000	-25.365	0.016
141.000	-25.187	0.016
142.000	-25.009	0.022
143.000	-24.830	0.014
144.000	-24.652	0.024
145.000	-24.473	0.016
146.000	-24.295	0.036
147.000	-24.117	0.031
148.000	-23.938	0.014
149.000	-23.760	0.003
150.000	-23.581	0.036
151.000	-23.403	0.019
152.000	-23.224	0.008
153.000	-23.046	0.020
154.000	-22.868	0.010
155.000	-22.689	0.029
156.000	-22.511	0.025
157.000	-22.332	0.021
158.000	-22.154	0.024
159.000	-21.976	0.036
160.000	-21.797	0.030
161.000	-21.619	0.009
162.000	-21.440	0.019
163.000	-21.262	0.021
164.000	-21.084	0.024
165.000	-20.905	0.033
166.000	-20.727	0.045
167.000	-20.548	0.035
168.000	-20.370	0.017
169.000	-20.192	0.035
170.000	-20.013	0.025
171.000	-19.835	0.017
172.000	-19.656	0.036
173.000	-19.478	0.024
174.000	-19.300	0.017
175.000	-19.121	0.031
176.000	-18.943	0.041
177.000	-18.764	0.028
178.000	-18.586	0.055
179.000	-18.408	0.022
180.000	-18.229	0.022
181.000	-18.051	0.027
182.000	-17.872	0.029
183.000	-17.694	0.034
184.000	-17.516	0.030
185.000	-17.337	0.027
186.000	-17.159	0.032
187.000	-16.980	0.019
188.000	-16.802	0.020
189.000	-16.624	0.023
190.000	-16.445	0.020
191.000	-16.267	0.019
192.000	-16.088	0.024
193.000	-15.910	0.038
194.000	-15.732	0.034
195.000	-15.553	0.025
196.000	-15.375	0.050
197.000	-15.196	0.036
198.000	-15.018	0.032
199.000	-14.840	0.035
200.000	-14.661	0.041
201.000	-14.483	0.038
202.000	-14.304	0.025
203.000	-14.126	0.018
204.000	-13.948	0.020
205.000	-13.769	0.029
206.000	-13.591	0.042
207.000	-13.412	0.056
208.000	-13.234	0.027
209.000	-13.056	0.021
210.000	-12.877	0.017
211.000	-12.699	0.044
212.000	-12.520	0.056
213.000	-12.342	0.043
214.000	-12.164	0.057
215.000	-11.985	0.035
216.000	-11.807	0.036
217.000	-11.628	0.044
218.000	-11.450	0.041
219.000	-11.272	0.033
220.000	-11.093	0.031
221.000	-10.915	0.045
222.000	-10.736	0.037
223.000	-10.558	0.028
224.000	-10.380	0.025
225.000	-10.201	0.042
226.000	-10.023	0.044
227.000	-9.844	0.028
228.000	-9.666	0.020
229.000	-9.488	0.036
230.000	-9.309	0.037
231.000	-9.131	0.033
232.000	-8.952	0.024
233.000	-8.774	0.028
234.000	-8.596	0.051
235.000	-8.417	0.047
236.000	-8.239	0.034
237.000	-8.060	0.029
238.000	-7.882	0.040
239.000	-7.704	0.036
240.000	-7.525	0.045
241.000	-7.347	0.021
242.000	-7.168	0.038
243.000	-6.990	0.037
244.000	-6.812	0.013
245.000	-6.633	0.017
246.000	-6.455	0.016
247.000	-6.276	0.025
248.000	-6.098	0.022
249.000	-5.920	0.039
250.000	-5.741	0.037
251.000	-5.563	0.032
252.000	-5.384	0.022
253.000	-5.206	0.023
254.000	-5.027	0.032
255.000	-4.849	0.028
256.000	-4.671	0.020
257.000	-4.492	0.011
258.000	-4.314	0.020
259.000	-4.135	0.010
260.000	-3.957	0.023
261.000	-3.779	0.018
262.000	-3.600	0.019
263.000	-3.422	0.020
264.000	-3.243	0.009
265.000	-3.065	0.015
266.000	-2.887	0.008
267.000	-2.708	0.008
268.000	-2.530	0.002
269.000	-2.351	0.007
270.000	-2.173	0.021
271.000	-1.995	0.005
272.000	-1.816	-0.005
273.000	-1.638	0.010
274.000	-1.459	-0.008
275.000	-1.281	-0.004
276.000	-1.103	-0.008
277.000	-0.924	0.023
278.000	-0.746	0.013
279.000	-0.567	0.002
280.000	-0.389	-0.005
281.000	-0.211	-0.003
282.000	-0.032	-0.017
283.000	0.146	-0.011
284.000	0.325	-0.006
285.000	0.503	-0.020
286.000	0.681	-0.015
287.000	0.860	-0.003
288.000	1.038	-0.014
289.000	1.217	-0.025
290.000	1.395	-0.027
291.000	1.573	-0.020
292.000	1.752	-0.020
293.000	1.930	-0.015
294.000	2.109	-0.009
295.000	2.287	-0.024
296.000	2.465	-0.028
297.000	2.644	-0.028
298.000	2.822	-0.023
299.000	3.001	-0.022
300.000	3.179	-0.023
301.000	3.357	-0.029
302.000	3.536	-0.026
303.000	3.714	-0.025
304.000	3.893	-0.016
305.000	4.071	-0.034
306.000	4.249	-0.031
307.000	4.428	-0.033
308.000	4.606	-0.026
309.000	4.785	-0.031
310.000	4.963	-0.036
311.000	5.141	-0.036
312.000	5.320	-0.039
313.000	5.498	-0.036
314.000	5.677	-0.026
315.000	5.855	-0.043
316.000	6.033	-0.038
317.000	6.212	-0.036
318.000	6.390	-0.028
319.000	6.569	-0.032
320.000	6.747	-0.039
321.000	6.925	-0.031
322.000	7.104	-0.034
323.000	7.282	-0.042
324.000	7.461	-0.041
325.000	7.639	-0.039
326.000	7.817	-0.034
327.000	7.996	-0.035
328.000	8.174	-0.030
329.000	8.353	-0.034
330.000	8.531	-0.033
331.000	8.709	-0.034
332.000	8.888	-0.034
333.000	9.066	-0.031
334.000	9.245	-0.030
335.000	9.423	-0.032
336.000	9.601	-0.039
337.000	9.780	-0.040
338.000	9.958	-0.035
339.000	10.137	-0.036
340.000	10.315	-0.035
341.000	10.493	-0.038
342.000	10.672	-0.033
343.000	10.850	-0.025
344.000	11.029	-0.037
345.000	11.207	-0.031
346.000	11.385	-0.034
347.000	11.564	-0.031
348.000	11.742	-0.029
349.000	11.921	-0.024
350.000	12.099	-0.031
351.000	12.278	-0.035
352.000	12.456	-0.033
353.000	12.634	-0.027
354.000	12.813	-0.028
355.000	12.991	-0.024
356.000	13.170	-0.029
357.000	13.348	-0.024
358.000	13.526	-0.029
359.000	13.705	-0.023
360.000	13.883	-0.029
361.000	14.062	-0.031
362.000	14.240	-0.027
363.000	14.418	-0.035
364.000	14.597	-0.019
365.000	14.775	-0.022
366.000	14.954	-0.028
367.000	15.132	-0.034
368.000	15.310	-0.035
369.000	15.489	-0.033
370.000	15.667	-0.028
371.000	15.846	-0.024
372.000	16.024	-0.027
373.000	16.202	-0.033
374.000	16.381	-0.030
375.000	16.559	-0.030
376.000	16.738	-0.025
377.000	16.916	-0.030
378.000	17.094	-0.029
379.000	17.273	-0.028
380.000	17.451	-0.030
381.000	17.630	-0.028
382.000	17.808	-0.027
383.000	17.986	-0.029
384.000	18.165	-0.033
385.000	18.343	-0.035
386.000	18.522	-0.022
387.000	18.700	-0.026
388.000	18.878	-0.017
389.000	19.057	-0.016
390.000	19.235	-0.023
391.000	19.414	-0.027
392.000	19.592	-0.020
393.000	19.770	-0.024
394.000	19.949	-0.025
395.000	20.127	-0.024
396.000	20.306	-0.030
397.000	20.484	-0.020
398.000	20.662	-0.029
399.000	20.841	-0.026
400.000	21.019	-0.026
401.000	21.198	-0.029
402.000	21.376	-0.016
403.000	21.554	-0.021
404.000	21.733	-0.023
405.000	21.911	-0.034
406.000	22.090	-0.028
407.000	22.268	-0.033
408.000	22.446	-0.030
409.000	22.625	-0.029
410.000	22.803	-0.028
411.000	22.982	-0.029
412.000	23.160	-0.031
413.000	23.338	-0.038
414.000	23.517	-0.034
415.000	23.695	-0.030
416.000	23.874	-0.028
417.000	24.052	-0.024
418.000	24.230	-0.028
419.000	24.409	-0.028
420.000	24.587	-0.019
421.000	24.766	-0.025
422.000	24.944	-0.025
423.000	25.122	-0.029
424.000	25.301	-0.022
425.000	25.479	-0.020
426.000	25.658	-0.031
427.000	25.836	-0.028
428.000	26.014	-0.022
429.000	26.193	-0.024
430.000	26.371	-0.025
431.000	26.550	-0.032
432.000	26.728	-0.028
433.000	26.906	-0.019
434.000	27.085	-0.013
435.000	27.263	-0.014
436.000	27.442	-0.016
437.000	27.620	-0.025
438.000	27.798	-0.029
439.000	27.977	-0.025
440.000	28.155	-0.019
441.000	28.334	-0.022
442.000	28.512	-0.026
443.000	28.690	-0.014
444.000	28.869	-0.019
445.000	29.047	-0.027
446.000	29.226	-0.024
447.000	29.404	-0.027
448.000	29.582	-0.023
449.000	29.761	-0.018
450.000	29.939	-0.016
451.000	30.118	-0.013
452.000	30.296	-0.020
453.000	30.475	-0.027
454.000	30.653	-0.023
455.000	30.831	-0.019
456.000	31.010	-0.021
457.000	31.188	-0.016
458.000	31.367	-0.017
459.000	31.545	-0.021
460.000	31.723	-0.027
461.000	31.902	-0.023
462.000	32.080	-0.016
463.000	32.259	-0.022
464.000	32.437	-0.010
465.000	32.615	-0.021
466.000	32.794	-0.019
467.000	32.972	-0.016
468.000	33.151	-0.021
469.000	33.329	-0.026
470.000	33.507	-0.014
471.000	33.686	-0.027
472.000	33.864	-0.024
473.000	34.043	-0.025
474.000	34.221	-0.022
475.000	34.399	-0.021
476.000	34.578	-0.018
477.000	34.756	-0.018
478.000	34.935	-0.024
479.000	35.113	-0.027
480.000	35.291	-0.029
481.000	35.470	-0.029
482.000	35.648	-0.020
483.000	35.827	-0.018
484.000	36.005	-0.015
485.000	36.183	-0.022
486.000	36.362	-0.030
487.000	36.540	-0.031
488.000	36.719	-0.029
489.000	36.897	-0.025
490.000	37.075	-0.027
491.000	37.254	-0.029
492.000	37.432	-0.026
493.000	37.611	-0.026
494.000	37.789	-0.028
495.000	37.967	-0.030
496.000	38.146	-0.034
497.000	38.324	-0.029
498.000	38.503	-0.030
499.000	38.681	-0.037
500.000	38.859	-0.035
501.000	39.038	-0.027
502.000	39.216	-0.037
503.000	39.395	-0.031
504.000	39.573	-0.029
505.000	39.751	-0.030
506.000	39.930	-0.030
507.000	40.108	-0.031
508.000	40.287	-0.030
509.000	40.465	-0.031
510.000	40.643	-0.035
511.000	40.822	-0.033
512.000	41.000	-0.029
513.000	41.179	-0.038
514.000	41.357	-0.031
515.000	41.535	-0.032
516.000	41.714	-0.036
517.000	41.892	-0.042
518.000	42.071	-0.038
519.000	42.249	-0.040
520.000	42.427	-0.032
521.000	42.606	-0.033
522.000	42.784	-0.029
523.000	42.963	-0.033
524.000	43.141	-0.031
525.000	43.319	-0.033
526.000	43.498	-0.032
527.000	43.676	-0.039
528.000	43.855	-0.034
529.000	44.033	-0.028
530.000	44.211	-0.033
531.000	44.390	-0.036
532.000	44.568	-0.036
533.000	44.747	-0.037
534.000	44.925	-0.038
535.000	45.103	-0.035
536.000	45.282	-0.034
537.000	45.460	-0.035
538.000	45.639	-0.033
539.000	45.817	-0.032
540.000	45.995	-0.033
541.000	46.174	-0.039
542.000	46.352	-0.028
543.000	46.531	-0.029
544.000	46.709	-0.032
545.000	46.887	-0.036
546.000	47.066	-0.035
547.000	47.244	-0.030
548.000	47.423	-0.032
549.000	47.601	-0.033
550.000	47.780	-0.022
551.000	47.958	-0.027
552.000	48.136	-0.029
553.000	48.315	-0.033
554.000	48.493	-0.028
555.000	48.672	-0.036
556.000	48.850	-0.037
557.000	49.028	-0.027
558.000	49.207	-0.027
559.000	49.385	-0.027
560.000	49.564	-0.030
561.000	49.742	-0.030
562.000	49.920	-0.025
563.000	50.099	-0.035
564.000	50.277	-0.029
565.000	50.456	-0.026
566.000	50.634	-0.032
567.000	50.812	-0.028
568.000	50.991	-0.027
569.000	51.169	-0.030
570.000	51.348	-0.028
571.000	51.526	-0.024
572.000	51.704	-0.025
573.000	51.883	-0.029
574.000	52.061	-0.027
575.000	52.240	-0.037
576.000	52.418	-0.029
577.000	52.596	-0.035
578.000	52.775	-0.032
579.000	52.953	-0.028
580.000	53.132	-0.027
581.000	53.310	-0.031
582.000	53.488	-0.020
583.000	53.667	-0.025
584.000	53.845	-0.031
585.000	54.024	-0.030
586.000	54.202	-0.027
587.000	54.380	-0.029
588.000	54.559	-0.035
589.000	54.737	-0.031
590.000	54.916	-0.028
591.000	55.094	-0.033
592.000	55.272	-0.040
593.000	55.451	-0.039
594.000	55.629	-0.038
595.000	55.808	-0.036
596.000	55.986	-0.026
597.000	56.164	-0.033
598.000	56.343	-0.039
599.000	56.521	-0.037
600.000	56.700	-0.030
601.000	56.878	-0.028
602.000	57.056	-0.026
603.000	57.235	-0.021
604.000	57.413	-0.030
605.000	57.592	-0.033
606.000	57.770	-0.031
607.000	57.948	-0.036
608.000	58.127	-0.039
609.000	58.305	-0.031
610.000	58.484	-0.030
611.000	58.662	-0.032
612.000	58.840	-0.035
613.000	59.019	-0.024
614.000	59.197	-0.028
615.000	59.376	-0.028
616.000	59.554	-0.032
617.000	59.732	-0.026
618.000	59.911	-0.029
619.000	60.089	-0.032
620.000	60.268	-0.026
621.000	60.446	-0.032
622.000	60.624	-0.028
623.000	60.803	-0.028
624.000	60.981	-0.028
625.000	61.160	-0.038
626.000	61.338	-0.030
627.000	61.516	-0.031
628.000	61.695	-0.030
629.000	61.873	-0.034
630.000	62.052	-0.035
631.000	62.230	-0.030
632.000	62.408	-0.035
633.000	62.587	-0.032
634.000	62.765	-0.038
635.000	62.944	-0.039
636.000	63.122	-0.037
637.000	63.300	-0.035
638.000	63.479	-0.037
639.000	63.657	-0.039
640.000	63.836	-0.031
641.000	64.014	-0.035
642.000	64.192	-0.035
643.000	64.371	-0.032
644.000	64.549	-0.040
645.000	64.728	-0.038
646.000	64.906	-0.035
647.000	65.084	-0.032
648.000	65.263	-0.035
649.000	65.441	-0.032
650.000	65.620	-0.032
651.000	65.798	-0.030
652.000	65.977	-0.029
653.000	66.155	-0.040
654.000	66.333	-0.035
655.000	66.512	-0.039
656.000	66.690	-0.039
657.000	66.869	-0.036
658.000	67.047	-0.042
659.000	67.225	-0.039
660.000	67.404	-0.036
661.000	67.582	-0.033
662.000	67.761	-0.026
663.000	67.939	-0.031
664.000	68.117	-0.039
665.000	68.296	-0.034
666.000	68.474	-0.032
667.000	68.653	-0.035
668.000	68.831	-0.036
669.000	69.009	-0.035
670.000	69.188	-0.030
671.000	69.366	-0.044
672.000	69.545	-0.039
673.000	69.723	-0.036
674.000	69.901	-0.036
675.000	70.080	-0.035
676.000	70.258	-0.037
677.000	70.437	-0.030
678.000	70.615	-0.030
679.000	70.793	-0.035
680.000	70.972	-0.038
681.000	71.150	-0.035
682.000	71.329	-0.038
683.000	71.507	-0.037
684.000	71.685	-0.037
685.000	71.864	-0.029
686.000	72.042	-0.034
687.000	72.221	-0.029
688.000	72.399	-0.027
689.000	72.577	-0.036
690.000	72.756	-0.028
691.000	72.934	-0.027
692.000	73.113	-0.023
693.000	73.291	-0.033
694.000	73.469	-0.037
695.000	73.648	-0.027
696.000	73.826	-0.022
697.000	74.005	-0.025
698.000	74.183	-0.028
699.000	74.361	-0.033
700.000	74.540	-0.027
701.000	74.718	-0.027
702.000	74.897	-0.031
703.000	75.075	-0.019
704.000	75.253	-0.018
705.000	75.432	-0.029
706.000	75.610	-0.028
707.000	75.789	-0.021
708.000	75.967	-0.022
709.000	76.145	-0.030
710.000	76.324	-0.025
711.000	76.502	-0.032
712.000	76.681	-0.030
713.000	76.859	-0.029
714.000	77.037	-0.031
715.000	77.216	-0.036
716.000	77.394	-0.028
717.000	77.573	-0.025
718.000	77.751	-0.027
719.000	77.929	-0.021
720.000	78.108	-0.020
721.000	78.286	-0.021
722.000	78.465	-0.019
723.000	78.643	-0.023
724.000	78.821	-0.023
725.000	79.000	-0.020
726.000	79.178	-0.021
727.000	79.357	-0.017
728.000	79.535	-0.026
729.000	79.713	-0.021
730.000	79.892	-0.019
731.000	80.070	-0.019
732.000	80.249	-0.014
733.000	80.427	-0.018
734.000	80.605	-0.020
735.000	80.784	-0.016
736.000	80.962	-0.022
737.000	81.141	-0.023
738.000	81.319	-0.021
739.000	81.497	-0.018
740.000	81.676	-0.018
741.000	81.854	-0.021
742.000	82.033	-0.024
743.000	82.211	-0.025
744.000	82.389	-0.023
745.000	82.568	-0.018
746.000	82.746	-0.018
747.000	82.925	-0.024
748.000	83.103	-0.018
749.000	83.281	-0.014
750.000	83.460	-0.018
751.000	83.638	-0.015
752.000	83.817	-0.012
753.000	83.995	-0.014
754.000	84.174	-0.013
755.000	84.352	-0.018
756.000	84.530	-0.008
757.000	84.709	-0.008
758.000	84.887	-0.015
759.000	85.066	-0.013
760.000	85.244	-0.004
761.000	85.422	-0.008
762.000	85.601	-0.007
763.000	85.779	-0.010
764.000	85.958	-0.012
765.000	86.136	-0.018
766.000	86.314	-0.013
767.000	86.493	-0.013
768.000	86.671	-0.014
769.000	86.850	-0.015
770.000	87.028	-0.015
771.000	87.206	-0.012
772.000	87.385	-0.013
773.000	87.563	-0.013
774.000	87.742	-0.011
775.000	87.920	-0.009
776.000	88.098	-0.009
777.000	88.277	-0.014
778.000	88.455	-0.023
779.000	88.634	-0.016
780.000	88.812	-0.007
781.000	88.990	-0.009
782.000	89.169	-0.013
783.000	89.347	-0.023
784.000	89.526	-0.027
785.000	89.704	-0.025
786.000	89.882	-0.019
787.000	90.061	-0.020
788.000	90.239	-0.026
789.000	90.418	-0.029
790.000	90.596	-0.024
791.000	90.774	-0.019
792.000	90.953	-0.019
793.000	91.131	-0.017
794.000	91.310	-0.019
795.000	91.488	-0.021
796.000	91.666	-0.020
797.000	91.845	-0.021
798.000	92.023	-0.016
799.000	92.202	-0.022
800.000	92.380	-0.020
0.000	-50.441	0.090
1.000	-50.262	0.065
2.000	-50.083	0.082
3.000	-49.904	0.077
4.000	-49.725	0.109
5.000	-49.547	0.116
6.000	-49.368	0.122
7.000	-49.189	0.086
8.000	-49.010	0.085
9.000	-48.831	0.074
10.000	-48.652	0.079
11.000	-48.473	0.087
12.000	-48.294	0.087
13.000	-48.115	0.082
14.000	-47.936	0.075
15.000	-47.758	0.078
16.000	-47.579	0.076
17.000	-47.400	0.085
18.000	-47.221	0.093
19.000	-47.042	0.092
20.000	-46.863	0.083
21.000	-46.684	0.086
22.000	-46.505	0.097
23.000	-46.326	0.082
24.000	-46.147	0.078
25.000	-45.969	0.076
26.000	-45.790	0.082
27.000	-45.611	0.096
28.000	-45.432	0.071
29.000	-45.253	0.086
30.000	-45.074	0.078
31.000	-44.895	0.063
32.000	-44.716	0.068
33.000	-44.537	0.065
34.000	-44.358	0.081
35.000	-44.180	0.059
36.000	-44.001	0.068
37.000	-43.822	0.084
38.000	-43.643	0.071
39.000	-43.464	0.065
40.000	-43.285	0.063
41.000	-43.106	0.072
42.000	-42.927	0.062
43.000	-42.748	0.080
44.000	-42.569	0.062
45.000	-42.391	0.063
46.000	-42.212	0.082
47.000	-42.033	0.079
48.000	-41.854	0.064
49.000	-41.675	0.053
50.000	-41.496	0.049
51.000	-41.317	0.045
52.000	-41.138	0.056
53.000	-40.959	0.041
54.000	-40.780	0.060
55.000	-40.602	0.062
56.000	-40.423	0.061
57.000	-40.244	0.062
58.000	-40.065	0.050
59.000	-39.886	0.054
60.000	-39.707	0.034
61.000	-39.528	0.049
62.000	-39.349	0.045
63.000	-39.170	0.046
64.000	-38.991	0.055
65.000	-38.813	0.053
66.000	-38.634	0.043
67.000	-38.455	0.035
68.000	-38.276	0.045
69.000	-38.097	0.049
70.000	-37.918	0.055
71.000	-37.739	0.036
72.000	-37.560	0.039
73.000	-37.381	0.041
74.000	-37.202	0.039
75.000	-37.023	0.033
76.000	-36.845	0.041
77.000	-36.666	0.043
78.000	-36.487	0.027
79.000	-36.308	0.025
80.000	-36.129	0.027
81.000	-35.950	0.025
82.000	-35.771	0.023
83.000	-35.592	0.032
84.000	-35.413	0.033
85.000	-35.234	0.026
86.000	-35.056	0.034
87.000	-34.877	0.041
88.000	-34.698	0.031
89.000	-34.519	0.039
90.000	-34.340	0.033
91.000	-34.161	0.030
92.000	-33.982	0.040
93.000	-33.803	0.032
94.000	-33.624	0.032
95.000	-33.445	0.021
96.000	-33.267	0.017
97.000	-33.088	0.026
98.000	-32.909	0.025
99.000	-32.730	0.014
100.000	-32.551	0.030
101.000	-32.372	0.030
102.000	-32.193	0.032
103.000	-32.014	0.041
104.000	-31.835	0.053
105.000	-31.656	0.045
106.000	-31.478	0.033
107.000	-31.299	0.040
108.000	-31.120	0.036
109.000	-30.941	0.028
110.000	-30.762	0.033
111.000	-30.583	0.063
112.000	-30.404	0.054
113.000	-30.225	0.033
114.000	-30.046	0.046
115.000	-29.867	0.041
116.000	-29.689	0.047
117.000	-29.510	0.040
118.000	-29.331	0.028
119.000	-29.152	0.050
120.000	-28.973	0.049
121.000	-28.794	0.044
122.000	-28.615	0.039
123.000	-28.436	0.028
124.000	-28.257	0.032
125.000	-28.078	0.044
126.000	-27.900	0.036
127.000	-27.721	0.030
128.000	-27.542	0.040
129.000	-27.363	0.061
130.000	-27.184	0.046
131.000	-27.005	0.055
132.000	-26.826	0.051
133.000	-26.647	0.057
134.000	-26.468	0.059
135.000	-26.289	0.061
136.000	-26.111	0.044
137.000	-25.932	0.052
138.000	-25.753	0.045
139.000	-25.574	0.042
140.000	-25.395	0.050
141.000	-25.216	0.041
142.000	-25.037	0.055
143.000	-24.858	0.040
144.000	-24.679	0.046
145.000	-24.500	0.045
146.000	-24.321	0.038
147.000	-24.143	0.047
148.000	-23.964	0.062
149.000	-23.785	0.034
150.000	-23.606	0.031
151.000	-23.427	0.042
152.000	-23.248	0.036
153.000	-23.069	0.055
154.000	-22.890	0.049
155.000	-22.711	0.037
156.000	-22.532	0.040
157.000	-22.354	0.044
158.000	-22.175	0.064
159.000	-21.996	0.042
160.000	-21.817	0.048
161.000	-21.638	0.045
162.000	-21.459	0.058
163.000	-21.280	0.047
164.000	-21.101	0.041
165.000	-20.922	0.032
166.000	-20.743	0.038
167.000	-20.565	0.049
168.000	-20.386	0.056
169.000	-20.207	0.062
170.000	-20.028	0.049
171.000	-19.849	0.044
172.000	-19.670	0.048
173.000	-19.491	0.044
174.000	-19.312	0.042
175.000	-19.133	0.050
176.000	-18.954	0.052
177.000	-18.776	0.053
178.000	-18.597	0.058
179.000	-18.418	0.047
180.000	-18.239	0.049
181.000	-18.060	0.048
182.000	-17.881	0.050
183.000	-17.702	0.054
184.000	-17.523	0.044
185.000	-17.344	0.054
186.000	-17.165	0.073
187.000	-16.987	0.050
188.000	-16.808	0.051
189.000	-16.629	0.055
190.000	-16.450	0.060
191.000	-16.271	0.042
192.000	-16.092	0.041
193.000	-15.913	0.049
194.000	-15.734	0.050
195.000	-15.555	0.062
196.000	-15.376	0.056
197.000	-15.198	0.057
198.000	-15.019	0.068
199.000	-14.840	0.085
200.000	-14.661	0.076
201.000	-14.482	0.056
202.000	-14.303	0.068
203.000	-14.124	0.043
204.000	-13.945	0.043
205.000	-13.766	0.049
206.000	-13.587	0.060
207.000	-13.409	0.053
208.000	-13.230	0.057
209.000	-13.051	0.052
210.000	-12.872	0.054
211.000	-12.693	0.045
212.000	-12.514	0.042
213.000	-12.335	0.052
214.000	-12.156	0.080
215.000	-11.977	0.081
216.000	-11.798	0.084
217.000	-11.620	0.089
218.000	-11.441	0.069
219.000	-11.262	0.072
220.000	-11.083	0.064
221.000	-10.904	0.072
222.000	-10.725	0.056
223.000	-10.546	0.049
224.000	-10.367	0.064
225.000	-10.188	0.063
226.000	-10.009	0.065
227.000	-9.830	0.075
228.000	-9.652	0.071
229.000	-9.473	0.064
230.000	-9.294	0.085
231.000	-9.115	0.066
232.000	-8.936	0.049
233.000	-8.757	0.058
234.000	-8.578	0.077
235.000	-8.399	0.053
236.000	-8.220	0.061
237.000	-8.041	0.052
238.000	-7.863	0.051
239.000	-7.684	0.069
240.000	-7.505	0.054
241.000	-7.326	0.058
242.000	-7.147	0.057
243.000	-6.968	0.055
244.000	-6.789	0.054
245.000	-6.610	0.033
246.000	-6.431	0.056
247.000	-6.252	0.035
248.000	-6.074	0.053
249.000	-5.895	0.055
250.000	-5.716	0.057
251.000	-5.537	0.035
252.000	-5.358	0.048
253.000	-5.179	0.039
254.000	-5.000	0.038
255.000	-4.821	0.042
256.000	-4.642	0.030
257.000	-4.463	0.034
258.000	-4.285	0.025
259.000	-4.106	0.038
260.000	-3.927	0.024
261.000	-3.748	0.024
262.000	-3.569	0.022
263.000	-3.390	0.025
264.000	-3.211	0.019
265.000	-3.032	0.033
266.000	-2.853	0.027
267.000	-2.674	0.014
268.000	-2.496	0.014
269.000	-2.317	0.013
270.000	-2.138	0.017
271.000	-1.959	0.022
272.000	-1.780	0.030
273.000	-1.601	0.015
274.000	-1.422	0.007
275.000	-1.243	0.009
276.000	-1.064	0.015
277.000	-0.885	-0.001
278.000	-0.707	0.005
279.000	-0.528	0.006
280.000	-0.349	-0.005
281.000	-0.170	-0.000
282.000	0.009	0.002
283.000	0.188	-0.009
284.000	0.367	-0.007
285.000	0.546	-0.006
286.000	0.725	0.001
287.000	0.904	0.008
288.000	1.082	-0.000
289.000	1.261	0.010
290.000	1.440	-0.005
291.000	1.619	-0.001
292.000	1.798	-0.007
293.000	1.977	-0.011
294.000	2.156	-0.017
295.000	2.335	-0.018
296.000	2.514	-0.019
297.000	2.693	-0.012
298.000	2.872	-0.013
299.000	3.050	-0.006
300.000	3.229	-0.002
301.000	3.408	-0.006
302.000	3.587	0.000
303.000	3.766	-0.005
304.000	3.945	-0.007
305.000	4.124	-0.007
306.000	4.303	-0.008
307.000	4.482	-0.017
308.000	4.661	-0.012
309.000	4.839	-0.012
310.000	5.018	-0.011
311.000	5.197	-0.013
312.000	5.376	-0.012
313.000	5.555	-0.006
314.000	5.734	-0.017
315.000	5.913	-0.017
316.000	6.092	-0.005
317.000	6.271	-0.011
318.000	6.450	-0.011
319.000	6.628	-0.010
320.000	6.807	-0.005
321.000	6.986	-0.003
322.000	7.165	-0.014
323.000	7.344	-0.016
324.000	7.523	-0.006
325.000	7.702	-0.017
326.000	7.881	-0.017
327.000	8.060	-0.005
328.000	8.239	-0.016
329.000	8.417	-0.011
330.000	8.596	-0.013
331.000	8.775	-0.006
332.000	8.954	-0.002
333.000	9.133	-0.014
334.000	9.312	-0.010
335.000	9.491	-0.008
336.000	9.670	-0.007
337.000	9.849	-0.012
338.000	10.028	-0.013
339.000	10.206	-0.016
340.000	10.385	-0.005
341.000	10.564	-0.008
342.000	10.743	0.000
343.000	10.922	-0.001
344.000	11.101	-0.007
345.000	11.280	-0.004
346.000	11.459	-0.009
347.000	11.638	-0.009
348.000	11.817	-0.009
349.000	11.995	-0.013
350.000	12.174	-0.014
351.000	12.353	-0.002
352.000	12.532	-0.009
353.000	12.711	-0.012
354.000	12.890	-0.010
355.000	13.069	-0.009
356.000	13.248	-0.005
357.000	13.427	-0.000
358.000	13.606	-0.008
359.000	13.784	-0.002
360.000	13.963	-0.006
361.000	14.142	-0.007
362.000	14.321	-0.010
363.000	14.500	-0.006
364.000	14.679	-0.003
365.000	14.858	-0.012
366.000	15.037	-0.013
367.000	15.216	-0.011
368.000	15.395	-0.006
369.000	15.574	-0.011
370.000	15.752	-0.008
371.000	15.931	-0.004
372.000	16.110	-0.013
373.000	16.289	-0.012
374.000	16.468	-0.008
375.000	16.647	-0.003
376.000	16.826	0.002
377.000	17.005	-0.011
378.000	17.184	-0.004
379.000	17.363	-0.003
380.000	17.541	-0.003
381.000	17.720	-0.006
382.000	17.899	-0.011
383.000	18.078	-0.008
384.000	18.257	-0.009
385.000	18.436	-0.006
386.000	18.615	-0.005
387.000	18.794	-0.022
388.000	18.973	-0.013
389.000	19.152	-0.014
390.000	19.330	-0.012
391.000	19.509	-0.007
392.000	19.688	-0.007
393.000	19.867	-0.002
394.000	20.046	-0.007
395.000	20.225	-0.004
396.000	20.404	-0.008
397.000	20.583	-0.012
398.000	20.762	-0.010
399.000	20.941	-0.019
400.000	21.119	-0.019
401.000	21.298	-0.009
402.000	21.477	-0.016
403.000	21.656	-0.010
404.000	21.835	-0.022
405.000	22.014	-0.018
406.000	22.193	-0.011
407.000	22.372	-0.011
408.000	22.551	-0.006
409.000	22.730	-0.001
410.000	22.908	-0.008
411.000	23.087	-0.009
412.000	23.266	-0.006
413.000	23.445	-0.009
414.000	23.624	-0.007
415.000	23.803	-0.015
416.000	23.982	-0.010
417.000	24.161	-0.013
418.000	24.340	-0.011
419.000	24.519	-0.020
420.000	24.697	-0.006
421.000	24.876	-0.011
422.000	25.055	-0.013
423.000	25.234	-0.015
424.000	25.413	-0.013
425.000	25.592	-0.022
426.000	25.771	-0.011
427.000	25.950	-0.017
428.000	26.129	-0.014
429.000	26.308	-0.010
430.000	26.486	-0.020
431.000	26.665	-0.015
432.000	26.844	-0.006
433.000	27.023	-0.016
434.000	27.202	-0.009
435.000	27.381	-0.019
436.000	27.560	-0.013
437.000	27.739	-0.010
438.000	27.918	-0.006
439.000	28.097	-0.018
440.000	28.276	-0.018
441.000	28.454	-0.021
442.000	28.633	-0.016
443.000	28.812	-0.008
444.000	28.991	-0.015
445.000	29.170	-0.008
446.000	29.349	-0.008
447.000	29.528	-0.006
448.000	29.707	-0.009
449.000	29.886	-0.008
450.000	30.065	-0.008
451.000	30.243	-0.010
452.000	30.422	-0.007
453.000	30.601	-0.017
454.000	30.780	-0.017
455.000	30.959	-0.022
456.000	31.138	-0.018
457.000	31.317	-0.018
458.000	31.496	-0.012
459.000	31.675	-0.011
460.000	31.854	-0.012
461.000	32.032	-0.019
462.000	32.211	-0.022
463.000	32.390	-0.028
464.000	32.569	-0.020
465.000	32.748	-0.027
466.000	32.927	-0.024
467.000	33.106	-0.022
468.000	33.285	-0.022
469.000	33.464	-0.019
470.000	33.643	-0.010
471.000	33.821	-0.019
472.000	34.000	-0.018
473.000	34.179	-0.019
474.000	34.358	-0.014
475.000	34.537	-0.013
476.000	34.716	-0.019
477.000	34.895	-0.015
478.000	35.074	-0.020
479.000	35.253	-0.021
480.000	35.432	-0.025
481.000	35.610	-0.018
482.000	35.789	-0.024
483.000	35.968	-0.020
484.000	36.147	-0.013
485.000	36.326	-0.020
486.000	36.505	-0.025
487.000	36.684	-0.029
488.000	36.863	-0.030
489.000	37.042	-0.025
490.000	37.221	-0.015
491.000	37.399	-0.021
492.000	37.578	-0.025
493.000	37.757	-0.027
494.000	37.936	-0.021
495.000	38.115	-0.017
496.000	38.294	-0.023
497.000	38.473	-0.016
498.000	38.652	-0.018
499.000	38.831	-0.008
500.000	39.010	-0.015
501.000	39.188	-0.016
502.000	39.367	-0.019
503.000	39.546	-0.018
504.000	39.725	-0.019
505.000	39.904	-0.011
506.000	40.083	-0.006
507.000	40.262	-0.010
508.000	40.441	-0.009
509.000	40.620	-0.010
510.000	40.799	-0.009
511.000	40.978	-0.010
512.000	41.156	-0.009
513.000	41.335	-0.009
514.000	41.514	-0.012
515.000	41.693	-0.011
516.000	41.872	0.000
517.000	42.051	-0.007
518.000	42.230	-0.008
519.000	42.409	-0.004
520.000	42.588	-0.006
521.000	42.767	-0.006
522.000	42.945	-0.006
523.000	43.124	-0.006
524.000	43.303	-0.000
525.000	43.482	0.001
526.000	43.661	0.002
527.000	43.840	-0.003
528.000	44.019	-0.000
529.000	44.198	-0.004
530.000	44.377	0.002
531.000	44.556	-0.001
532.000	44.734	0.001
533.000	44.913	0.002
534.000	45.092	-0.002
535.000	45.271	0.002
536.000	45.450	-0.003
537.000	45.629	-0.000
538.000	45.808	-0.005
539.000	45.987	-0.002
540.000	46.166	0.002
541.000	46.345	0.009
542.000	46.523	0.004
543.000	46.702	0.001
544.000	46.881	0.006
545.000	47.060	0.004
546.000	47.239	0.002
547.000	47.418	0.005
548.000	47.597	0.003
549.000	47.776	0.002
550.000	47.955	0.004
551.000	48.134	0.005
552.000	48.312	0.005
553.000	48.491	0.013
554.000	48.670	0.010
555.000	48.849	0.006
556.000	49.028	0.004
557.000	49.207	0.004
558.000	49.386	0.003
559.000	49.565	0.002
560.000	49.744	0.006
561.000	49.923	0.009
562.000	50.101	0.008
563.000	50.280	0.006
564.000	50.459	0.003
565.000	50.638	0.004
566.000	50.817	0.005
567.000	50.996	0.002
568.000	51.175	0.004
569.000	51.354	0.007
570.000	51.533	0.004
571.000	51.712	0.009
572.000	51.890	0.008
573.000	52.069	0.002
574.000	52.248	0.004
575.000	52.427	0.003
576.000	52.606	0.001
577.000	52.785	0.002
578.000	52.964	-0.001
579.000	53.143	-0.003
580.000	53.322	0.005
581.000	53.501	0.014
582.000	53.680	0.011
583.000	53.858	0.010
584.000	54.037	0.002
585.000	54.216	0.005
586.000	54.395	0.012
587.000	54.574	0.001
588.000	54.753	0.007
589.000	54.932	0.005
590.000	55.111	0.001
591.000	55.290	0.006
592.000	55.469	0.002
593.000	55.647	0.006
594.000	55.826	0.004
595.000	56.005	0.004
596.000	56.184	0.001
597.000	56.363	0.005
598.000	56.542	0.004
599.000	56.721	0.007
600.000	56.900	0.010
601.000	57.079	0.007
602.000	57.258	0.010
603.000	57.436	0.006
604.000	57.615	0.006
605.000	57.794	0.003
606.000	57.973	0.009
607.000	58.152	0.009
608.000	58.331	0.013
609.000	58.510	0.011
610.000	58.689	0.009
611.000	58.868	0.009
612.000	59.047	0.006
613.000	59.225	0.007
614.000	59.404	0.008
615.000	59.583	0.007
616.000	59.762	0.002
617.000	59.941	0.001
618.000	60.120	0.005
619.000	60.299	0.007
620.000	60.478	0.000
621.000	60.657	0.001
622.000	60.836	0.006
623.000	61.014	0.001
624.000	61.193	0.003
625.000	61.372	0.008
626.000	61.551	0.006
627.000	61.730	0.005
628.000	61.909	0.010
629.000	62.088	0.012
630.000	62.267	0.012
631.000	62.446	0.003
632.000	62.625	0.003
633.000	62.803	0.009
634.000	62.982	0.007
635.000	63.161	0.012
636.000	63.340	0.006
637.000	63.519	-0.002
638.000	63.698	0.001
639.000	63.877	-0.004
640.000	64.056	0.002
641.000	64.235	0.006
642.000	64.414	0.012
643.000	64.592	0.002
644.000	64.771	0.005
645.000	64.950	-0.003
646.000	65.129	-0.000
647.000	65.308	0.007
648.000	65.487	0.002
649.000	65.666	-0.000
650.000	65.845	-0.001
651.000	66.024	0.006
652.000	66.203	0.000
653.000	66.381	0.009
654.000	66.560	0.005
655.000	66.739	0.011
656.000	66.918	0.004
657.000	67.097	0.008
658.000	67.276	0.011
659.000	67.455	0.005
660.000	67.634	0.005
661.000	67.813	0.007
662.000	67.992	0.004
663.000	68.171	0.006
664.000	68.349	0.006
665.000	68.528	0.001
666.000	68.707	0.003
667.000	68.886	0.005
668.000	69.065	0.008
669.000	69.244	0.009
670.000	69.423	0.007
671.000	69.602	0.012
672.000	69.781	0.017
673.000	69.960	0.010
674.000	70.138	0.007
675.000	70.317	0.005
676.000	70.496	0.006
677.000	70.675	0.002
678.000	70.854	0.007
679.000	71.033	0.003
680.000	71.212	0.004
681.000	71.391	0.009
682.000	71.570	0.010
683.000	71.749	0.002
684.000	71.927	-0.001
685.000	72.106	0.004
686.000	72.285	0.007
687.000	72.464	0.003
688.000	72.643	0.004
689.000	72.822	0.005
690.000	73.001	0.008
691.000	73.180	0.005
692.000	73.359	0.006
693.000	73.538	-0.001
694.000	73.716	-0.005
695.000	73.895	0.006
696.000	74.074	-0.003
697.000	74.253	-0.002
698.000	74.432	0.004
699.000	74.611	0.002
700.000	74.790	-0.004
701.000	74.969	-0.001
702.000	75.148	-0.001
703.000	75.327	0.002
704.000	75.505	-0.006
705.000	75.684	0.001
706.000	75.863	-0.004
707.000	76.042	0.001
708.000	76.221	0.002
709.000	76.400	0.007
710.000	76.579	0.001
711.000	76.758	0.003
712.000	76.937	0.005
713.000	77.116	0.008
714.000	77.294	0.004
715.000	77.473	0.005
716.000	77.652	0.001
717.000	77.831	0.003
718.000	78.010	0.006
719.000	78.189	0.007
720.000	78.368	0.008
721.000	78.547	0.008
722.000	78.726	0.006
723.000	78.905	0.008
724.000	79.083	0.010
725.000	79.262	0.005
726.000	79.441	0.007
727.000	79.620	0.013
728.000	79.799	0.011
729.000	79.978	0.009
730.000	80.157	0.005
731.000	80.336	0.007
732.000	80.515	0.002
733.000	80.694	0.000
734.000	80.873	0.003
735.000	81.051	0.004
736.000	81.230	0.010
737.000	81.409	-0.000
738.000	81.588	0.001
739.000	81.767	0.003
740.000	81.946	0.001
741.000	82.125	-0.000
742.000	82.304	0.001
743.000	82.483	0.008
744.000	82.662	0.003
745.000	82.840	0.001
746.000	83.019	-0.006
747.000	83.198	0.004
748.000	83.377	0.006
749.000	83.556	0.000
750.000	83.735	0.004
751.000	83.914	-0.009
752.000	84.093	-0.004
753.000	84.272	-0.001
754.000	84.451	-0.008
755.000	84.629	0.002
756.000	84.808	-0.002
757.000	84.987	-0.006
758.000	85.166	-0.001
759.000	85.345	-0.003
760.000	85.524	-0.006
761.000	85.703	-0.010
762.000	85.882	-0.003
763.000	86.061	-0.006
764.000	86.240	0.001
765.000	86.418	0.001
766.000	86.597	0.001
767.000	86.776	0.004
768.000	86.955	0.002
769.000	87.134	-0.001
770.000	87.313	-0.001
771.000	87.492	0.000
772.000	87.671	-0.003
773.000	87.850	-0.002
774.000	88.029	-0.006
775.000	88.207	-0.004
776.000	88.386	-0.004
777.000	88.565	0.000
778.000	88.744	-0.006
779.000	88.923	-0.009
780.000	89.102	-0.009
781.000	89.281	-0.009
782.000	89.460	-0.005
783.000	89.639	-0.004
784.000	89.818	-0.006
785.000	89.996	-0.000
786.000	90.175	-0.001
787.000	90.354	-0.009
788.000	90.533	-0.009
789.000	90.712	-0.010
790.000	90.891	-0.002
791.000	91.070	-0.004
792.000	91.249	-0.008
793.000	91.428	-0.009
794.000	91.607	-0.007
795.000	91.785	-0.013
796.000	91.964	-0.014
797.000	92.143	-0.008
798.000	92.322	-0.007
799.000	92.501	-0.009
800.000	92.680	-0.003
