# Dye laser quickscan repeater
# MW at 19 dB
# Hittite at 18.5101 GHz
# Looking for MW Resonances
i	f	s
0.000	-50.441	0.051
1.000	-50.262	0.052
2.000	-50.083	0.056
3.000	-49.903	0.061
4.000	-49.724	0.054
5.000	-49.545	0.063
6.000	-49.366	0.045
7.000	-49.187	0.055
8.000	-49.008	0.054
9.000	-48.828	0.044
10.000	-48.649	0.045
11.000	-48.470	0.083
12.000	-48.291	0.046
13.000	-48.112	0.053
14.000	-47.933	0.045
15.000	-47.754	0.047
16.000	-47.574	0.046
17.000	-47.395	0.040
18.000	-47.216	0.044
19.000	-47.037	0.042
20.000	-46.858	0.049
21.000	-46.679	0.061
22.000	-46.500	0.042
23.000	-46.320	0.054
24.000	-46.141	0.055
25.000	-45.962	0.049
26.000	-45.783	0.044
27.000	-45.604	0.044
28.000	-45.425	0.049
29.000	-45.245	0.045
30.000	-45.066	0.048
31.000	-44.887	0.045
32.000	-44.708	0.049
33.000	-44.529	0.054
34.000	-44.350	0.047
35.000	-44.171	0.050
36.000	-43.991	0.050
37.000	-43.812	0.051
38.000	-43.633	0.056
39.000	-43.454	0.058
40.000	-43.275	0.041
41.000	-43.096	0.047
42.000	-42.917	0.044
43.000	-42.737	0.054
44.000	-42.558	0.063
45.000	-42.379	0.068
46.000	-42.200	0.055
47.000	-42.021	0.040
48.000	-41.842	0.038
49.000	-41.662	0.034
50.000	-41.483	0.035
51.000	-41.304	0.038
52.000	-41.125	0.034
53.000	-40.946	0.042
54.000	-40.767	0.038
55.000	-40.588	0.039
56.000	-40.408	0.049
57.000	-40.229	0.044
58.000	-40.050	0.042
59.000	-39.871	0.032
60.000	-39.692	0.044
61.000	-39.513	0.043
62.000	-39.333	0.029
63.000	-39.154	0.036
64.000	-38.975	0.034
65.000	-38.796	0.042
66.000	-38.617	0.034
67.000	-38.438	0.032
68.000	-38.259	0.037
69.000	-38.079	0.025
70.000	-37.900	0.038
71.000	-37.721	0.038
72.000	-37.542	0.028
73.000	-37.363	0.028
74.000	-37.184	0.029
75.000	-37.005	0.021
76.000	-36.825	0.030
77.000	-36.646	0.023
78.000	-36.467	0.031
79.000	-36.288	0.037
80.000	-36.109	0.034
81.000	-35.930	0.037
82.000	-35.750	0.031
83.000	-35.571	0.025
84.000	-35.392	0.026
85.000	-35.213	0.022
86.000	-35.034	0.017
87.000	-34.855	0.032
88.000	-34.676	0.024
89.000	-34.496	0.017
90.000	-34.317	0.019
91.000	-34.138	0.022
92.000	-33.959	0.022
93.000	-33.780	0.015
94.000	-33.601	0.013
95.000	-33.421	0.020
96.000	-33.242	0.023
97.000	-33.063	0.017
98.000	-32.884	0.016
99.000	-32.705	0.017
100.000	-32.526	0.013
101.000	-32.347	0.016
102.000	-32.167	0.014
103.000	-31.988	0.009
104.000	-31.809	0.013
105.000	-31.630	0.017
106.000	-31.451	0.012
107.000	-31.272	0.008
108.000	-31.093	0.008
109.000	-30.913	0.008
110.000	-30.734	0.010
111.000	-30.555	0.012
112.000	-30.376	0.010
113.000	-30.197	0.022
114.000	-30.018	0.017
115.000	-29.838	0.012
116.000	-29.659	0.008
117.000	-29.480	0.011
118.000	-29.301	0.004
119.000	-29.122	0.003
120.000	-28.943	0.017
121.000	-28.764	0.006
122.000	-28.584	0.012
123.000	-28.405	0.013
124.000	-28.226	0.010
125.000	-28.047	0.010
126.000	-27.868	0.014
127.000	-27.689	0.021
128.000	-27.510	0.013
129.000	-27.330	0.013
130.000	-27.151	0.017
131.000	-26.972	0.016
132.000	-26.793	0.028
133.000	-26.614	0.018
134.000	-26.435	0.016
135.000	-26.255	0.017
136.000	-26.076	0.016
137.000	-25.897	0.024
138.000	-25.718	0.014
139.000	-25.539	0.012
140.000	-25.360	0.012
141.000	-25.181	0.014
142.000	-25.001	0.017
143.000	-24.822	0.023
144.000	-24.643	0.026
145.000	-24.464	0.017
146.000	-24.285	0.014
147.000	-24.106	0.018
148.000	-23.926	0.014
149.000	-23.747	0.018
150.000	-23.568	0.013
151.000	-23.389	0.006
152.000	-23.210	0.015
153.000	-23.031	0.020
154.000	-22.852	0.011
155.000	-22.672	0.004
156.000	-22.493	0.009
157.000	-22.314	0.010
158.000	-22.135	0.014
159.000	-21.956	0.018
160.000	-21.777	0.018
161.000	-21.598	0.017
162.000	-21.418	0.015
163.000	-21.239	0.016
164.000	-21.060	0.018
165.000	-20.881	0.024
166.000	-20.702	0.027
167.000	-20.523	0.034
168.000	-20.343	0.024
169.000	-20.164	0.031
170.000	-19.985	0.014
171.000	-19.806	0.019
172.000	-19.627	0.022
173.000	-19.448	0.031
174.000	-19.269	0.022
175.000	-19.089	0.032
176.000	-18.910	0.037
177.000	-18.731	0.036
178.000	-18.552	0.028
179.000	-18.373	0.032
180.000	-18.194	0.028
181.000	-18.015	0.043
182.000	-17.835	0.042
183.000	-17.656	0.033
184.000	-17.477	0.048
185.000	-17.298	0.039
186.000	-17.119	0.039
187.000	-16.940	0.025
188.000	-16.760	0.041
189.000	-16.581	0.018
190.000	-16.402	0.034
191.000	-16.223	0.035
192.000	-16.044	0.032
193.000	-15.865	0.029
194.000	-15.686	0.037
195.000	-15.506	0.036
196.000	-15.327	0.036
197.000	-15.148	0.039
198.000	-14.969	0.037
199.000	-14.790	0.038
200.000	-14.611	0.032
201.000	-14.431	0.039
202.000	-14.252	0.041
203.000	-14.073	0.030
204.000	-13.894	0.030
205.000	-13.715	0.026
206.000	-13.536	0.041
207.000	-13.357	0.033
208.000	-13.177	0.032
209.000	-12.998	0.034
210.000	-12.819	0.031
211.000	-12.640	0.029
212.000	-12.461	0.038
213.000	-12.282	0.028
214.000	-12.103	0.028
215.000	-11.923	0.049
216.000	-11.744	0.048
217.000	-11.565	0.043
218.000	-11.386	0.051
219.000	-11.207	0.049
220.000	-11.028	0.045
221.000	-10.848	0.056
222.000	-10.669	0.053
223.000	-10.490	0.064
224.000	-10.311	0.051
225.000	-10.132	0.045
226.000	-9.953	0.034
227.000	-9.774	0.059
228.000	-9.594	0.044
229.000	-9.415	0.048
230.000	-9.236	0.033
231.000	-9.057	0.021
232.000	-8.878	0.031
233.000	-8.699	0.043
234.000	-8.520	0.051
235.000	-8.340	0.040
236.000	-8.161	0.043
237.000	-7.982	0.051
238.000	-7.803	0.042
239.000	-7.624	0.043
240.000	-7.445	0.044
241.000	-7.265	0.039
242.000	-7.086	0.027
243.000	-6.907	0.038
244.000	-6.728	0.039
245.000	-6.549	0.060
246.000	-6.370	0.042
247.000	-6.191	0.040
248.000	-6.011	0.043
249.000	-5.832	0.040
250.000	-5.653	0.042
251.000	-5.474	0.031
252.000	-5.295	0.040
253.000	-5.116	0.026
254.000	-4.936	0.031
255.000	-4.757	0.028
256.000	-4.578	0.022
257.000	-4.399	0.025
258.000	-4.220	0.038
259.000	-4.041	0.032
260.000	-3.862	0.028
261.000	-3.682	0.028
262.000	-3.503	0.030
263.000	-3.324	0.040
264.000	-3.145	0.052
265.000	-2.966	0.039
266.000	-2.787	0.029
267.000	-2.608	0.025
268.000	-2.428	0.032
269.000	-2.249	0.040
270.000	-2.070	0.039
271.000	-1.891	0.034
272.000	-1.712	0.028
273.000	-1.533	0.025
274.000	-1.353	0.023
275.000	-1.174	0.023
276.000	-0.995	0.027
277.000	-0.816	0.020
278.000	-0.637	0.026
279.000	-0.458	0.031
280.000	-0.279	0.029
281.000	-0.099	0.027
282.000	0.080	0.020
283.000	0.259	0.014
284.000	0.438	0.018
285.000	0.617	0.012
286.000	0.796	0.019
287.000	0.976	0.025
288.000	1.155	0.039
289.000	1.334	0.025
290.000	1.513	0.026
291.000	1.692	0.011
292.000	1.871	0.022
293.000	2.050	0.017
294.000	2.230	0.015
295.000	2.409	0.017
296.000	2.588	0.016
297.000	2.767	0.010
298.000	2.946	0.019
299.000	3.125	0.018
300.000	3.304	0.011
301.000	3.484	0.018
302.000	3.663	0.013
303.000	3.842	0.008
304.000	4.021	0.014
305.000	4.200	0.019
306.000	4.379	0.014
307.000	4.559	0.013
308.000	4.738	0.017
309.000	4.917	0.010
310.000	5.096	0.014
311.000	5.275	0.017
312.000	5.454	0.012
313.000	5.633	0.015
314.000	5.813	0.014
315.000	5.992	0.012
316.000	6.171	0.013
317.000	6.350	0.014
318.000	6.529	0.012
319.000	6.708	0.014
320.000	6.887	0.012
321.000	7.067	0.015
322.000	7.246	0.009
323.000	7.425	0.024
324.000	7.604	0.023
325.000	7.783	0.018
326.000	7.962	0.010
327.000	8.142	0.004
328.000	8.321	0.011
329.000	8.500	0.015
330.000	8.679	0.013
331.000	8.858	0.015
332.000	9.037	0.022
333.000	9.216	0.011
334.000	9.396	0.016
335.000	9.575	0.016
336.000	9.754	0.009
337.000	9.933	0.012
338.000	10.112	0.021
339.000	10.291	0.016
340.000	10.471	0.016
341.000	10.650	0.012
342.000	10.829	0.011
343.000	11.008	0.008
344.000	11.187	0.006
345.000	11.366	0.006
346.000	11.545	0.003
347.000	11.725	0.017
348.000	11.904	0.021
349.000	12.083	0.014
350.000	12.262	0.017
351.000	12.441	0.013
352.000	12.620	0.014
353.000	12.799	0.015
354.000	12.979	0.023
355.000	13.158	0.024
356.000	13.337	0.011
357.000	13.516	0.007
358.000	13.695	0.013
359.000	13.874	0.018
360.000	14.054	0.018
361.000	14.233	0.013
362.000	14.412	0.009
363.000	14.591	0.009
364.000	14.770	0.011
365.000	14.949	0.012
366.000	15.128	0.011
367.000	15.308	0.007
368.000	15.487	0.008
369.000	15.666	0.009
370.000	15.845	-0.000
371.000	16.024	0.008
372.000	16.203	0.015
373.000	16.382	0.007
374.000	16.562	0.002
375.000	16.741	0.008
376.000	16.920	0.010
377.000	17.099	0.015
378.000	17.278	0.004
379.000	17.457	0.008
380.000	17.637	0.013
381.000	17.816	-0.003
382.000	17.995	0.009
383.000	18.174	0.010
384.000	18.353	0.008
385.000	18.532	0.011
386.000	18.711	0.006
387.000	18.891	0.008
388.000	19.070	0.001
389.000	19.249	0.005
390.000	19.428	0.009
391.000	19.607	0.012
392.000	19.786	0.005
393.000	19.966	0.015
394.000	20.145	0.011
395.000	20.324	0.018
396.000	20.503	0.004
397.000	20.682	0.011
398.000	20.861	0.009
399.000	21.040	0.013
400.000	21.220	0.010
401.000	21.399	0.010
402.000	21.578	0.016
403.000	21.757	0.009
404.000	21.936	0.021
405.000	22.115	0.006
406.000	22.294	0.014
407.000	22.474	0.016
408.000	22.653	0.020
409.000	22.832	0.026
410.000	23.011	0.023
411.000	23.190	0.019
412.000	23.369	0.007
413.000	23.549	0.011
414.000	23.728	0.020
415.000	23.907	0.015
416.000	24.086	0.015
417.000	24.265	0.010
418.000	24.444	0.015
419.000	24.623	0.014
420.000	24.803	0.015
421.000	24.982	0.017
422.000	25.161	0.021
423.000	25.340	0.021
424.000	25.519	0.018
425.000	25.698	0.023
426.000	25.878	0.022
427.000	26.057	0.022
428.000	26.236	0.021
429.000	26.415	0.017
430.000	26.594	0.021
431.000	26.773	0.022
432.000	26.952	0.023
433.000	27.132	0.016
434.000	27.311	0.012
435.000	27.490	0.009
436.000	27.669	0.019
437.000	27.848	0.026
438.000	28.027	0.021
439.000	28.206	0.016
440.000	28.386	0.017
441.000	28.565	0.015
442.000	28.744	0.015
443.000	28.923	0.015
444.000	29.102	0.021
445.000	29.281	0.029
446.000	29.461	0.025
447.000	29.640	0.033
448.000	29.819	0.023
449.000	29.998	0.021
450.000	30.177	0.032
451.000	30.356	0.024
452.000	30.535	0.025
453.000	30.715	0.021
454.000	30.894	0.028
455.000	31.073	0.029
456.000	31.252	0.022
457.000	31.431	0.024
458.000	31.610	0.028
459.000	31.789	0.025
460.000	31.969	0.016
461.000	32.148	0.015
462.000	32.327	0.020
463.000	32.506	0.017
464.000	32.685	0.024
465.000	32.864	0.018
466.000	33.044	0.016
467.000	33.223	0.012
468.000	33.402	0.017
469.000	33.581	0.015
470.000	33.760	0.016
471.000	33.939	0.020
472.000	34.118	0.011
473.000	34.298	0.021
474.000	34.477	0.024
475.000	34.656	0.015
476.000	34.835	0.010
477.000	35.014	0.018
478.000	35.193	0.017
479.000	35.373	0.016
480.000	35.552	0.017
481.000	35.731	0.016
482.000	35.910	0.012
483.000	36.089	0.013
484.000	36.268	0.018
485.000	36.447	0.015
486.000	36.627	0.019
487.000	36.806	0.019
488.000	36.985	0.015
489.000	37.164	0.015
490.000	37.343	0.016
491.000	37.522	0.010
492.000	37.701	0.009
493.000	37.881	0.008
494.000	38.060	0.011
495.000	38.239	0.016
496.000	38.418	0.011
497.000	38.597	0.014
498.000	38.776	0.012
499.000	38.956	0.017
500.000	39.135	0.020
501.000	39.314	0.013
502.000	39.493	0.007
503.000	39.672	0.013
504.000	39.851	0.015
505.000	40.030	0.014
506.000	40.210	0.010
507.000	40.389	0.008
508.000	40.568	0.016
509.000	40.747	0.011
510.000	40.926	0.017
511.000	41.105	0.017
512.000	41.284	0.016
513.000	41.464	0.010
514.000	41.643	0.019
515.000	41.822	0.009
516.000	42.001	0.015
517.000	42.180	0.015
518.000	42.359	0.008
519.000	42.539	0.010
520.000	42.718	0.015
521.000	42.897	0.010
522.000	43.076	0.010
523.000	43.255	0.008
524.000	43.434	0.005
525.000	43.613	0.011
526.000	43.793	0.012
527.000	43.972	0.014
528.000	44.151	0.008
529.000	44.330	0.009
530.000	44.509	0.012
531.000	44.688	0.014
532.000	44.868	0.013
533.000	45.047	0.012
534.000	45.226	0.011
535.000	45.405	0.011
536.000	45.584	0.017
537.000	45.763	0.022
538.000	45.942	0.013
539.000	46.122	0.013
540.000	46.301	0.019
541.000	46.480	0.013
542.000	46.659	0.015
543.000	46.838	0.013
544.000	47.017	0.021
545.000	47.196	0.015
546.000	47.376	0.014
547.000	47.555	0.014
548.000	47.734	0.014
549.000	47.913	0.014
550.000	48.092	0.009
551.000	48.271	0.012
552.000	48.451	0.007
553.000	48.630	0.011
554.000	48.809	0.008
555.000	48.988	0.007
556.000	49.167	0.009
557.000	49.346	0.011
558.000	49.525	0.013
559.000	49.705	0.007
560.000	49.884	0.013
561.000	50.063	0.003
562.000	50.242	0.012
563.000	50.421	0.009
564.000	50.600	0.006
565.000	50.780	0.011
566.000	50.959	0.010
567.000	51.138	0.014
568.000	51.317	0.012
569.000	51.496	0.010
570.000	51.675	0.007
571.000	51.854	0.007
572.000	52.034	0.008
573.000	52.213	0.012
574.000	52.392	0.011
575.000	52.571	0.008
576.000	52.750	0.014
577.000	52.929	0.016
578.000	53.108	0.008
579.000	53.288	0.008
580.000	53.467	0.016
581.000	53.646	0.013
582.000	53.825	0.014
583.000	54.004	0.013
584.000	54.183	0.009
585.000	54.363	0.012
586.000	54.542	0.013
587.000	54.721	0.011
588.000	54.900	0.018
589.000	55.079	0.011
590.000	55.258	0.010
591.000	55.437	0.012
592.000	55.617	0.010
593.000	55.796	0.006
594.000	55.975	0.010
595.000	56.154	0.013
596.000	56.333	0.009
597.000	56.512	0.016
598.000	56.691	0.011
599.000	56.871	0.015
600.000	57.050	0.015
601.000	57.229	0.014
602.000	57.408	0.012
603.000	57.587	0.006
604.000	57.766	0.014
605.000	57.946	0.010
606.000	58.125	0.009
607.000	58.304	0.011
608.000	58.483	0.007
609.000	58.662	0.010
610.000	58.841	0.009
611.000	59.020	0.006
612.000	59.200	0.008
613.000	59.379	0.015
614.000	59.558	0.008
615.000	59.737	0.016
616.000	59.916	0.006
617.000	60.095	0.009
618.000	60.275	0.011
619.000	60.454	0.002
620.000	60.633	0.004
621.000	60.812	0.011
622.000	60.991	0.003
623.000	61.170	0.005
624.000	61.349	0.009
625.000	61.529	0.007
626.000	61.708	0.010
627.000	61.887	0.012
628.000	62.066	0.011
629.000	62.245	0.012
630.000	62.424	0.000
631.000	62.603	0.002
632.000	62.783	0.004
633.000	62.962	0.002
634.000	63.141	-0.001
635.000	63.320	0.008
636.000	63.499	0.006
637.000	63.678	0.013
638.000	63.858	0.009
639.000	64.037	0.010
640.000	64.216	0.008
641.000	64.395	0.010
642.000	64.574	0.008
643.000	64.753	0.011
644.000	64.932	0.009
645.000	65.112	0.009
646.000	65.291	0.014
647.000	65.470	0.008
648.000	65.649	0.005
649.000	65.828	0.006
650.000	66.007	0.011
651.000	66.186	0.015
652.000	66.366	0.009
653.000	66.545	0.010
654.000	66.724	0.005
655.000	66.903	0.016
656.000	67.082	0.008
657.000	67.261	0.011
658.000	67.441	0.006
659.000	67.620	0.007
660.000	67.799	0.003
661.000	67.978	0.002
662.000	68.157	0.010
663.000	68.336	0.013
664.000	68.515	0.010
665.000	68.695	0.005
666.000	68.874	0.010
667.000	69.053	0.005
668.000	69.232	0.002
669.000	69.411	0.008
670.000	69.590	0.007
671.000	69.770	0.013
672.000	69.949	0.006
673.000	70.128	0.005
674.000	70.307	0.001
675.000	70.486	0.005
676.000	70.665	0.015
677.000	70.844	0.007
678.000	71.024	0.009
679.000	71.203	0.003
680.000	71.382	-0.009
681.000	71.561	-0.006
682.000	71.740	-0.002
683.000	71.919	0.011
684.000	72.098	-0.001
685.000	72.278	0.003
686.000	72.457	0.005
687.000	72.636	0.008
688.000	72.815	0.015
689.000	72.994	0.007
690.000	73.173	0.006
691.000	73.353	-0.001
692.000	73.532	0.004
693.000	73.711	0.004
694.000	73.890	0.010
695.000	74.069	0.008
696.000	74.248	0.005
697.000	74.427	0.007
698.000	74.607	0.008
699.000	74.786	0.007
700.000	74.965	0.010
701.000	75.144	0.005
702.000	75.323	0.006
703.000	75.502	0.005
704.000	75.681	0.000
705.000	75.861	-0.001
706.000	76.040	0.003
707.000	76.219	-0.003
708.000	76.398	0.002
709.000	76.577	0.006
710.000	76.756	0.004
711.000	76.936	-0.001
712.000	77.115	0.003
713.000	77.294	-0.004
714.000	77.473	-0.005
715.000	77.652	0.001
716.000	77.831	0.000
717.000	78.010	-0.000
718.000	78.190	-0.004
719.000	78.369	-0.000
720.000	78.548	0.003
721.000	78.727	0.001
722.000	78.906	-0.002
723.000	79.085	-0.002
724.000	79.265	0.003
725.000	79.444	0.000
726.000	79.623	0.000
727.000	79.802	-0.004
728.000	79.981	0.004
729.000	80.160	-0.001
730.000	80.339	-0.002
731.000	80.519	-0.000
732.000	80.698	-0.006
733.000	80.877	-0.004
734.000	81.056	-0.006
735.000	81.235	-0.002
736.000	81.414	0.000
737.000	81.593	0.004
738.000	81.773	0.003
739.000	81.952	0.002
740.000	82.131	0.003
741.000	82.310	0.004
742.000	82.489	0.002
743.000	82.668	-0.000
744.000	82.848	0.002
745.000	83.027	-0.001
746.000	83.206	-0.001
747.000	83.385	0.005
748.000	83.564	0.004
749.000	83.743	0.002
750.000	83.922	-0.001
751.000	84.102	-0.006
752.000	84.281	-0.002
753.000	84.460	-0.009
754.000	84.639	-0.000
755.000	84.818	0.001
756.000	84.997	-0.000
757.000	85.177	-0.002
758.000	85.356	-0.004
759.000	85.535	0.002
760.000	85.714	0.005
761.000	85.893	0.004
762.000	86.072	0.004
763.000	86.251	0.002
764.000	86.431	-0.000
765.000	86.610	0.004
766.000	86.789	0.002
767.000	86.968	-0.001
768.000	87.147	0.002
769.000	87.326	0.005
770.000	87.505	0.003
771.000	87.685	-0.003
772.000	87.864	0.003
773.000	88.043	0.006
774.000	88.222	0.005
775.000	88.401	0.009
776.000	88.580	0.006
777.000	88.760	0.006
778.000	88.939	0.008
779.000	89.118	-0.002
780.000	89.297	0.006
781.000	89.476	0.003
782.000	89.655	0.006
783.000	89.834	0.013
784.000	90.014	0.005
785.000	90.193	0.005
786.000	90.372	0.004
787.000	90.551	0.001
788.000	90.730	0.002
789.000	90.909	0.004
790.000	91.088	0.007
791.000	91.268	0.010
792.000	91.447	0.005
793.000	91.626	0.004
794.000	91.805	0.011
795.000	91.984	0.010
796.000	92.163	-0.000
797.000	92.343	0.003
798.000	92.522	-0.005
799.000	92.701	-0.003
800.000	92.880	-0.001
0.000	-50.440	0.066
1.000	-50.260	0.055
2.000	-50.080	0.064
3.000	-49.900	0.056
4.000	-49.720	0.050
5.000	-49.541	0.048
6.000	-49.361	0.049
7.000	-49.181	0.077
8.000	-49.001	0.052
9.000	-48.821	0.069
10.000	-48.641	0.060
11.000	-48.461	0.062
12.000	-48.281	0.065
13.000	-48.101	0.087
14.000	-47.921	0.064
15.000	-47.742	0.077
16.000	-47.562	0.066
17.000	-47.382	0.054
18.000	-47.202	0.044
19.000	-47.022	0.042
20.000	-46.842	0.054
21.000	-46.662	0.048
22.000	-46.482	0.071
23.000	-46.302	0.075
24.000	-46.122	0.070
25.000	-45.943	0.063
26.000	-45.763	0.074
27.000	-45.583	0.071
28.000	-45.403	0.081
29.000	-45.223	0.074
30.000	-45.043	0.060
31.000	-44.863	0.077
32.000	-44.683	0.074
33.000	-44.503	0.072
34.000	-44.323	0.072
35.000	-44.144	0.059
36.000	-43.964	0.072
37.000	-43.784	0.055
38.000	-43.604	0.062
39.000	-43.424	0.075
40.000	-43.244	0.058
41.000	-43.064	0.048
42.000	-42.884	0.061
43.000	-42.704	0.051
44.000	-42.524	0.056
45.000	-42.345	0.049
46.000	-42.165	0.053
47.000	-41.985	0.062
48.000	-41.805	0.071
49.000	-41.625	0.058
50.000	-41.445	0.060
51.000	-41.265	0.068
52.000	-41.085	0.063
53.000	-40.905	0.064
54.000	-40.725	0.067
55.000	-40.546	0.054
56.000	-40.366	0.050
57.000	-40.186	0.053
58.000	-40.006	0.053
59.000	-39.826	0.044
60.000	-39.646	0.033
61.000	-39.466	0.042
62.000	-39.286	0.043
63.000	-39.106	0.034
64.000	-38.926	0.043
65.000	-38.747	0.033
66.000	-38.567	0.032
67.000	-38.387	0.044
68.000	-38.207	0.046
69.000	-38.027	0.031
70.000	-37.847	0.034
71.000	-37.667	0.040
72.000	-37.487	0.042
73.000	-37.307	0.039
74.000	-37.127	0.043
75.000	-36.948	0.039
76.000	-36.768	0.028
77.000	-36.588	0.027
78.000	-36.408	0.036
79.000	-36.228	0.035
80.000	-36.048	0.026
81.000	-35.868	0.026
82.000	-35.688	0.024
83.000	-35.508	0.019
84.000	-35.328	0.024
85.000	-35.149	0.025
86.000	-34.969	0.030
87.000	-34.789	0.025
88.000	-34.609	0.023
89.000	-34.429	0.018
90.000	-34.249	0.028
91.000	-34.069	0.026
92.000	-33.889	0.022
93.000	-33.709	0.020
94.000	-33.529	0.032
95.000	-33.350	0.018
96.000	-33.170	0.020
97.000	-32.990	0.033
98.000	-32.810	0.024
99.000	-32.630	0.022
100.000	-32.450	0.017
101.000	-32.270	0.016
102.000	-32.090	0.014
103.000	-31.910	0.022
104.000	-31.730	0.024
105.000	-31.551	0.022
106.000	-31.371	0.028
107.000	-31.191	0.016
108.000	-31.011	0.019
109.000	-30.831	0.020
110.000	-30.651	0.014
111.000	-30.471	0.013
112.000	-30.291	0.011
113.000	-30.111	0.016
114.000	-29.931	0.015
115.000	-29.752	0.019
116.000	-29.572	0.016
117.000	-29.392	0.016
118.000	-29.212	0.019
119.000	-29.032	0.019
120.000	-28.852	0.024
121.000	-28.672	0.019
122.000	-28.492	0.024
123.000	-28.312	0.025
124.000	-28.132	0.021
125.000	-27.953	0.023
126.000	-27.773	0.022
127.000	-27.593	0.019
128.000	-27.413	0.027
129.000	-27.233	0.019
130.000	-27.053	0.022
131.000	-26.873	0.031
132.000	-26.693	0.026
133.000	-26.513	0.032
134.000	-26.333	0.029
135.000	-26.154	0.019
136.000	-25.974	0.030
137.000	-25.794	0.028
138.000	-25.614	0.027
139.000	-25.434	0.023
140.000	-25.254	0.023
141.000	-25.074	0.023
142.000	-24.894	0.038
143.000	-24.714	0.039
144.000	-24.534	0.040
145.000	-24.355	0.035
146.000	-24.175	0.028
147.000	-23.995	0.031
148.000	-23.815	0.032
149.000	-23.635	0.030
150.000	-23.455	0.041
151.000	-23.275	0.031
152.000	-23.095	0.034
153.000	-22.915	0.032
154.000	-22.735	0.031
155.000	-22.556	0.035
156.000	-22.376	0.031
157.000	-22.196	0.024
158.000	-22.016	0.027
159.000	-21.836	0.026
160.000	-21.656	0.041
161.000	-21.476	0.031
162.000	-21.296	0.026
163.000	-21.116	0.027
164.000	-20.936	0.027
165.000	-20.757	0.027
166.000	-20.577	0.024
167.000	-20.397	0.029
168.000	-20.217	0.035
169.000	-20.037	0.028
170.000	-19.857	0.033
171.000	-19.677	0.027
172.000	-19.497	0.020
173.000	-19.317	0.036
174.000	-19.137	0.029
175.000	-18.958	0.042
176.000	-18.778	0.037
177.000	-18.598	0.032
178.000	-18.418	0.034
179.000	-18.238	0.043
180.000	-18.058	0.041
181.000	-17.878	0.038
182.000	-17.698	0.028
183.000	-17.518	0.035
184.000	-17.338	0.026
185.000	-17.159	0.040
186.000	-16.979	0.049
187.000	-16.799	0.040
188.000	-16.619	0.044
189.000	-16.439	0.036
190.000	-16.259	0.038
191.000	-16.079	0.039
192.000	-15.899	0.030
193.000	-15.719	0.031
194.000	-15.539	0.040
195.000	-15.360	0.030
196.000	-15.180	0.032
197.000	-15.000	0.042
198.000	-14.820	0.038
199.000	-14.640	0.035
200.000	-14.460	0.035
201.000	-14.280	0.028
202.000	-14.100	0.035
203.000	-13.920	0.043
204.000	-13.740	0.039
205.000	-13.561	0.041
206.000	-13.381	0.054
207.000	-13.201	0.038
208.000	-13.021	0.037
209.000	-12.841	0.050
210.000	-12.661	0.055
211.000	-12.481	0.054
212.000	-12.301	0.049
213.000	-12.121	0.045
214.000	-11.941	0.044
215.000	-11.762	0.043
216.000	-11.582	0.042
217.000	-11.402	0.034
218.000	-11.222	0.035
219.000	-11.042	0.035
220.000	-10.862	0.032
221.000	-10.682	0.034
222.000	-10.502	0.055
223.000	-10.322	0.053
224.000	-10.142	0.045
225.000	-9.963	0.049
226.000	-9.783	0.051
227.000	-9.603	0.045
228.000	-9.423	0.049
229.000	-9.243	0.055
230.000	-9.063	0.060
231.000	-8.883	0.051
232.000	-8.703	0.056
233.000	-8.523	0.059
234.000	-8.343	0.046
235.000	-8.164	0.049
236.000	-7.984	0.054
237.000	-7.804	0.045
238.000	-7.624	0.049
239.000	-7.444	0.055
240.000	-7.264	0.042
241.000	-7.084	0.062
242.000	-6.904	0.045
243.000	-6.724	0.048
244.000	-6.544	0.058
245.000	-6.365	0.045
246.000	-6.185	0.038
247.000	-6.005	0.055
248.000	-5.825	0.045
249.000	-5.645	0.042
250.000	-5.465	0.050
251.000	-5.285	0.046
252.000	-5.105	0.037
253.000	-4.925	0.035
254.000	-4.745	0.039
255.000	-4.566	0.037
256.000	-4.386	0.043
257.000	-4.206	0.054
258.000	-4.026	0.039
259.000	-3.846	0.039
260.000	-3.666	0.031
261.000	-3.486	0.035
262.000	-3.306	0.039
263.000	-3.126	0.035
264.000	-2.946	0.041
265.000	-2.767	0.028
266.000	-2.587	0.022
267.000	-2.407	0.025
268.000	-2.227	0.032
269.000	-2.047	0.027
270.000	-1.867	0.018
271.000	-1.687	0.019
272.000	-1.507	0.019
273.000	-1.327	0.030
274.000	-1.147	0.021
275.000	-0.968	0.027
276.000	-0.788	0.021
277.000	-0.608	0.019
278.000	-0.428	0.020
279.000	-0.248	0.021
280.000	-0.068	0.013
281.000	0.112	0.023
282.000	0.292	0.026
283.000	0.472	0.022
284.000	0.652	0.016
285.000	0.831	0.011
286.000	1.011	0.013
287.000	1.191	0.018
288.000	1.371	0.015
289.000	1.551	0.028
290.000	1.731	0.018
291.000	1.911	0.015
292.000	2.091	0.010
293.000	2.271	0.004
294.000	2.451	0.008
295.000	2.630	0.014
296.000	2.810	0.022
297.000	2.990	0.017
298.000	3.170	0.014
299.000	3.350	0.009
300.000	3.530	0.013
301.000	3.710	0.009
302.000	3.890	0.016
303.000	4.070	0.010
304.000	4.250	0.009
305.000	4.429	0.015
306.000	4.609	0.010
307.000	4.789	0.017
308.000	4.969	0.020
309.000	5.149	0.018
310.000	5.329	0.014
311.000	5.509	0.021
312.000	5.689	0.019
313.000	5.869	0.012
314.000	6.049	0.014
315.000	6.228	0.018
316.000	6.408	0.014
317.000	6.588	0.014
318.000	6.768	0.009
319.000	6.948	0.012
320.000	7.128	0.009
321.000	7.308	0.015
322.000	7.488	0.017
323.000	7.668	0.016
324.000	7.848	0.019
325.000	8.027	0.020
326.000	8.207	0.017
327.000	8.387	0.017
328.000	8.567	0.019
329.000	8.747	0.012
330.000	8.927	0.018
331.000	9.107	0.020
332.000	9.287	0.013
333.000	9.467	0.022
334.000	9.647	0.011
335.000	9.826	0.010
336.000	10.006	0.008
337.000	10.186	0.007
338.000	10.366	0.012
339.000	10.546	0.020
340.000	10.726	0.028
341.000	10.906	0.013
342.000	11.086	0.016
343.000	11.266	0.012
344.000	11.446	0.016
345.000	11.625	0.013
346.000	11.805	0.009
347.000	11.985	0.009
348.000	12.165	0.016
349.000	12.345	0.011
350.000	12.525	0.019
351.000	12.705	0.019
352.000	12.885	0.009
353.000	13.065	0.014
354.000	13.245	0.007
355.000	13.424	0.013
356.000	13.604	0.013
357.000	13.784	0.015
358.000	13.964	0.012
359.000	14.144	0.016
360.000	14.324	0.013
361.000	14.504	0.021
362.000	14.684	0.023
363.000	14.864	0.022
364.000	15.044	0.019
365.000	15.223	0.012
366.000	15.403	0.005
367.000	15.583	0.012
368.000	15.763	0.024
369.000	15.943	0.015
370.000	16.123	0.016
371.000	16.303	0.018
372.000	16.483	0.016
373.000	16.663	0.019
374.000	16.843	0.023
375.000	17.022	0.022
376.000	17.202	0.017
377.000	17.382	0.015
378.000	17.562	0.019
379.000	17.742	0.022
380.000	17.922	0.018
381.000	18.102	0.015
382.000	18.282	0.021
383.000	18.462	0.023
384.000	18.642	0.024
385.000	18.821	0.024
386.000	19.001	0.021
387.000	19.181	0.019
388.000	19.361	0.016
389.000	19.541	0.026
390.000	19.721	0.027
391.000	19.901	0.019
392.000	20.081	0.020
393.000	20.261	0.012
394.000	20.441	0.017
395.000	20.620	0.028
396.000	20.800	0.034
397.000	20.980	0.025
398.000	21.160	0.031
399.000	21.340	0.030
400.000	21.520	0.023
401.000	21.700	0.026
402.000	21.880	0.025
403.000	22.060	0.023
404.000	22.240	0.021
405.000	22.419	0.024
406.000	22.599	0.020
407.000	22.779	0.022
408.000	22.959	0.032
409.000	23.139	0.030
410.000	23.319	0.021
411.000	23.499	0.031
412.000	23.679	0.020
413.000	23.859	0.018
414.000	24.039	0.019
415.000	24.218	0.019
416.000	24.398	0.024
417.000	24.578	0.026
418.000	24.758	0.026
419.000	24.938	0.023
420.000	25.118	0.017
421.000	25.298	0.019
422.000	25.478	0.024
423.000	25.658	0.021
424.000	25.838	0.019
425.000	26.017	0.022
426.000	26.197	0.024
427.000	26.377	0.020
428.000	26.557	0.019
429.000	26.737	0.025
430.000	26.917	0.028
431.000	27.097	0.019
432.000	27.277	0.028
433.000	27.457	0.033
434.000	27.637	0.022
435.000	27.816	0.026
436.000	27.996	0.024
437.000	28.176	0.024
438.000	28.356	0.024
439.000	28.536	0.014
440.000	28.716	0.017
441.000	28.896	0.033
442.000	29.076	0.026
443.000	29.256	0.026
444.000	29.436	0.031
445.000	29.615	0.030
446.000	29.795	0.025
447.000	29.975	0.018
448.000	30.155	0.027
449.000	30.335	0.026
450.000	30.515	0.024
451.000	30.695	0.018
452.000	30.875	0.020
453.000	31.055	0.015
454.000	31.235	0.027
455.000	31.414	0.021
456.000	31.594	0.019
457.000	31.774	0.019
458.000	31.954	0.032
459.000	32.134	0.029
460.000	32.314	0.022
461.000	32.494	0.026
462.000	32.674	0.029
463.000	32.854	0.017
464.000	33.034	0.023
465.000	33.213	0.027
466.000	33.393	0.026
467.000	33.573	0.031
468.000	33.753	0.032
469.000	33.933	0.029
470.000	34.113	0.023
471.000	34.293	0.020
472.000	34.473	0.022
473.000	34.653	0.017
474.000	34.833	0.018
475.000	35.012	0.016
476.000	35.192	0.021
477.000	35.372	0.015
478.000	35.552	0.016
479.000	35.732	0.013
480.000	35.912	0.009
481.000	36.092	0.005
482.000	36.272	0.015
483.000	36.452	0.016
484.000	36.632	0.011
485.000	36.811	0.010
486.000	36.991	0.009
487.000	37.171	0.015
488.000	37.351	0.016
489.000	37.531	0.011
490.000	37.711	0.020
491.000	37.891	0.007
492.000	38.071	0.012
493.000	38.251	0.004
494.000	38.431	0.012
495.000	38.610	0.017
496.000	38.790	0.007
497.000	38.970	0.011
498.000	39.150	0.010
499.000	39.330	0.013
500.000	39.510	0.010
501.000	39.690	0.010
502.000	39.870	0.012
503.000	40.050	0.009
504.000	40.230	0.015
505.000	40.409	0.009
506.000	40.589	0.003
507.000	40.769	0.010
508.000	40.949	0.006
509.000	41.129	0.007
510.000	41.309	0.013
511.000	41.489	0.014
512.000	41.669	0.014
513.000	41.849	0.011
514.000	42.029	0.009
515.000	42.208	0.013
516.000	42.388	0.010
517.000	42.568	0.003
518.000	42.748	0.014
519.000	42.928	0.012
520.000	43.108	0.008
521.000	43.288	0.013
522.000	43.468	0.011
523.000	43.648	0.008
524.000	43.828	0.006
525.000	44.007	0.010
526.000	44.187	0.007
527.000	44.367	0.002
528.000	44.547	0.010
529.000	44.727	0.013
530.000	44.907	0.012
531.000	45.087	0.008
532.000	45.267	0.006
533.000	45.447	0.012
534.000	45.627	0.009
535.000	45.806	0.012
536.000	45.986	0.009
537.000	46.166	0.008
538.000	46.346	0.014
539.000	46.526	0.018
540.000	46.706	0.017
541.000	46.886	0.018
542.000	47.066	0.014
543.000	47.246	0.016
544.000	47.426	0.012
545.000	47.605	0.013
546.000	47.785	0.013
547.000	47.965	0.014
548.000	48.145	0.011
549.000	48.325	0.012
550.000	48.505	0.009
551.000	48.685	0.021
552.000	48.865	0.017
553.000	49.045	0.010
554.000	49.225	0.012
555.000	49.404	0.013
556.000	49.584	0.008
557.000	49.764	0.008
558.000	49.944	0.011
559.000	50.124	0.011
560.000	50.304	0.009
561.000	50.484	0.012
562.000	50.664	0.013
563.000	50.844	0.015
564.000	51.024	0.015
565.000	51.203	0.013
566.000	51.383	0.008
567.000	51.563	0.011
568.000	51.743	0.007
569.000	51.923	0.006
570.000	52.103	0.012
571.000	52.283	0.019
572.000	52.463	0.008
573.000	52.643	0.013
574.000	52.823	0.014
575.000	53.002	0.006
576.000	53.182	0.007
577.000	53.362	0.008
578.000	53.542	0.011
579.000	53.722	0.015
580.000	53.902	0.016
581.000	54.082	0.013
582.000	54.262	0.005
583.000	54.442	0.005
584.000	54.622	0.010
585.000	54.801	0.011
586.000	54.981	0.007
587.000	55.161	0.016
588.000	55.341	0.012
589.000	55.521	0.018
590.000	55.701	0.016
591.000	55.881	0.010
592.000	56.061	0.017
593.000	56.241	0.015
594.000	56.421	0.010
595.000	56.600	0.008
596.000	56.780	0.009
597.000	56.960	0.013
598.000	57.140	0.009
599.000	57.320	0.011
600.000	57.500	0.014
601.000	57.680	0.009
602.000	57.860	0.010
603.000	58.040	0.012
604.000	58.220	0.016
605.000	58.399	0.011
606.000	58.579	0.019
607.000	58.759	0.013
608.000	58.939	0.010
609.000	59.119	0.007
610.000	59.299	0.013
611.000	59.479	0.012
612.000	59.659	0.012
613.000	59.839	0.028
614.000	60.019	0.016
615.000	60.198	0.017
616.000	60.378	0.010
617.000	60.558	0.015
618.000	60.738	0.024
619.000	60.918	0.026
620.000	61.098	0.019
621.000	61.278	0.014
622.000	61.458	0.011
623.000	61.638	0.015
624.000	61.818	0.011
625.000	61.997	0.014
626.000	62.177	0.021
627.000	62.357	0.013
628.000	62.537	0.014
629.000	62.717	0.011
630.000	62.897	0.018
631.000	63.077	0.021
632.000	63.257	0.012
633.000	63.437	0.014
634.000	63.617	0.012
635.000	63.796	0.010
636.000	63.976	0.008
637.000	64.156	0.012
638.000	64.336	0.014
639.000	64.516	0.012
640.000	64.696	0.012
641.000	64.876	0.011
642.000	65.056	0.016
643.000	65.236	0.010
644.000	65.416	0.015
645.000	65.595	0.013
646.000	65.775	0.019
647.000	65.955	0.014
648.000	66.135	0.016
649.000	66.315	0.015
650.000	66.495	0.011
651.000	66.675	0.017
652.000	66.855	0.018
653.000	67.035	0.011
654.000	67.215	0.017
655.000	67.394	0.016
656.000	67.574	0.011
657.000	67.754	0.008
658.000	67.934	0.006
659.000	68.114	0.013
660.000	68.294	0.009
661.000	68.474	0.012
662.000	68.654	0.007
663.000	68.834	0.009
664.000	69.014	0.015
665.000	69.193	0.012
666.000	69.373	0.011
667.000	69.553	0.015
668.000	69.733	0.005
669.000	69.913	0.006
670.000	70.093	0.010
671.000	70.273	0.006
672.000	70.453	0.013
673.000	70.633	0.014
674.000	70.813	0.013
675.000	70.992	0.015
676.000	71.172	0.012
677.000	71.352	0.017
678.000	71.532	0.016
679.000	71.712	0.010
680.000	71.892	0.012
681.000	72.072	0.009
682.000	72.252	0.011
683.000	72.432	0.015
684.000	72.612	0.013
685.000	72.791	0.013
686.000	72.971	0.012
687.000	73.151	0.009
688.000	73.331	0.010
689.000	73.511	0.004
690.000	73.691	0.009
691.000	73.871	0.003
692.000	74.051	0.007
693.000	74.231	0.010
694.000	74.411	0.013
695.000	74.590	0.010
696.000	74.770	0.007
697.000	74.950	0.007
698.000	75.130	0.007
699.000	75.310	0.006
700.000	75.490	0.007
701.000	75.670	0.012
702.000	75.850	0.008
703.000	76.030	0.006
704.000	76.210	0.007
705.000	76.389	0.010
706.000	76.569	0.009
707.000	76.749	0.012
708.000	76.929	0.009
709.000	77.109	0.011
710.000	77.289	0.012
711.000	77.469	0.010
712.000	77.649	0.012
713.000	77.829	0.011
714.000	78.009	0.010
715.000	78.188	0.015
716.000	78.368	0.012
717.000	78.548	0.007
718.000	78.728	0.011
719.000	78.908	0.009
720.000	79.088	0.010
721.000	79.268	0.015
722.000	79.448	0.011
723.000	79.628	0.008
724.000	79.808	0.013
725.000	79.987	0.007
726.000	80.167	0.010
727.000	80.347	0.001
728.000	80.527	0.007
729.000	80.707	0.011
730.000	80.887	0.003
731.000	81.067	0.008
732.000	81.247	0.012
733.000	81.427	0.010
734.000	81.607	0.012
735.000	81.786	0.010
736.000	81.966	0.015
737.000	82.146	0.014
738.000	82.326	0.008
739.000	82.506	0.006
740.000	82.686	0.011
741.000	82.866	0.013
742.000	83.046	0.009
743.000	83.226	0.014
744.000	83.406	0.019
745.000	83.585	0.006
746.000	83.765	0.011
747.000	83.945	0.018
748.000	84.125	0.017
749.000	84.305	0.015
750.000	84.485	0.008
751.000	84.665	0.013
752.000	84.845	0.010
753.000	85.025	0.013
754.000	85.205	0.010
755.000	85.384	0.003
756.000	85.564	0.007
757.000	85.744	0.008
758.000	85.924	0.009
759.000	86.104	0.005
760.000	86.284	0.003
761.000	86.464	0.006
762.000	86.644	0.015
763.000	86.824	0.008
764.000	87.004	0.008
765.000	87.183	0.012
766.000	87.363	0.004
767.000	87.543	0.012
768.000	87.723	0.014
769.000	87.903	0.017
770.000	88.083	0.006
771.000	88.263	0.013
772.000	88.443	0.014
773.000	88.623	0.013
774.000	88.803	0.006
775.000	88.982	0.004
776.000	89.162	0.011
777.000	89.342	0.010
778.000	89.522	0.013
779.000	89.702	0.009
780.000	89.882	0.009
781.000	90.062	0.010
782.000	90.242	0.006
783.000	90.422	0.009
784.000	90.602	0.011
785.000	90.781	0.007
786.000	90.961	0.013
787.000	91.141	0.018
788.000	91.321	0.007
789.000	91.501	0.011
790.000	91.681	0.010
791.000	91.861	0.012
792.000	92.041	0.005
793.000	92.221	0.011
794.000	92.401	0.005
795.000	92.580	0.008
796.000	92.760	0.008
797.000	92.940	0.003
798.000	93.120	0.004
799.000	93.300	0.012
800.000	93.480	0.007
0.000	-50.340	0.055
1.000	-50.160	0.054
2.000	-49.981	0.066
3.000	-49.801	0.049
4.000	-49.621	0.055
5.000	-49.441	0.056
6.000	-49.262	0.049
7.000	-49.082	0.044
8.000	-48.902	0.056
9.000	-48.722	0.070
10.000	-48.542	0.062
11.000	-48.363	0.061
12.000	-48.183	0.052
13.000	-48.003	0.053
14.000	-47.823	0.059
15.000	-47.644	0.052
16.000	-47.464	0.048
17.000	-47.284	0.049
18.000	-47.104	0.056
19.000	-46.924	0.051
20.000	-46.745	0.050
21.000	-46.565	0.040
22.000	-46.385	0.054
23.000	-46.205	0.057
24.000	-46.026	0.051
25.000	-45.846	0.067
26.000	-45.666	0.061
27.000	-45.486	0.050
28.000	-45.307	0.045
29.000	-45.127	0.046
30.000	-44.947	0.053
31.000	-44.767	0.050
32.000	-44.587	0.061
33.000	-44.408	0.055
34.000	-44.228	0.040
35.000	-44.048	0.056
36.000	-43.868	0.076
37.000	-43.689	0.066
38.000	-43.509	0.036
39.000	-43.329	0.035
40.000	-43.149	0.050
41.000	-42.969	0.043
42.000	-42.790	0.045
43.000	-42.610	0.061
44.000	-42.430	0.052
45.000	-42.250	0.041
46.000	-42.071	0.043
47.000	-41.891	0.035
48.000	-41.711	0.054
49.000	-41.531	0.058
50.000	-41.351	0.052
51.000	-41.172	0.046
52.000	-40.992	0.045
53.000	-40.812	0.047
54.000	-40.632	0.051
55.000	-40.453	0.038
56.000	-40.273	0.046
57.000	-40.093	0.054
58.000	-39.913	0.046
59.000	-39.733	0.032
60.000	-39.554	0.052
61.000	-39.374	0.043
62.000	-39.194	0.027
63.000	-39.014	0.030
64.000	-38.835	0.037
65.000	-38.655	0.030
66.000	-38.475	0.033
67.000	-38.295	0.027
68.000	-38.116	0.021
69.000	-37.936	0.030
70.000	-37.756	0.026
71.000	-37.576	0.019
72.000	-37.396	0.032
73.000	-37.217	0.031
74.000	-37.037	0.026
75.000	-36.857	0.026
76.000	-36.677	0.038
77.000	-36.498	0.028
78.000	-36.318	0.019
79.000	-36.138	0.019
80.000	-35.958	0.024
81.000	-35.778	0.026
82.000	-35.599	0.023
83.000	-35.419	0.012
84.000	-35.239	0.021
85.000	-35.059	0.006
86.000	-34.880	0.009
87.000	-34.700	0.011
88.000	-34.520	0.016
89.000	-34.340	0.017
90.000	-34.160	0.010
91.000	-33.981	0.015
92.000	-33.801	0.019
93.000	-33.621	0.023
94.000	-33.441	0.017
95.000	-33.262	0.009
96.000	-33.082	0.013
97.000	-32.902	0.020
98.000	-32.722	0.017
99.000	-32.542	0.021
100.000	-32.363	0.024
101.000	-32.183	0.024
102.000	-32.003	0.015
103.000	-31.823	0.019
104.000	-31.644	0.020
105.000	-31.464	0.023
106.000	-31.284	0.012
107.000	-31.104	0.016
108.000	-30.924	0.016
109.000	-30.745	0.017
110.000	-30.565	0.017
111.000	-30.385	0.019
112.000	-30.205	0.021
113.000	-30.026	0.017
114.000	-29.846	0.015
115.000	-29.666	0.011
116.000	-29.486	0.011
117.000	-29.307	0.016
118.000	-29.127	0.018
119.000	-28.947	0.019
120.000	-28.767	0.022
121.000	-28.587	0.019
122.000	-28.408	0.016
123.000	-28.228	0.014
124.000	-28.048	0.020
125.000	-27.868	0.021
126.000	-27.689	0.022
127.000	-27.509	0.023
128.000	-27.329	0.026
129.000	-27.149	0.024
130.000	-26.969	0.031
131.000	-26.790	0.038
132.000	-26.610	0.032
133.000	-26.430	0.024
134.000	-26.250	0.022
135.000	-26.071	0.014
136.000	-25.891	0.016
137.000	-25.711	0.019
138.000	-25.531	0.010
139.000	-25.351	0.013
140.000	-25.172	0.008
141.000	-24.992	0.016
142.000	-24.812	0.024
143.000	-24.632	0.030
144.000	-24.453	0.025
145.000	-24.273	0.029
146.000	-24.093	0.033
147.000	-23.913	0.031
148.000	-23.733	0.026
149.000	-23.554	0.019
150.000	-23.374	0.028
151.000	-23.194	0.038
152.000	-23.014	0.032
153.000	-22.835	0.039
154.000	-22.655	0.030
155.000	-22.475	0.025
156.000	-22.295	0.029
157.000	-22.116	0.035
158.000	-21.936	0.035
159.000	-21.756	0.040
160.000	-21.576	0.037
161.000	-21.396	0.034
162.000	-21.217	0.038
163.000	-21.037	0.037
164.000	-20.857	0.034
165.000	-20.677	0.033
166.000	-20.498	0.047
167.000	-20.318	0.034
168.000	-20.138	0.045
169.000	-19.958	0.038
170.000	-19.778	0.030
171.000	-19.599	0.029
172.000	-19.419	0.025
173.000	-19.239	0.025
174.000	-19.059	0.040
175.000	-18.880	0.035
176.000	-18.700	0.034
177.000	-18.520	0.034
178.000	-18.340	0.034
179.000	-18.160	0.044
180.000	-17.981	0.036
181.000	-17.801	0.033
182.000	-17.621	0.042
183.000	-17.441	0.040
184.000	-17.262	0.045
185.000	-17.082	0.038
186.000	-16.902	0.037
187.000	-16.722	0.031
188.000	-16.542	0.038
189.000	-16.363	0.036
190.000	-16.183	0.042
191.000	-16.003	0.030
192.000	-15.823	0.028
193.000	-15.644	0.021
194.000	-15.464	0.023
195.000	-15.284	0.032
196.000	-15.104	0.040
197.000	-14.924	0.046
198.000	-14.745	0.040
199.000	-14.565	0.040
200.000	-14.385	0.037
201.000	-14.205	0.032
202.000	-14.026	0.031
203.000	-13.846	0.035
204.000	-13.666	0.032
205.000	-13.486	0.039
206.000	-13.307	0.052
207.000	-13.127	0.052
208.000	-12.947	0.036
209.000	-12.767	0.027
210.000	-12.587	0.041
211.000	-12.408	0.062
212.000	-12.228	0.040
213.000	-12.048	0.030
214.000	-11.868	0.043
215.000	-11.689	0.038
216.000	-11.509	0.043
217.000	-11.329	0.055
218.000	-11.149	0.040
219.000	-10.969	0.037
220.000	-10.790	0.034
221.000	-10.610	0.034
222.000	-10.430	0.043
223.000	-10.250	0.031
224.000	-10.071	0.042
225.000	-9.891	0.030
226.000	-9.711	0.035
227.000	-9.531	0.060
228.000	-9.351	0.040
229.000	-9.172	0.049
230.000	-8.992	0.045
231.000	-8.812	0.041
232.000	-8.632	0.041
233.000	-8.453	0.036
234.000	-8.273	0.040
235.000	-8.093	0.049
236.000	-7.913	0.043
237.000	-7.733	0.043
238.000	-7.554	0.036
239.000	-7.374	0.044
240.000	-7.194	0.040
241.000	-7.014	0.029
242.000	-6.835	0.037
243.000	-6.655	0.029
244.000	-6.475	0.033
245.000	-6.295	0.033
246.000	-6.116	0.029
247.000	-5.936	0.028
248.000	-5.756	0.034
249.000	-5.576	0.034
250.000	-5.396	0.029
251.000	-5.217	0.031
252.000	-5.037	0.036
253.000	-4.857	0.050
254.000	-4.677	0.044
255.000	-4.498	0.041
256.000	-4.318	0.041
257.000	-4.138	0.047
258.000	-3.958	0.039
259.000	-3.778	0.038
260.000	-3.599	0.019
261.000	-3.419	0.022
262.000	-3.239	0.028
263.000	-3.059	0.034
264.000	-2.880	0.028
265.000	-2.700	0.032
266.000	-2.520	0.030
267.000	-2.340	0.024
268.000	-2.160	0.024
269.000	-1.981	0.024
270.000	-1.801	0.027
271.000	-1.621	0.023
272.000	-1.441	0.015
273.000	-1.262	0.019
274.000	-1.082	0.009
275.000	-0.902	0.010
276.000	-0.722	0.022
277.000	-0.542	0.017
278.000	-0.363	0.025
279.000	-0.183	0.022
280.000	-0.003	0.019
281.000	0.177	0.011
282.000	0.356	0.021
283.000	0.536	0.014
284.000	0.716	0.016
285.000	0.896	0.013
286.000	1.076	0.017
287.000	1.255	0.009
288.000	1.435	0.008
289.000	1.615	0.013
290.000	1.795	0.022
291.000	1.974	0.012
292.000	2.154	0.013
293.000	2.334	0.006
294.000	2.514	0.008
295.000	2.693	0.009
296.000	2.873	0.014
297.000	3.053	0.009
298.000	3.233	0.020
299.000	3.413	0.021
300.000	3.592	0.015
301.000	3.772	0.005
302.000	3.952	0.007
303.000	4.132	0.002
304.000	4.311	0.005
305.000	4.491	0.004
306.000	4.671	0.006
307.000	4.851	0.010
308.000	5.031	0.009
309.000	5.210	0.014
310.000	5.390	0.014
311.000	5.570	0.005
312.000	5.750	-0.001
313.000	5.929	0.004
314.000	6.109	0.010
315.000	6.289	0.005
316.000	6.469	0.004
317.000	6.649	0.003
318.000	6.828	0.005
319.000	7.008	0.009
320.000	7.188	0.012
321.000	7.368	0.005
322.000	7.547	0.003
323.000	7.727	0.010
324.000	7.907	0.006
325.000	8.087	0.010
326.000	8.267	0.015
327.000	8.446	0.016
328.000	8.626	0.008
329.000	8.806	0.007
330.000	8.986	0.007
331.000	9.165	0.003
332.000	9.345	0.010
333.000	9.525	0.002
334.000	9.705	0.006
335.000	9.884	0.006
336.000	10.064	0.012
337.000	10.244	0.009
338.000	10.424	0.005
339.000	10.604	0.007
340.000	10.783	0.013
341.000	10.963	-0.003
342.000	11.143	0.003
343.000	11.323	-0.002
344.000	11.502	0.001
345.000	11.682	0.000
346.000	11.862	0.007
347.000	12.042	0.002
348.000	12.222	0.000
349.000	12.401	0.006
350.000	12.581	0.009
351.000	12.761	0.005
352.000	12.941	-0.000
353.000	13.120	0.003
354.000	13.300	-0.003
355.000	13.480	-0.004
356.000	13.660	0.011
357.000	13.840	0.001
358.000	14.019	0.001
359.000	14.199	0.003
360.000	14.379	0.018
361.000	14.559	0.006
362.000	14.738	0.016
363.000	14.918	0.009
364.000	15.098	0.006
365.000	15.278	0.003
366.000	15.458	0.012
367.000	15.637	0.014
368.000	15.817	0.010
369.000	15.997	0.007
370.000	16.177	0.004
371.000	16.356	0.013
372.000	16.536	0.011
373.000	16.716	0.006
374.000	16.896	0.008
375.000	17.076	0.017
376.000	17.255	0.004
377.000	17.435	0.006
378.000	17.615	0.004
379.000	17.795	0.015
380.000	17.974	0.008
381.000	18.154	0.016
382.000	18.334	0.019
383.000	18.514	0.018
384.000	18.693	0.023
385.000	18.873	0.012
386.000	19.053	0.010
387.000	19.233	0.013
388.000	19.413	0.010
389.000	19.592	0.005
390.000	19.772	0.008
391.000	19.952	0.013
392.000	20.132	0.008
393.000	20.311	0.008
394.000	20.491	0.012
395.000	20.671	0.026
396.000	20.851	0.028
397.000	21.031	0.030
398.000	21.210	0.024
399.000	21.390	0.024
400.000	21.570	0.021
401.000	21.750	0.029
402.000	21.929	0.026
403.000	22.109	0.019
404.000	22.289	0.017
405.000	22.469	0.032
406.000	22.649	0.020
407.000	22.828	0.018
408.000	23.008	0.021
409.000	23.188	0.033
410.000	23.368	0.019
411.000	23.547	0.019
412.000	23.727	0.018
413.000	23.907	0.029
414.000	24.087	0.017
415.000	24.267	0.019
416.000	24.446	0.018
417.000	24.626	0.020
418.000	24.806	0.028
419.000	24.986	0.022
420.000	25.165	0.029
421.000	25.345	0.021
422.000	25.525	0.015
423.000	25.705	0.021
424.000	25.884	0.018
425.000	26.064	0.028
426.000	26.244	0.017
427.000	26.424	0.014
428.000	26.604	0.020
429.000	26.783	0.016
430.000	26.963	0.026
431.000	27.143	0.023
432.000	27.323	0.024
433.000	27.502	0.018
434.000	27.682	0.016
435.000	27.862	0.012
436.000	28.042	0.017
437.000	28.222	0.029
438.000	28.401	0.021
439.000	28.581	0.022
440.000	28.761	0.019
441.000	28.941	0.013
442.000	29.120	0.020
443.000	29.300	0.018
444.000	29.480	0.028
445.000	29.660	0.016
446.000	29.840	0.020
447.000	30.019	0.021
448.000	30.199	0.017
449.000	30.379	0.015
450.000	30.559	0.021
451.000	30.738	0.010
452.000	30.918	0.019
453.000	31.098	0.016
454.000	31.278	0.019
455.000	31.458	0.025
456.000	31.637	0.023
457.000	31.817	0.012
458.000	31.997	0.009
459.000	32.177	0.027
460.000	32.356	0.027
461.000	32.536	0.012
462.000	32.716	0.014
463.000	32.896	0.002
464.000	33.076	0.019
465.000	33.255	0.024
466.000	33.435	0.023
467.000	33.615	0.017
468.000	33.795	0.013
469.000	33.974	0.009
470.000	34.154	0.007
471.000	34.334	0.012
472.000	34.514	0.007
473.000	34.693	0.004
474.000	34.873	0.013
475.000	35.053	0.014
476.000	35.233	0.006
477.000	35.413	0.005
478.000	35.592	0.007
479.000	35.772	0.017
480.000	35.952	0.009
481.000	36.132	0.006
482.000	36.311	0.015
483.000	36.491	0.005
484.000	36.671	0.005
485.000	36.851	-0.000
486.000	37.031	0.004
487.000	37.210	-0.002
488.000	37.390	0.003
489.000	37.570	0.008
490.000	37.750	0.006
491.000	37.929	0.003
492.000	38.109	0.003
493.000	38.289	0.006
494.000	38.469	0.003
495.000	38.649	-0.001
496.000	38.828	0.004
497.000	39.008	0.004
498.000	39.188	0.000
499.000	39.368	-0.000
500.000	39.547	-0.003
501.000	39.727	-0.006
502.000	39.907	-0.002
503.000	40.087	-0.010
504.000	40.267	-0.000
505.000	40.446	-0.000
506.000	40.626	-0.008
507.000	40.806	-0.013
508.000	40.986	-0.005
509.000	41.165	-0.009
510.000	41.345	-0.004
511.000	41.525	-0.000
512.000	41.705	-0.005
513.000	41.884	-0.004
514.000	42.064	-0.002
515.000	42.244	0.002
516.000	42.424	0.002
517.000	42.604	0.000
518.000	42.783	0.002
519.000	42.963	0.004
520.000	43.143	-0.001
521.000	43.323	-0.001
522.000	43.502	-0.001
523.000	43.682	-0.007
524.000	43.862	-0.006
525.000	44.042	-0.002
526.000	44.222	-0.005
527.000	44.401	-0.004
528.000	44.581	-0.002
529.000	44.761	-0.007
530.000	44.941	-0.004
531.000	45.120	-0.002
532.000	45.300	0.000
533.000	45.480	-0.002
534.000	45.660	0.007
535.000	45.840	-0.001
536.000	46.019	-0.003
537.000	46.199	0.001
538.000	46.379	-0.003
539.000	46.559	-0.004
540.000	46.738	-0.006
541.000	46.918	-0.009
542.000	47.098	-0.002
543.000	47.278	-0.006
544.000	47.458	-0.001
545.000	47.637	-0.003
546.000	47.817	-0.003
547.000	47.997	-0.006
548.000	48.177	-0.009
549.000	48.356	-0.006
550.000	48.536	-0.003
551.000	48.716	-0.003
552.000	48.896	-0.005
553.000	49.076	-0.012
554.000	49.255	-0.008
555.000	49.435	-0.008
556.000	49.615	-0.009
557.000	49.795	-0.001
558.000	49.974	-0.000
559.000	50.154	-0.006
560.000	50.334	-0.007
561.000	50.514	-0.016
562.000	50.693	-0.008
563.000	50.873	-0.004
564.000	51.053	-0.008
565.000	51.233	-0.006
566.000	51.413	-0.008
567.000	51.592	-0.013
568.000	51.772	-0.006
569.000	51.952	-0.011
570.000	52.132	-0.012
571.000	52.311	-0.011
572.000	52.491	-0.010
573.000	52.671	-0.014
574.000	52.851	-0.016
575.000	53.031	-0.011
576.000	53.210	-0.006
577.000	53.390	-0.012
578.000	53.570	-0.010
579.000	53.750	-0.012
580.000	53.929	-0.009
581.000	54.109	-0.010
582.000	54.289	-0.015
583.000	54.469	-0.013
584.000	54.649	-0.012
585.000	54.828	-0.014
586.000	55.008	-0.017
587.000	55.188	-0.009
588.000	55.368	-0.013
589.000	55.547	-0.004
590.000	55.727	-0.014
591.000	55.907	-0.013
592.000	56.087	-0.013
593.000	56.267	-0.010
594.000	56.446	-0.008
595.000	56.626	-0.003
596.000	56.806	-0.012
597.000	56.986	-0.008
598.000	57.165	-0.001
599.000	57.345	-0.007
600.000	57.525	-0.005
601.000	57.705	-0.007
602.000	57.884	-0.007
603.000	58.064	-0.008
604.000	58.244	-0.006
605.000	58.424	-0.004
606.000	58.604	-0.008
607.000	58.783	-0.004
608.000	58.963	-0.003
609.000	59.143	-0.006
610.000	59.323	-0.003
611.000	59.502	-0.003
612.000	59.682	-0.010
613.000	59.862	-0.016
614.000	60.042	-0.010
615.000	60.222	-0.004
616.000	60.401	-0.003
617.000	60.581	-0.006
618.000	60.761	-0.007
619.000	60.941	-0.003
620.000	61.120	0.001
621.000	61.300	-0.001
622.000	61.480	0.004
623.000	61.660	-0.003
624.000	61.840	-0.012
625.000	62.019	-0.008
626.000	62.199	-0.013
627.000	62.379	0.001
628.000	62.559	-0.003
629.000	62.738	0.001
630.000	62.918	-0.003
631.000	63.098	0.002
632.000	63.278	0.006
633.000	63.458	0.002
634.000	63.637	-0.001
635.000	63.817	-0.004
636.000	63.997	-0.002
637.000	64.177	0.007
638.000	64.356	0.007
639.000	64.536	0.001
640.000	64.716	-0.008
641.000	64.896	-0.000
642.000	65.076	0.006
643.000	65.255	0.008
644.000	65.435	-0.003
645.000	65.615	0.005
646.000	65.795	-0.001
647.000	65.974	-0.005
648.000	66.154	0.001
649.000	66.334	-0.000
650.000	66.514	0.002
651.000	66.693	0.007
652.000	66.873	0.006
653.000	67.053	0.000
654.000	67.233	0.001
655.000	67.413	-0.004
656.000	67.592	0.002
657.000	67.772	0.005
658.000	67.952	0.002
659.000	68.132	0.001
660.000	68.311	-0.004
661.000	68.491	-0.005
662.000	68.671	-0.008
663.000	68.851	-0.000
664.000	69.031	-0.004
665.000	69.210	0.009
666.000	69.390	0.007
667.000	69.570	0.002
668.000	69.750	0.007
669.000	69.929	0.008
670.000	70.109	0.005
671.000	70.289	0.010
672.000	70.469	0.008
673.000	70.649	-0.001
674.000	70.828	0.004
675.000	71.008	-0.001
676.000	71.188	0.005
677.000	71.368	0.006
678.000	71.547	-0.001
679.000	71.727	0.009
680.000	71.907	0.008
681.000	72.087	0.005
682.000	72.267	0.002
683.000	72.446	0.001
684.000	72.626	0.002
685.000	72.806	0.001
686.000	72.986	0.003
687.000	73.165	0.003
688.000	73.345	0.003
689.000	73.525	0.003
690.000	73.705	0.005
691.000	73.884	0.008
692.000	74.064	-0.001
693.000	74.244	0.001
694.000	74.424	0.005
695.000	74.604	0.010
696.000	74.783	0.007
697.000	74.963	0.010
698.000	75.143	0.006
699.000	75.323	0.003
700.000	75.502	0.001
701.000	75.682	0.000
702.000	75.862	0.009
703.000	76.042	0.007
704.000	76.222	0.007
705.000	76.401	0.002
706.000	76.581	0.003
707.000	76.761	0.005
708.000	76.941	0.001
709.000	77.120	-0.001
710.000	77.300	-0.007
711.000	77.480	-0.000
712.000	77.660	0.005
713.000	77.840	0.007
714.000	78.019	0.005
715.000	78.199	0.008
716.000	78.379	0.007
717.000	78.559	0.004
718.000	78.738	0.002
719.000	78.918	0.011
720.000	79.098	0.010
721.000	79.278	0.002
722.000	79.458	0.011
723.000	79.637	0.008
724.000	79.817	0.001
725.000	79.997	0.004
726.000	80.177	-0.000
727.000	80.356	0.003
728.000	80.536	0.005
729.000	80.716	0.006
730.000	80.896	0.009
731.000	81.076	0.010
732.000	81.255	0.005
733.000	81.435	0.005
734.000	81.615	0.009
735.000	81.795	0.007
736.000	81.974	0.009
737.000	82.154	0.012
738.000	82.334	0.004
739.000	82.514	0.004
740.000	82.693	0.005
741.000	82.873	0.001
742.000	83.053	0.012
743.000	83.233	0.010
744.000	83.413	0.003
745.000	83.592	0.006
746.000	83.772	0.005
747.000	83.952	0.005
748.000	84.132	0.003
749.000	84.311	0.003
750.000	84.491	0.005
751.000	84.671	0.003
752.000	84.851	0.001
753.000	85.031	0.005
754.000	85.210	-0.002
755.000	85.390	0.001
756.000	85.570	0.001
757.000	85.750	0.000
758.000	85.929	0.001
759.000	86.109	-0.003
760.000	86.289	-0.001
761.000	86.469	-0.007
762.000	86.649	-0.001
763.000	86.828	-0.007
764.000	87.008	-0.001
765.000	87.188	0.000
766.000	87.368	0.003
767.000	87.547	0.000
768.000	87.727	0.002
769.000	87.907	-0.003
770.000	88.087	0.003
771.000	88.267	0.003
772.000	88.446	0.003
773.000	88.626	0.003
774.000	88.806	-0.003
775.000	88.986	-0.004
776.000	89.165	-0.003
777.000	89.345	-0.004
778.000	89.525	-0.011
779.000	89.705	-0.007
780.000	89.884	-0.003
781.000	90.064	-0.002
782.000	90.244	-0.003
783.000	90.424	-0.005
784.000	90.604	-0.009
785.000	90.783	-0.002
786.000	90.963	-0.005
787.000	91.143	-0.005
788.000	91.323	-0.014
789.000	91.502	-0.006
790.000	91.682	-0.009
791.000	91.862	-0.002
792.000	92.042	-0.003
793.000	92.222	-0.006
794.000	92.401	-0.009
795.000	92.581	-0.004
796.000	92.761	0.004
797.000	92.941	-0.006
798.000	93.120	-0.004
799.000	93.300	-0.001
800.000	93.480	-0.005
0.000	-50.240	0.040
1.000	-50.061	0.050
2.000	-49.881	0.046
3.000	-49.702	0.068
4.000	-49.522	0.056
5.000	-49.343	0.054
6.000	-49.163	0.046
7.000	-48.984	0.042
8.000	-48.804	0.048
9.000	-48.625	0.055
10.000	-48.445	0.067
11.000	-48.266	0.052
12.000	-48.086	0.054
13.000	-47.907	0.058
14.000	-47.727	0.043
15.000	-47.548	0.045
16.000	-47.368	0.054
17.000	-47.189	0.041
18.000	-47.009	0.053
19.000	-46.829	0.046
20.000	-46.650	0.046
21.000	-46.470	0.056
22.000	-46.291	0.055
23.000	-46.111	0.035
24.000	-45.932	0.045
25.000	-45.752	0.055
26.000	-45.573	0.050
27.000	-45.393	0.050
28.000	-45.214	0.059
29.000	-45.034	0.063
30.000	-44.855	0.057
31.000	-44.675	0.060
32.000	-44.496	0.051
33.000	-44.316	0.052
34.000	-44.137	0.060
35.000	-43.957	0.045
36.000	-43.778	0.053
37.000	-43.598	0.060
38.000	-43.419	0.046
39.000	-43.239	0.047
40.000	-43.059	0.047
41.000	-42.880	0.048
42.000	-42.700	0.058
43.000	-42.521	0.048
44.000	-42.341	0.045
45.000	-42.162	0.048
46.000	-41.982	0.043
47.000	-41.803	0.046
48.000	-41.623	0.049
49.000	-41.444	0.030
50.000	-41.264	0.031
51.000	-41.085	0.032
52.000	-40.905	0.030
53.000	-40.726	0.023
54.000	-40.546	0.032
55.000	-40.367	0.029
56.000	-40.187	0.029
57.000	-40.008	0.024
58.000	-39.828	0.032
59.000	-39.648	0.037
60.000	-39.469	0.016
61.000	-39.289	0.027
62.000	-39.110	0.030
63.000	-38.930	0.031
64.000	-38.751	0.018
65.000	-38.571	0.028
66.000	-38.392	0.019
67.000	-38.212	0.010
68.000	-38.033	0.009
69.000	-37.853	0.017
70.000	-37.674	0.016
71.000	-37.494	0.007
72.000	-37.315	0.011
73.000	-37.135	0.002
74.000	-36.956	0.006
75.000	-36.776	0.004
76.000	-36.597	0.004
77.000	-36.417	0.009
78.000	-36.237	0.002
79.000	-36.058	0.007
80.000	-35.878	0.009
81.000	-35.699	0.009
82.000	-35.519	0.010
83.000	-35.340	0.009
84.000	-35.160	0.007
85.000	-34.981	0.003
86.000	-34.801	0.012
87.000	-34.622	0.009
88.000	-34.442	0.012
89.000	-34.263	0.008
90.000	-34.083	0.009
91.000	-33.904	0.014
92.000	-33.724	0.002
93.000	-33.545	0.004
94.000	-33.365	0.002
95.000	-33.186	0.009
96.000	-33.006	-0.006
97.000	-32.826	0.002
98.000	-32.647	0.003
99.000	-32.467	0.004
100.000	-32.288	-0.007
101.000	-32.108	0.003
102.000	-31.929	0.007
103.000	-31.749	0.009
104.000	-31.570	0.010
105.000	-31.390	0.002
106.000	-31.211	0.007
107.000	-31.031	0.008
108.000	-30.852	0.011
109.000	-30.672	0.013
110.000	-30.493	0.006
111.000	-30.313	0.005
112.000	-30.134	0.006
113.000	-29.954	0.015
114.000	-29.775	0.025
115.000	-29.595	0.025
116.000	-29.416	0.021
117.000	-29.236	0.018
118.000	-29.056	0.004
119.000	-28.877	0.016
120.000	-28.697	0.014
121.000	-28.518	0.013
122.000	-28.338	0.017
123.000	-28.159	0.012
124.000	-27.979	0.011
125.000	-27.800	0.008
126.000	-27.620	0.012
127.000	-27.441	0.017
128.000	-27.261	0.011
129.000	-27.082	0.008
130.000	-26.902	0.027
131.000	-26.723	0.029
132.000	-26.543	0.016
133.000	-26.364	0.006
134.000	-26.184	0.015
135.000	-26.005	0.009
136.000	-25.825	0.004
137.000	-25.645	0.012
138.000	-25.466	0.015
139.000	-25.286	0.022
140.000	-25.107	0.010
141.000	-24.927	0.018
142.000	-24.748	0.013
143.000	-24.568	0.014
144.000	-24.389	0.009
145.000	-24.209	0.010
146.000	-24.030	0.023
147.000	-23.850	0.017
148.000	-23.671	0.020
149.000	-23.491	0.010
150.000	-23.312	0.015
151.000	-23.132	0.014
152.000	-22.953	0.024
153.000	-22.773	0.017
154.000	-22.594	0.017
155.000	-22.414	0.007
156.000	-22.234	0.002
157.000	-22.055	0.006
158.000	-21.875	0.011
159.000	-21.696	0.012
160.000	-21.516	0.006
161.000	-21.337	0.001
162.000	-21.157	0.004
163.000	-20.978	0.005
164.000	-20.798	0.023
165.000	-20.619	0.018
166.000	-20.439	0.015
167.000	-20.260	0.018
168.000	-20.080	0.014
169.000	-19.901	0.005
170.000	-19.721	0.011
171.000	-19.542	0.021
172.000	-19.362	0.027
173.000	-19.183	0.019
174.000	-19.003	0.016
175.000	-18.823	0.019
176.000	-18.644	0.017
177.000	-18.464	0.028
178.000	-18.285	0.022
179.000	-18.105	0.029
180.000	-17.926	0.026
181.000	-17.746	0.020
182.000	-17.567	0.012
183.000	-17.387	0.014
184.000	-17.208	0.023
185.000	-17.028	0.026
186.000	-16.849	0.012
187.000	-16.669	0.009
188.000	-16.490	0.007
189.000	-16.310	0.012
190.000	-16.131	0.017
191.000	-15.951	0.016
192.000	-15.772	0.013
193.000	-15.592	0.013
194.000	-15.413	0.013
195.000	-15.233	0.017
196.000	-15.053	0.007
197.000	-14.874	0.018
198.000	-14.694	0.024
199.000	-14.515	0.028
200.000	-14.335	0.032
201.000	-14.156	0.027
202.000	-13.976	0.017
203.000	-13.797	0.031
204.000	-13.617	0.023
205.000	-13.438	0.018
206.000	-13.258	0.016
207.000	-13.079	0.021
208.000	-12.899	0.025
209.000	-12.720	0.043
210.000	-12.540	0.032
211.000	-12.361	0.031
212.000	-12.181	0.026
213.000	-12.002	0.031
214.000	-11.822	0.020
215.000	-11.642	0.033
216.000	-11.463	0.025
217.000	-11.283	0.023
218.000	-11.104	0.040
219.000	-10.924	0.045
220.000	-10.745	0.027
221.000	-10.565	0.019
222.000	-10.386	0.022
223.000	-10.206	0.021
224.000	-10.027	0.046
225.000	-9.847	0.034
226.000	-9.668	0.029
227.000	-9.488	0.025
228.000	-9.309	0.030
229.000	-9.129	0.022
230.000	-8.950	0.032
231.000	-8.770	0.031
232.000	-8.591	0.016
233.000	-8.411	0.024
234.000	-8.231	0.025
235.000	-8.052	0.038
236.000	-7.872	0.037
237.000	-7.693	0.025
238.000	-7.513	0.030
239.000	-7.334	0.034
240.000	-7.154	0.029
241.000	-6.975	0.018
242.000	-6.795	0.025
243.000	-6.616	0.022
244.000	-6.436	0.027
245.000	-6.257	0.018
246.000	-6.077	0.014
247.000	-5.898	0.019
248.000	-5.718	0.021
249.000	-5.539	0.017
250.000	-5.359	0.014
251.000	-5.180	0.020
252.000	-5.000	0.025
253.000	-4.820	0.014
254.000	-4.641	0.015
255.000	-4.461	0.019
256.000	-4.282	0.020
257.000	-4.102	0.004
258.000	-3.923	0.008
259.000	-3.743	0.009
260.000	-3.564	0.008
261.000	-3.384	0.004
262.000	-3.205	0.005
263.000	-3.025	0.020
264.000	-2.846	0.013
265.000	-2.666	0.023
266.000	-2.487	0.009
267.000	-2.307	0.004
268.000	-2.128	-0.003
269.000	-1.948	-0.002
270.000	-1.769	-0.005
271.000	-1.589	-0.003
272.000	-1.410	-0.006
273.000	-1.230	0.004
274.000	-1.050	0.005
275.000	-0.871	0.000
276.000	-0.691	-0.008
277.000	-0.512	-0.004
278.000	-0.332	-0.005
279.000	-0.153	-0.011
280.000	0.027	-0.008
281.000	0.206	-0.001
282.000	0.386	-0.009
283.000	0.565	-0.018
284.000	0.745	-0.010
285.000	0.924	-0.015
286.000	1.104	-0.007
287.000	1.283	-0.008
288.000	1.463	-0.005
289.000	1.642	-0.008
290.000	1.822	-0.013
291.000	2.001	-0.012
292.000	2.181	-0.011
293.000	2.361	-0.015
294.000	2.540	-0.014
295.000	2.720	-0.013
296.000	2.899	-0.007
297.000	3.079	-0.009
298.000	3.258	-0.008
299.000	3.438	-0.003
300.000	3.617	-0.008
301.000	3.797	-0.008
302.000	3.976	-0.011
303.000	4.156	-0.016
304.000	4.335	-0.011
305.000	4.515	-0.014
306.000	4.694	-0.007
307.000	4.874	-0.012
308.000	5.053	-0.016
309.000	5.233	-0.015
310.000	5.412	-0.018
311.000	5.592	-0.007
312.000	5.772	-0.002
313.000	5.951	-0.006
314.000	6.131	-0.007
315.000	6.310	-0.012
316.000	6.490	-0.021
317.000	6.669	-0.016
318.000	6.849	-0.010
319.000	7.028	-0.013
320.000	7.208	-0.008
321.000	7.387	-0.000
322.000	7.567	0.003
323.000	7.746	0.005
324.000	7.926	0.002
325.000	8.105	0.003
326.000	8.285	-0.006
327.000	8.464	-0.007
328.000	8.644	0.003
329.000	8.823	-0.003
330.000	9.003	-0.007
331.000	9.182	0.001
332.000	9.362	0.000
333.000	9.542	-0.004
334.000	9.721	-0.010
335.000	9.901	-0.002
336.000	10.080	-0.002
337.000	10.260	-0.009
338.000	10.439	-0.003
339.000	10.619	-0.011
340.000	10.798	-0.009
341.000	10.978	-0.011
342.000	11.157	-0.007
343.000	11.337	0.002
344.000	11.516	-0.004
345.000	11.696	-0.005
346.000	11.875	-0.007
347.000	12.055	-0.011
348.000	12.234	-0.014
349.000	12.414	-0.012
350.000	12.593	-0.008
351.000	12.773	-0.011
352.000	12.953	-0.010
353.000	13.132	-0.011
354.000	13.312	-0.015
355.000	13.491	-0.009
356.000	13.671	-0.010
357.000	13.850	-0.009
358.000	14.030	-0.007
359.000	14.209	0.002
360.000	14.389	-0.006
361.000	14.568	-0.009
362.000	14.748	-0.010
363.000	14.927	-0.008
364.000	15.107	-0.013
365.000	15.286	-0.011
366.000	15.466	0.001
367.000	15.645	-0.010
368.000	15.825	-0.023
369.000	16.004	-0.013
370.000	16.184	-0.003
371.000	16.364	-0.009
372.000	16.543	-0.003
373.000	16.723	0.002
374.000	16.902	-0.001
375.000	17.082	-0.008
376.000	17.261	-0.007
377.000	17.441	0.003
378.000	17.620	-0.002
379.000	17.800	-0.008
380.000	17.979	0.002
381.000	18.159	-0.009
382.000	18.338	-0.007
383.000	18.518	-0.005
384.000	18.697	-0.002
385.000	18.877	-0.014
386.000	19.056	-0.013
387.000	19.236	-0.012
388.000	19.415	-0.009
389.000	19.595	-0.009
390.000	19.775	-0.013
391.000	19.954	-0.004
392.000	20.134	-0.006
393.000	20.313	-0.005
394.000	20.493	-0.004
395.000	20.672	-0.003
396.000	20.852	-0.001
397.000	21.031	-0.002
398.000	21.211	-0.012
399.000	21.390	-0.014
400.000	21.570	0.001
401.000	21.749	0.003
402.000	21.929	-0.001
403.000	22.108	0.004
404.000	22.288	0.018
405.000	22.467	0.008
406.000	22.647	0.003
407.000	22.826	-0.006
408.000	23.006	0.001
409.000	23.185	0.003
410.000	23.365	-0.000
411.000	23.545	0.006
412.000	23.724	0.012
413.000	23.904	0.008
414.000	24.083	0.009
415.000	24.263	0.016
416.000	24.442	0.005
417.000	24.622	0.003
418.000	24.801	-0.000
419.000	24.981	-0.003
420.000	25.160	-0.005
421.000	25.340	-0.006
422.000	25.519	0.009
423.000	25.699	0.004
424.000	25.878	0.007
425.000	26.058	0.008
426.000	26.237	-0.002
427.000	26.417	-0.003
428.000	26.596	0.002
429.000	26.776	-0.001
430.000	26.956	0.008
431.000	27.135	0.002
432.000	27.315	-0.004
433.000	27.494	-0.006
434.000	27.674	-0.003
435.000	27.853	-0.010
436.000	28.033	-0.007
437.000	28.212	0.006
438.000	28.392	0.005
439.000	28.571	-0.001
440.000	28.751	-0.007
441.000	28.930	-0.012
442.000	29.110	-0.001
443.000	29.289	-0.012
444.000	29.469	-0.002
445.000	29.648	-0.015
446.000	29.828	-0.015
447.000	30.007	-0.000
448.000	30.187	-0.007
449.000	30.367	-0.003
450.000	30.546	0.008
451.000	30.726	-0.003
452.000	30.905	-0.001
453.000	31.085	-0.009
454.000	31.264	0.001
455.000	31.444	-0.008
456.000	31.623	-0.002
457.000	31.803	0.001
458.000	31.982	-0.004
459.000	32.162	-0.004
460.000	32.341	0.001
461.000	32.521	0.013
462.000	32.700	0.001
463.000	32.880	0.014
464.000	33.059	-0.010
465.000	33.239	-0.013
466.000	33.418	-0.014
467.000	33.598	-0.007
468.000	33.778	-0.008
469.000	33.957	-0.010
470.000	34.137	-0.002
471.000	34.316	-0.006
472.000	34.496	-0.004
473.000	34.675	-0.014
474.000	34.855	-0.016
475.000	35.034	-0.010
476.000	35.214	-0.015
477.000	35.393	-0.017
478.000	35.573	-0.013
479.000	35.752	-0.013
480.000	35.932	-0.008
481.000	36.111	-0.015
482.000	36.291	-0.010
483.000	36.470	-0.017
484.000	36.650	-0.018
485.000	36.829	-0.012
486.000	37.009	-0.013
487.000	37.188	-0.013
488.000	37.368	-0.015
489.000	37.548	-0.016
490.000	37.727	-0.007
491.000	37.907	-0.015
492.000	38.086	-0.018
493.000	38.266	-0.021
494.000	38.445	-0.016
495.000	38.625	-0.019
496.000	38.804	-0.009
497.000	38.984	-0.014
498.000	39.163	-0.022
499.000	39.343	-0.017
500.000	39.522	-0.010
501.000	39.702	-0.013
502.000	39.881	-0.021
503.000	40.061	-0.012
504.000	40.240	-0.012
505.000	40.420	-0.024
506.000	40.599	-0.012
507.000	40.779	-0.012
508.000	40.959	-0.019
509.000	41.138	-0.012
510.000	41.318	-0.018
511.000	41.497	-0.024
512.000	41.677	-0.020
513.000	41.856	-0.023
514.000	42.036	-0.023
515.000	42.215	-0.014
516.000	42.395	-0.018
517.000	42.574	-0.014
518.000	42.754	-0.025
519.000	42.933	-0.013
520.000	43.113	-0.026
521.000	43.292	-0.020
522.000	43.472	-0.020
523.000	43.651	-0.020
524.000	43.831	-0.015
525.000	44.010	-0.022
526.000	44.190	-0.022
527.000	44.370	-0.024
528.000	44.549	-0.016
529.000	44.729	-0.021
530.000	44.908	-0.018
531.000	45.088	-0.019
532.000	45.267	-0.013
533.000	45.447	-0.012
534.000	45.626	-0.016
535.000	45.806	-0.018
536.000	45.985	-0.015
537.000	46.165	-0.012
538.000	46.344	-0.016
539.000	46.524	-0.012
540.000	46.703	-0.010
541.000	46.883	-0.024
542.000	47.062	-0.013
543.000	47.242	-0.018
544.000	47.421	-0.016
545.000	47.601	-0.018
546.000	47.780	-0.014
547.000	47.960	-0.014
548.000	48.140	-0.011
549.000	48.319	-0.013
550.000	48.499	-0.014
551.000	48.678	-0.012
552.000	48.858	-0.004
553.000	49.037	-0.004
554.000	49.217	-0.004
555.000	49.396	-0.003
556.000	49.576	-0.005
557.000	49.755	-0.003
558.000	49.935	-0.008
559.000	50.114	-0.012
560.000	50.294	-0.011
561.000	50.473	-0.002
562.000	50.653	-0.003
563.000	50.832	0.003
564.000	51.012	-0.001
565.000	51.191	-0.002
566.000	51.371	-0.003
567.000	51.551	0.001
568.000	51.730	-0.002
569.000	51.910	-0.004
570.000	52.089	-0.008
571.000	52.269	-0.004
572.000	52.448	-0.003
573.000	52.628	-0.002
574.000	52.807	-0.006
575.000	52.987	-0.003
576.000	53.166	-0.001
577.000	53.346	-0.010
578.000	53.525	-0.003
579.000	53.705	-0.009
580.000	53.884	-0.008
581.000	54.064	-0.014
582.000	54.243	-0.016
583.000	54.423	-0.005
584.000	54.602	-0.008
585.000	54.782	-0.011
586.000	54.962	-0.008
587.000	55.141	-0.002
588.000	55.321	-0.006
589.000	55.500	-0.004
590.000	55.680	-0.004
591.000	55.859	-0.003
592.000	56.039	-0.006
593.000	56.218	-0.008
594.000	56.398	-0.007
595.000	56.577	-0.009
596.000	56.757	-0.002
597.000	56.936	-0.002
598.000	57.116	-0.003
599.000	57.295	-0.004
600.000	57.475	-0.013
601.000	57.654	-0.002
602.000	57.834	-0.002
603.000	58.013	-0.000
604.000	58.193	-0.013
605.000	58.373	0.001
606.000	58.552	-0.002
607.000	58.732	-0.004
608.000	58.911	-0.001
609.000	59.091	0.002
610.000	59.270	0.000
611.000	59.450	-0.003
612.000	59.629	-0.007
613.000	59.809	-0.004
614.000	59.988	-0.003
615.000	60.168	-0.006
616.000	60.347	-0.003
617.000	60.527	-0.007
618.000	60.706	-0.007
619.000	60.886	-0.002
620.000	61.065	0.006
621.000	61.245	-0.004
622.000	61.424	-0.006
623.000	61.604	-0.001
624.000	61.783	-0.006
625.000	61.963	-0.011
626.000	62.143	-0.003
627.000	62.322	-0.004
628.000	62.502	0.001
629.000	62.681	-0.010
630.000	62.861	0.004
631.000	63.040	0.003
632.000	63.220	0.002
633.000	63.399	-0.005
634.000	63.579	-0.009
635.000	63.758	-0.004
636.000	63.938	-0.001
637.000	64.117	0.005
638.000	64.297	0.004
639.000	64.476	-0.006
640.000	64.656	-0.002
641.000	64.835	-0.008
642.000	65.015	-0.017
643.000	65.194	-0.006
644.000	65.374	-0.005
645.000	65.554	-0.005
646.000	65.733	-0.008
647.000	65.913	-0.006
648.000	66.092	-0.008
649.000	66.272	-0.011
650.000	66.451	-0.009
651.000	66.631	-0.009
652.000	66.810	-0.005
653.000	66.990	-0.008
654.000	67.169	-0.006
655.000	67.349	-0.006
656.000	67.528	-0.009
657.000	67.708	-0.006
658.000	67.887	-0.009
659.000	68.067	-0.008
660.000	68.246	-0.013
661.000	68.426	-0.008
662.000	68.605	-0.014
663.000	68.785	-0.013
664.000	68.965	-0.011
665.000	69.144	-0.009
666.000	69.324	-0.016
667.000	69.503	-0.011
668.000	69.683	-0.007
669.000	69.862	-0.015
670.000	70.042	-0.007
671.000	70.221	-0.013
672.000	70.401	-0.010
673.000	70.580	-0.009
674.000	70.760	-0.012
675.000	70.939	-0.010
676.000	71.119	-0.010
677.000	71.298	-0.014
678.000	71.478	-0.020
679.000	71.657	-0.012
680.000	71.837	-0.009
681.000	72.016	-0.014
682.000	72.196	-0.017
683.000	72.376	-0.015
684.000	72.555	-0.011
685.000	72.735	-0.014
686.000	72.914	-0.015
687.000	73.094	-0.010
688.000	73.273	-0.009
689.000	73.453	-0.005
690.000	73.632	-0.007
691.000	73.812	-0.009
692.000	73.991	-0.004
693.000	74.171	-0.001
694.000	74.350	-0.007
695.000	74.530	-0.001
696.000	74.709	-0.004
697.000	74.889	-0.004
698.000	75.068	-0.012
699.000	75.248	-0.012
700.000	75.427	-0.004
701.000	75.607	-0.002
702.000	75.786	-0.005
703.000	75.966	-0.001
704.000	76.146	0.000
705.000	76.325	0.004
706.000	76.505	0.003
707.000	76.684	0.002
708.000	76.864	0.000
709.000	77.043	-0.005
710.000	77.223	-0.008
711.000	77.402	-0.006
712.000	77.582	-0.006
713.000	77.761	-0.002
714.000	77.941	-0.006
715.000	78.120	0.006
716.000	78.300	-0.006
717.000	78.479	-0.004
718.000	78.659	-0.002
719.000	78.838	-0.006
720.000	79.018	-0.000
721.000	79.197	-0.001
722.000	79.377	-0.004
723.000	79.557	0.002
724.000	79.736	-0.007
725.000	79.916	-0.006
726.000	80.095	0.002
727.000	80.275	0.006
728.000	80.454	0.002
729.000	80.634	-0.005
730.000	80.813	-0.007
731.000	80.993	-0.004
732.000	81.172	-0.009
733.000	81.352	-0.001
734.000	81.531	-0.003
735.000	81.711	-0.008
736.000	81.890	-0.007
737.000	82.070	0.002
738.000	82.249	-0.006
739.000	82.429	-0.001
740.000	82.608	0.001
741.000	82.788	0.003
742.000	82.968	-0.002
743.000	83.147	-0.002
744.000	83.327	-0.001
745.000	83.506	0.001
746.000	83.686	0.003
747.000	83.865	0.002
748.000	84.045	-0.001
749.000	84.224	0.005
750.000	84.404	0.001
751.000	84.583	0.001
752.000	84.763	0.003
753.000	84.942	0.009
754.000	85.122	0.006
755.000	85.301	0.009
756.000	85.481	0.010
757.000	85.660	0.006
758.000	85.840	0.006
759.000	86.019	0.002
760.000	86.199	0.005
761.000	86.379	0.004
762.000	86.558	0.007
763.000	86.738	0.003
764.000	86.917	0.008
765.000	87.097	0.004
766.000	87.276	0.006
767.000	87.456	0.010
768.000	87.635	0.009
769.000	87.815	0.008
770.000	87.994	0.009
771.000	88.174	0.009
772.000	88.353	0.006
773.000	88.533	0.010
774.000	88.712	0.004
775.000	88.892	0.001
776.000	89.071	0.005
777.000	89.251	0.004
778.000	89.430	0.012
779.000	89.610	0.007
780.000	89.789	0.002
781.000	89.969	0.000
782.000	90.149	0.005
783.000	90.328	0.003
784.000	90.508	0.008
785.000	90.687	0.004
786.000	90.867	0.007
787.000	91.046	0.006
788.000	91.226	0.002
789.000	91.405	0.010
790.000	91.585	0.009
791.000	91.764	0.014
792.000	91.944	0.009
793.000	92.123	0.010
794.000	92.303	-0.001
795.000	92.482	0.010
796.000	92.662	0.008
797.000	92.841	0.011
798.000	93.021	0.012
799.000	93.200	0.005
800.000	93.380	0.006
0.000	-50.444	0.033
1.000	-50.269	0.031
2.000	-50.093	0.028
3.000	-49.918	0.018
4.000	-49.742	0.046
5.000	-49.567	0.041
6.000	-49.391	0.026
7.000	-49.216	0.038
8.000	-49.040	0.040
9.000	-48.865	0.034
10.000	-48.689	0.019
11.000	-48.514	0.030
12.000	-48.338	0.040
13.000	-48.163	0.038
14.000	-47.987	0.023
15.000	-47.812	0.024
16.000	-47.636	0.033
17.000	-47.460	0.023
18.000	-47.285	0.017
19.000	-47.109	0.028
20.000	-46.934	0.031
21.000	-46.758	0.029
22.000	-46.583	0.028
23.000	-46.407	0.024
24.000	-46.232	0.016
25.000	-46.056	0.018
26.000	-45.881	0.032
27.000	-45.705	0.039
28.000	-45.530	0.037
29.000	-45.354	0.033
30.000	-45.179	0.036
31.000	-45.003	0.033
32.000	-44.827	0.025
33.000	-44.652	0.030
34.000	-44.476	0.044
35.000	-44.301	0.028
36.000	-44.125	0.025
37.000	-43.950	0.029
38.000	-43.774	0.025
39.000	-43.599	0.034
40.000	-43.423	0.034
41.000	-43.248	0.027
42.000	-43.072	0.022
43.000	-42.897	0.025
44.000	-42.721	0.016
45.000	-42.546	0.032
46.000	-42.370	0.028
47.000	-42.195	0.024
48.000	-42.019	0.023
49.000	-41.843	0.029
50.000	-41.668	0.035
51.000	-41.492	0.019
52.000	-41.317	0.011
53.000	-41.141	0.010
54.000	-40.966	0.024
55.000	-40.790	0.015
56.000	-40.615	0.014
57.000	-40.439	0.014
58.000	-40.264	0.009
59.000	-40.088	0.008
60.000	-39.913	0.011
61.000	-39.737	0.009
62.000	-39.562	0.011
63.000	-39.386	0.006
64.000	-39.211	0.003
65.000	-39.035	0.002
66.000	-38.859	0.011
67.000	-38.684	0.006
68.000	-38.508	-0.002
69.000	-38.333	0.015
70.000	-38.157	0.002
71.000	-37.982	-0.003
72.000	-37.806	0.001
73.000	-37.631	-0.005
74.000	-37.455	-0.000
75.000	-37.280	-0.007
76.000	-37.104	-0.001
77.000	-36.929	0.005
78.000	-36.753	-0.005
79.000	-36.578	-0.004
80.000	-36.402	0.006
81.000	-36.226	-0.003
82.000	-36.051	-0.004
83.000	-35.875	-0.011
84.000	-35.700	-0.011
85.000	-35.524	0.002
86.000	-35.349	-0.001
87.000	-35.173	-0.005
88.000	-34.998	0.001
89.000	-34.822	-0.003
90.000	-34.647	-0.007
91.000	-34.471	-0.010
92.000	-34.296	-0.009
93.000	-34.120	0.005
94.000	-33.945	-0.002
95.000	-33.769	-0.003
96.000	-33.594	-0.004
97.000	-33.418	-0.012
98.000	-33.242	-0.002
99.000	-33.067	-0.006
100.000	-32.891	0.006
101.000	-32.716	-0.010
102.000	-32.540	-0.016
103.000	-32.365	-0.008
104.000	-32.189	0.004
105.000	-32.014	0.000
106.000	-31.838	-0.007
107.000	-31.663	-0.013
108.000	-31.487	-0.015
109.000	-31.312	-0.005
110.000	-31.136	-0.007
111.000	-30.961	-0.005
112.000	-30.785	-0.011
113.000	-30.610	-0.017
114.000	-30.434	-0.008
115.000	-30.258	-0.003
116.000	-30.083	-0.007
117.000	-29.907	-0.015
118.000	-29.732	-0.004
119.000	-29.556	-0.003
120.000	-29.381	-0.013
121.000	-29.205	-0.002
122.000	-29.030	-0.014
123.000	-28.854	-0.015
124.000	-28.679	-0.013
125.000	-28.503	-0.006
126.000	-28.328	-0.015
127.000	-28.152	-0.005
128.000	-27.977	-0.011
129.000	-27.801	-0.001
130.000	-27.625	0.001
131.000	-27.450	-0.004
132.000	-27.274	-0.007
133.000	-27.099	-0.001
134.000	-26.923	-0.006
135.000	-26.748	-0.008
136.000	-26.572	-0.004
137.000	-26.397	-0.009
138.000	-26.221	-0.004
139.000	-26.046	0.004
140.000	-25.870	-0.000
141.000	-25.695	-0.006
142.000	-25.519	0.001
143.000	-25.344	-0.002
144.000	-25.168	-0.004
145.000	-24.993	0.010
146.000	-24.817	0.015
147.000	-24.641	0.013
148.000	-24.466	0.011
149.000	-24.290	0.002
150.000	-24.115	-0.009
151.000	-23.939	-0.002
152.000	-23.764	0.007
153.000	-23.588	-0.000
154.000	-23.413	-0.000
155.000	-23.237	-0.004
156.000	-23.062	-0.009
157.000	-22.886	-0.006
158.000	-22.711	-0.011
159.000	-22.535	0.002
160.000	-22.360	0.001
161.000	-22.184	-0.008
162.000	-22.009	0.002
163.000	-21.833	0.000
164.000	-21.657	0.007
165.000	-21.482	0.005
166.000	-21.306	0.000
167.000	-21.131	0.002
168.000	-20.955	0.018
169.000	-20.780	0.005
170.000	-20.604	0.008
171.000	-20.429	0.004
172.000	-20.253	0.001
173.000	-20.078	0.018
174.000	-19.902	0.009
175.000	-19.727	0.011
176.000	-19.551	0.002
177.000	-19.376	0.002
178.000	-19.200	0.008
179.000	-19.024	0.009
180.000	-18.849	0.020
181.000	-18.673	0.012
182.000	-18.498	0.025
183.000	-18.322	0.022
184.000	-18.147	0.006
185.000	-17.971	0.022
186.000	-17.796	0.016
187.000	-17.620	0.014
188.000	-17.445	0.013
189.000	-17.269	-0.002
190.000	-17.094	0.010
191.000	-16.918	0.007
192.000	-16.743	0.018
193.000	-16.567	0.016
194.000	-16.392	0.012
195.000	-16.216	0.007
196.000	-16.040	0.000
197.000	-15.865	0.013
198.000	-15.689	0.022
199.000	-15.514	0.022
200.000	-15.338	0.006
201.000	-15.163	0.019
202.000	-14.987	0.012
203.000	-14.812	0.014
204.000	-14.636	0.006
205.000	-14.461	0.011
206.000	-14.285	0.035
207.000	-14.110	0.031
208.000	-13.934	0.020
209.000	-13.759	0.016
210.000	-13.583	0.009
211.000	-13.408	0.020
212.000	-13.232	0.019
213.000	-13.056	0.012
214.000	-12.881	0.024
215.000	-12.705	0.021
216.000	-12.530	0.017
217.000	-12.354	0.020
218.000	-12.179	0.014
219.000	-12.003	0.001
220.000	-11.828	0.004
221.000	-11.652	-0.003
222.000	-11.477	0.004
223.000	-11.301	0.008
224.000	-11.126	0.017
225.000	-10.950	0.011
226.000	-10.775	0.016
227.000	-10.599	0.013
228.000	-10.423	0.025
229.000	-10.248	0.012
230.000	-10.072	0.002
231.000	-9.897	-0.005
232.000	-9.721	-0.005
233.000	-9.546	0.010
234.000	-9.370	0.011
235.000	-9.195	0.006
236.000	-9.019	-0.014
237.000	-8.844	-0.002
238.000	-8.668	-0.003
239.000	-8.493	-0.004
240.000	-8.317	-0.004
241.000	-8.142	0.008
242.000	-7.966	-0.005
243.000	-7.791	0.010
244.000	-7.615	-0.006
245.000	-7.439	-0.002
246.000	-7.264	0.005
247.000	-7.088	0.009
248.000	-6.913	-0.003
249.000	-6.737	-0.010
250.000	-6.562	-0.011
251.000	-6.386	-0.005
252.000	-6.211	-0.001
253.000	-6.035	-0.001
254.000	-5.860	0.010
255.000	-5.684	-0.005
256.000	-5.509	-0.013
257.000	-5.333	-0.003
258.000	-5.158	-0.004
259.000	-4.982	-0.006
260.000	-4.807	-0.010
261.000	-4.631	-0.010
262.000	-4.455	-0.015
263.000	-4.280	0.001
264.000	-4.104	-0.005
265.000	-3.929	-0.005
266.000	-3.753	0.012
267.000	-3.578	-0.015
268.000	-3.402	-0.008
269.000	-3.227	-0.014
270.000	-3.051	-0.012
271.000	-2.876	-0.004
272.000	-2.700	-0.019
273.000	-2.525	-0.011
274.000	-2.349	-0.009
275.000	-2.174	-0.017
276.000	-1.998	-0.015
277.000	-1.822	-0.009
278.000	-1.647	-0.020
279.000	-1.471	-0.017
280.000	-1.296	-0.024
281.000	-1.120	-0.019
282.000	-0.945	-0.022
283.000	-0.769	-0.016
284.000	-0.594	-0.025
285.000	-0.418	-0.030
286.000	-0.243	-0.022
287.000	-0.067	-0.025
288.000	0.108	-0.024
289.000	0.284	-0.027
290.000	0.459	-0.032
291.000	0.635	-0.025
292.000	0.810	-0.032
293.000	0.986	-0.026
294.000	1.162	-0.030
295.000	1.337	-0.024
296.000	1.513	-0.025
297.000	1.688	-0.022
298.000	1.864	-0.025
299.000	2.039	-0.030
300.000	2.215	-0.032
301.000	2.390	-0.030
302.000	2.566	-0.028
303.000	2.741	-0.027
304.000	2.917	-0.026
305.000	3.092	-0.024
306.000	3.268	-0.023
307.000	3.443	-0.023
308.000	3.619	-0.024
309.000	3.794	-0.024
310.000	3.970	-0.023
311.000	4.146	-0.029
312.000	4.321	-0.028
313.000	4.497	-0.023
314.000	4.672	-0.016
315.000	4.848	-0.020
316.000	5.023	-0.018
317.000	5.199	-0.022
318.000	5.374	-0.011
319.000	5.550	-0.014
320.000	5.725	-0.007
321.000	5.901	-0.013
322.000	6.076	-0.012
323.000	6.252	-0.004
324.000	6.427	-0.008
325.000	6.603	-0.019
326.000	6.779	-0.023
327.000	6.954	-0.027
328.000	7.130	-0.019
329.000	7.305	-0.024
330.000	7.481	-0.016
331.000	7.656	-0.018
332.000	7.832	-0.016
333.000	8.007	-0.019
334.000	8.183	-0.019
335.000	8.358	-0.020
336.000	8.534	-0.014
337.000	8.709	-0.018
338.000	8.885	-0.023
339.000	9.060	-0.018
340.000	9.236	-0.012
341.000	9.411	-0.017
342.000	9.587	-0.019
343.000	9.763	-0.016
344.000	9.938	-0.017
345.000	10.114	-0.017
346.000	10.289	-0.020
347.000	10.465	-0.011
348.000	10.640	-0.014
349.000	10.816	-0.018
350.000	10.991	-0.020
351.000	11.167	-0.016
352.000	11.342	-0.013
353.000	11.518	-0.021
354.000	11.693	-0.018
355.000	11.869	-0.018
356.000	12.044	-0.023
357.000	12.220	-0.020
358.000	12.395	-0.010
359.000	12.571	-0.018
360.000	12.747	-0.021
361.000	12.922	-0.014
362.000	13.098	-0.026
363.000	13.273	-0.029
364.000	13.449	-0.022
365.000	13.624	-0.021
366.000	13.800	-0.022
367.000	13.975	-0.018
368.000	14.151	-0.016
369.000	14.326	-0.015
370.000	14.502	-0.015
371.000	14.677	-0.024
372.000	14.853	-0.022
373.000	15.028	-0.012
374.000	15.204	-0.014
375.000	15.380	-0.010
376.000	15.555	-0.019
377.000	15.731	-0.013
378.000	15.906	-0.012
379.000	16.082	-0.020
380.000	16.257	-0.019
381.000	16.433	-0.010
382.000	16.608	-0.008
383.000	16.784	-0.015
384.000	16.959	-0.006
385.000	17.135	-0.019
386.000	17.310	-0.016
387.000	17.486	-0.013
388.000	17.661	-0.019
389.000	17.837	-0.016
390.000	18.012	-0.020
391.000	18.188	-0.018
392.000	18.364	-0.015
393.000	18.539	-0.008
394.000	18.715	-0.009
395.000	18.890	-0.009
396.000	19.066	-0.010
397.000	19.241	-0.001
398.000	19.417	-0.011
399.000	19.592	-0.012
400.000	19.768	-0.014
401.000	19.943	-0.010
402.000	20.119	-0.011
403.000	20.294	0.003
404.000	20.470	-0.009
405.000	20.645	-0.021
406.000	20.821	-0.005
407.000	20.996	-0.015
408.000	21.172	-0.017
409.000	21.348	-0.012
410.000	21.523	-0.008
411.000	21.699	-0.003
412.000	21.874	0.003
413.000	22.050	-0.002
414.000	22.225	-0.002
415.000	22.401	-0.005
416.000	22.576	0.002
417.000	22.752	-0.003
418.000	22.927	-0.009
419.000	23.103	-0.017
420.000	23.278	-0.001
421.000	23.454	-0.010
422.000	23.629	-0.000
423.000	23.805	-0.007
424.000	23.980	-0.009
425.000	24.156	-0.007
426.000	24.332	-0.017
427.000	24.507	-0.012
428.000	24.683	-0.009
429.000	24.858	-0.010
430.000	25.034	-0.013
431.000	25.209	-0.007
432.000	25.385	0.002
433.000	25.560	-0.006
434.000	25.736	-0.003
435.000	25.911	-0.009
436.000	26.087	-0.011
437.000	26.262	-0.013
438.000	26.438	-0.006
439.000	26.613	0.001
440.000	26.789	-0.002
441.000	26.965	-0.006
442.000	27.140	-0.013
443.000	27.316	-0.008
444.000	27.491	-0.009
445.000	27.667	-0.008
446.000	27.842	-0.009
447.000	28.018	-0.012
448.000	28.193	-0.009
449.000	28.369	-0.003
450.000	28.544	-0.008
451.000	28.720	-0.020
452.000	28.895	-0.022
453.000	29.071	-0.014
454.000	29.246	-0.016
455.000	29.422	-0.019
456.000	29.597	-0.002
457.000	29.773	-0.004
458.000	29.949	-0.011
459.000	30.124	-0.020
460.000	30.300	-0.031
461.000	30.475	-0.030
462.000	30.651	-0.021
463.000	30.826	-0.030
464.000	31.002	-0.025
465.000	31.177	-0.023
466.000	31.353	-0.027
467.000	31.528	-0.017
468.000	31.704	-0.007
469.000	31.879	-0.017
470.000	32.055	-0.021
471.000	32.230	-0.029
472.000	32.406	-0.015
473.000	32.581	-0.021
474.000	32.757	-0.023
475.000	32.933	-0.030
476.000	33.108	-0.029
477.000	33.284	-0.029
478.000	33.459	-0.026
479.000	33.635	-0.025
480.000	33.810	-0.024
481.000	33.986	-0.031
482.000	34.161	-0.035
483.000	34.337	-0.025
484.000	34.512	-0.035
485.000	34.688	-0.035
486.000	34.863	-0.032
487.000	35.039	-0.027
488.000	35.214	-0.032
489.000	35.390	-0.026
490.000	35.566	-0.019
491.000	35.741	-0.031
492.000	35.917	-0.035
493.000	36.092	-0.025
494.000	36.268	-0.028
495.000	36.443	-0.030
496.000	36.619	-0.028
497.000	36.794	-0.037
498.000	36.970	-0.031
499.000	37.145	-0.035
500.000	37.321	-0.030
501.000	37.496	-0.031
502.000	37.672	-0.030
503.000	37.847	-0.033
504.000	38.023	-0.030
505.000	38.198	-0.035
506.000	38.374	-0.025
507.000	38.550	-0.037
508.000	38.725	-0.033
509.000	38.901	-0.023
510.000	39.076	-0.024
511.000	39.252	-0.033
512.000	39.427	-0.034
513.000	39.603	-0.039
514.000	39.778	-0.036
515.000	39.954	-0.039
516.000	40.129	-0.034
517.000	40.305	-0.040
518.000	40.480	-0.040
519.000	40.656	-0.037
520.000	40.831	-0.031
521.000	41.007	-0.036
522.000	41.182	-0.035
523.000	41.358	-0.028
524.000	41.534	-0.030
525.000	41.709	-0.034
526.000	41.885	-0.029
527.000	42.060	-0.031
528.000	42.236	-0.033
529.000	42.411	-0.031
530.000	42.587	-0.025
531.000	42.762	-0.028
532.000	42.938	-0.031
533.000	43.113	-0.033
534.000	43.289	-0.037
535.000	43.464	-0.028
536.000	43.640	-0.029
537.000	43.815	-0.025
538.000	43.991	-0.027
539.000	44.167	-0.030
540.000	44.342	-0.029
541.000	44.518	-0.021
542.000	44.693	-0.024
543.000	44.869	-0.031
544.000	45.044	-0.025
545.000	45.220	-0.030
546.000	45.395	-0.030
547.000	45.571	-0.030
548.000	45.746	-0.026
549.000	45.922	-0.026
550.000	46.097	-0.030
551.000	46.273	-0.027
552.000	46.448	-0.027
553.000	46.624	-0.031
554.000	46.799	-0.027
555.000	46.975	-0.028
556.000	47.151	-0.031
557.000	47.326	-0.030
558.000	47.502	-0.030
559.000	47.677	-0.028
560.000	47.853	-0.030
561.000	48.028	-0.032
562.000	48.204	-0.036
563.000	48.379	-0.033
564.000	48.555	-0.029
565.000	48.730	-0.034
566.000	48.906	-0.029
567.000	49.081	-0.027
568.000	49.257	-0.025
569.000	49.432	-0.028
570.000	49.608	-0.030
571.000	49.783	-0.033
572.000	49.959	-0.018
573.000	50.135	-0.026
574.000	50.310	-0.030
575.000	50.486	-0.031
576.000	50.661	-0.025
577.000	50.837	-0.028
578.000	51.012	-0.031
579.000	51.188	-0.022
580.000	51.363	-0.033
581.000	51.539	-0.026
582.000	51.714	-0.023
583.000	51.890	-0.018
584.000	52.065	-0.018
585.000	52.241	-0.032
586.000	52.416	-0.025
587.000	52.592	-0.023
588.000	52.768	-0.026
589.000	52.943	-0.027
590.000	53.119	-0.028
591.000	53.294	-0.024
592.000	53.470	-0.027
593.000	53.645	-0.026
594.000	53.821	-0.034
595.000	53.996	-0.025
596.000	54.172	-0.025
597.000	54.347	-0.025
598.000	54.523	-0.017
599.000	54.698	-0.022
600.000	54.874	-0.022
601.000	55.049	-0.020
602.000	55.225	-0.026
603.000	55.400	-0.037
604.000	55.576	-0.032
605.000	55.752	-0.023
606.000	55.927	-0.023
607.000	56.103	-0.024
608.000	56.278	-0.018
609.000	56.454	-0.022
610.000	56.629	-0.024
611.000	56.805	-0.019
612.000	56.980	-0.029
613.000	57.156	-0.024
614.000	57.331	-0.022
615.000	57.507	-0.025
616.000	57.682	-0.026
617.000	57.858	-0.023
618.000	58.033	-0.014
619.000	58.209	-0.019
620.000	58.384	-0.023
621.000	58.560	-0.019
622.000	58.736	-0.021
623.000	58.911	-0.020
624.000	59.087	-0.017
625.000	59.262	-0.016
626.000	59.438	-0.022
627.000	59.613	-0.019
628.000	59.789	-0.017
629.000	59.964	-0.024
630.000	60.140	-0.017
631.000	60.315	-0.011
632.000	60.491	-0.021
633.000	60.666	-0.021
634.000	60.842	-0.021
635.000	61.017	-0.026
636.000	61.193	-0.022
637.000	61.369	-0.022
638.000	61.544	-0.018
639.000	61.720	-0.016
640.000	61.895	-0.010
641.000	62.071	-0.018
642.000	62.246	-0.021
643.000	62.422	-0.017
644.000	62.597	-0.020
645.000	62.773	-0.011
646.000	62.948	-0.017
647.000	63.124	-0.016
648.000	63.299	-0.010
649.000	63.475	-0.015
650.000	63.650	-0.017
651.000	63.826	-0.027
652.000	64.001	-0.019
653.000	64.177	-0.016
654.000	64.353	-0.015
655.000	64.528	-0.021
656.000	64.704	-0.014
657.000	64.879	-0.004
658.000	65.055	-0.008
659.000	65.230	-0.006
660.000	65.406	-0.009
661.000	65.581	-0.006
662.000	65.757	-0.005
663.000	65.932	-0.007
664.000	66.108	-0.015
665.000	66.283	-0.012
666.000	66.459	-0.009
667.000	66.634	-0.011
668.000	66.810	-0.010
669.000	66.985	-0.006
670.000	67.161	-0.008
671.000	67.337	-0.000
672.000	67.512	-0.009
673.000	67.688	-0.006
674.000	67.863	-0.006
675.000	68.039	-0.009
676.000	68.214	-0.008
677.000	68.390	-0.008
678.000	68.565	-0.009
679.000	68.741	-0.013
680.000	68.916	-0.012
681.000	69.092	-0.001
682.000	69.267	-0.004
683.000	69.443	-0.009
684.000	69.618	-0.004
685.000	69.794	-0.004
686.000	69.970	-0.006
687.000	70.145	-0.005
688.000	70.321	-0.015
689.000	70.496	-0.010
690.000	70.672	-0.009
691.000	70.847	-0.018
692.000	71.023	-0.018
693.000	71.198	-0.015
694.000	71.374	-0.012
695.000	71.549	-0.016
696.000	71.725	-0.014
697.000	71.900	-0.015
698.000	72.076	-0.017
699.000	72.251	-0.015
700.000	72.427	-0.012
701.000	72.602	-0.009
702.000	72.778	-0.012
703.000	72.954	-0.014
704.000	73.129	-0.019
705.000	73.305	-0.016
706.000	73.480	-0.009
707.000	73.656	-0.013
708.000	73.831	-0.014
709.000	74.007	-0.010
710.000	74.182	-0.014
711.000	74.358	-0.011
712.000	74.533	-0.011
713.000	74.709	-0.013
714.000	74.884	-0.017
715.000	75.060	-0.011
716.000	75.235	-0.018
717.000	75.411	-0.012
718.000	75.586	-0.015
719.000	75.762	-0.019
720.000	75.938	-0.016
721.000	76.113	-0.017
722.000	76.289	-0.024
723.000	76.464	-0.022
724.000	76.640	-0.023
725.000	76.815	-0.021
726.000	76.991	-0.012
727.000	77.166	-0.019
728.000	77.342	-0.017
729.000	77.517	-0.017
730.000	77.693	-0.011
731.000	77.868	-0.021
732.000	78.044	-0.016
733.000	78.219	-0.019
734.000	78.395	-0.022
735.000	78.571	-0.027
736.000	78.746	-0.031
737.000	78.922	-0.021
738.000	79.097	-0.024
739.000	79.273	-0.027
740.000	79.448	-0.024
741.000	79.624	-0.027
742.000	79.799	-0.025
743.000	79.975	-0.032
744.000	80.150	-0.026
745.000	80.326	-0.026
746.000	80.501	-0.026
747.000	80.677	-0.030
748.000	80.852	-0.027
749.000	81.028	-0.024
750.000	81.203	-0.025
751.000	81.379	-0.027
752.000	81.555	-0.025
753.000	81.730	-0.034
754.000	81.906	-0.025
755.000	82.081	-0.026
756.000	82.257	-0.031
757.000	82.432	-0.033
758.000	82.608	-0.033
759.000	82.783	-0.033
760.000	82.959	-0.041
761.000	83.134	-0.034
762.000	83.310	-0.034
763.000	83.485	-0.034
764.000	83.661	-0.030
765.000	83.836	-0.027
766.000	84.012	-0.024
767.000	84.187	-0.033
768.000	84.363	-0.032
769.000	84.539	-0.027
770.000	84.714	-0.030
771.000	84.890	-0.032
772.000	85.065	-0.035
773.000	85.241	-0.031
774.000	85.416	-0.027
775.000	85.592	-0.031
776.000	85.767	-0.033
777.000	85.943	-0.027
778.000	86.118	-0.029
779.000	86.294	-0.021
780.000	86.469	-0.032
781.000	86.645	-0.031
782.000	86.820	-0.036
783.000	86.996	-0.036
784.000	87.172	-0.024
785.000	87.347	-0.035
786.000	87.523	-0.034
787.000	87.698	-0.031
788.000	87.874	-0.024
789.000	88.049	-0.028
790.000	88.225	-0.030
791.000	88.400	-0.027
792.000	88.576	-0.032
793.000	88.751	-0.028
794.000	88.927	-0.033
795.000	89.102	-0.032
796.000	89.278	-0.032
797.000	89.453	-0.029
798.000	89.629	-0.029
799.000	89.804	-0.032
800.000	89.980	-0.027
