# Diode Laser Delay Scan w/ MW and PM
# MW at 19 dB, Phase Modulation at 32.5 dB (~1.4)
# Center at -10 GHz
# Hittite at 18.6 dBm and 18510.1 MHz
i	d	n	nb	s	sb
0.000	46806.000	1.000	0.000	0.057	-0.004
1.000	47878.000	1.000	0.000	0.060	-0.004
2.000	48950.000	1.000	0.000	0.053	-0.004
3.000	50022.000	1.000	0.000	0.043	-0.004
4.000	51094.000	1.000	0.000	0.045	-0.004
5.000	52166.000	1.000	0.000	0.035	-0.004
6.000	53238.000	1.000	0.000	0.047	-0.004
7.000	54310.000	1.000	0.000	0.043	-0.004
8.000	55382.000	1.000	0.000	0.054	-0.004
9.000	56454.000	1.000	0.000	0.053	-0.004
10.000	57525.000	1.000	0.000	0.044	-0.004
11.000	58597.000	1.000	0.000	0.036	-0.004
12.000	59669.000	1.000	0.000	0.054	-0.004
13.000	60741.000	1.000	0.000	0.035	-0.004
14.000	61813.000	1.000	0.000	0.051	-0.004
15.000	62885.000	1.000	0.000	0.062	-0.004
16.000	63957.000	1.000	0.000	0.043	-0.004
17.000	65029.000	1.000	0.000	0.046	-0.004
18.000	66101.000	1.000	0.000	0.036	-0.004
19.000	67173.000	1.000	0.000	0.029	-0.004
20.000	68245.000	1.000	0.000	0.030	-0.004
21.000	69317.000	1.000	0.000	0.030	-0.004
22.000	70388.000	1.000	0.000	0.045	-0.004
23.000	71460.000	1.000	0.000	0.043	-0.004
24.000	72532.000	1.000	0.000	0.047	-0.004
25.000	73604.000	1.000	0.000	0.035	-0.004
26.000	74676.000	1.000	0.000	0.034	-0.004
27.000	75748.000	1.000	0.000	0.033	-0.004
28.000	76820.000	1.000	0.000	0.034	-0.004
29.000	77892.000	1.000	0.000	0.042	-0.004
30.000	78964.000	1.000	0.000	0.055	-0.004
31.000	80036.000	1.000	0.000	0.054	-0.004
32.000	81108.000	1.000	0.000	0.058	-0.004
33.000	82179.000	1.000	0.000	0.042	-0.004
34.000	83251.000	1.000	0.000	0.042	-0.004
35.000	84323.000	1.000	0.000	0.037	-0.004
36.000	85395.000	1.000	0.000	0.043	-0.004
37.000	86467.000	1.000	0.000	0.049	-0.004
38.000	87539.000	1.000	0.000	0.056	-0.004
39.000	88611.000	1.000	0.000	0.046	-0.004
40.000	89683.000	1.000	0.000	0.046	-0.004
41.000	90755.000	1.000	0.000	0.037	-0.004
42.000	91827.000	1.000	0.000	0.041	-0.004
43.000	92899.000	1.000	0.000	0.041	-0.004
44.000	93970.000	1.000	0.000	0.039	-0.004
45.000	95042.000	1.000	0.000	0.056	-0.004
46.000	96114.000	1.000	0.000	0.061	-0.004
47.000	97186.000	1.000	0.000	0.042	-0.004
48.000	98258.000	1.000	0.000	0.044	-0.004
49.000	99330.000	1.000	0.000	0.024	-0.004
50.000	100402.000	1.000	0.000	0.041	-0.004
51.000	101474.000	1.000	0.000	0.044	-0.004
52.000	102546.000	1.000	0.000	0.059	-0.004
53.000	103618.000	1.000	0.000	0.057	-0.004
54.000	104690.000	1.000	0.000	0.065	-0.004
55.000	105762.000	1.000	0.000	0.045	-0.004
56.000	106833.000	1.000	0.000	0.035	-0.004
57.000	107905.000	1.000	0.000	0.027	-0.004
58.000	108977.000	1.000	0.000	0.044	-0.004
59.000	110049.000	1.000	0.000	0.043	-0.004
60.000	111121.000	1.000	0.000	0.055	-0.004
61.000	112193.000	1.000	0.000	0.068	-0.004
62.000	113265.000	1.000	0.000	0.049	-0.004
63.000	114337.000	1.000	0.000	0.047	-0.004
64.000	115409.000	1.000	0.000	0.039	-0.004
65.000	116481.000	1.000	0.000	0.034	-0.004
66.000	117553.000	1.000	0.000	0.046	-0.004
67.000	118624.000	1.000	0.000	0.055	-0.004
68.000	119696.000	1.000	0.000	0.057	-0.004
69.000	120768.000	1.000	0.000	0.057	-0.004
70.000	121840.000	1.000	0.000	0.041	-0.004
71.000	122912.000	1.000	0.000	0.051	-0.004
72.000	123984.000	1.000	0.000	0.036	-0.004
73.000	125056.000	1.000	0.000	0.041	-0.004
74.000	126128.000	1.000	0.000	0.045	-0.004
75.000	127200.000	1.000	0.000	0.053	-0.004
76.000	128272.000	1.000	0.000	0.057	-0.004
77.000	129344.000	1.000	0.000	0.048	-0.004
78.000	130416.000	1.000	0.000	0.044	-0.004
79.000	131487.000	1.000	0.000	0.040	-0.004
80.000	132559.000	1.000	0.000	0.045	-0.004
81.000	133631.000	1.000	0.000	0.051	-0.004
82.000	134703.000	1.000	0.000	0.067	-0.004
83.000	135775.000	1.000	0.000	0.043	-0.004
84.000	136847.000	1.000	0.000	0.057	-0.004
85.000	137919.000	1.000	0.000	0.046	-0.004
86.000	138991.000	1.000	0.000	0.045	-0.004
87.000	140063.000	1.000	0.000	0.038	-0.004
88.000	141135.000	1.000	0.000	0.034	-0.004
89.000	142207.000	1.000	0.000	0.056	-0.004
90.000	143278.000	1.000	0.000	0.067	-0.004
91.000	144350.000	1.000	0.000	0.045	-0.004
92.000	145422.000	1.000	0.000	0.040	-0.004
93.000	146494.000	1.000	0.000	0.045	-0.004
94.000	147566.000	1.000	0.000	0.040	-0.004
95.000	148638.000	1.000	0.000	0.053	-0.004
96.000	149710.000	1.000	0.000	0.060	-0.004
97.000	150782.000	1.000	0.000	0.047	-0.004
98.000	151854.000	1.000	0.000	0.055	-0.004
99.000	152926.000	1.000	0.000	0.054	-0.004
100.000	153194.000	1.000	0.000	0.048	-0.004
101.000	152122.000	1.000	0.000	0.061	-0.004
102.000	151050.000	1.000	0.000	0.048	-0.004
103.000	149978.000	1.000	0.000	0.052	-0.004
104.000	148906.000	1.000	0.000	0.045	-0.004
105.000	147834.000	1.000	0.000	0.038	-0.004
106.000	146762.000	1.000	0.000	0.042	-0.004
107.000	145690.000	1.000	0.000	0.044	-0.004
108.000	144618.000	1.000	0.000	0.052	-0.004
109.000	143546.000	1.000	0.000	0.060	-0.004
110.000	142475.000	1.000	0.000	0.065	-0.004
111.000	141403.000	1.000	0.000	0.042	-0.004
112.000	140331.000	1.000	0.000	0.034	-0.004
113.000	139259.000	1.000	0.000	0.045	-0.004
114.000	138187.000	1.000	0.000	0.044	-0.004
115.000	137115.000	1.000	0.000	0.056	-0.004
116.000	136043.000	1.000	0.000	0.060	-0.004
117.000	134971.000	1.000	0.000	0.052	-0.004
118.000	133899.000	1.000	0.000	0.045	-0.004
119.000	132827.000	1.000	0.000	0.031	-0.004
120.000	131755.000	1.000	0.000	0.038	-0.004
121.000	130683.000	1.000	0.000	0.035	-0.004
122.000	129612.000	1.000	0.000	0.050	-0.004
123.000	128540.000	1.000	0.000	0.047	-0.004
124.000	127468.000	1.000	0.000	0.038	-0.004
125.000	126396.000	1.000	0.000	0.055	-0.004
126.000	125324.000	1.000	0.000	0.040	-0.004
127.000	124252.000	1.000	0.000	0.037	-0.004
128.000	123180.000	1.000	0.000	0.043	-0.004
129.000	122108.000	1.000	0.000	0.040	-0.004
130.000	121036.000	1.000	0.000	0.053	-0.004
131.000	119964.000	1.000	0.000	0.059	-0.004
132.000	118892.000	1.000	0.000	0.046	-0.004
133.000	117821.000	1.000	0.000	0.047	-0.004
134.000	116749.000	1.000	0.000	0.033	-0.004
135.000	115677.000	1.000	0.000	0.034	-0.004
136.000	114605.000	1.000	0.000	0.036	-0.004
137.000	113533.000	1.000	0.000	0.049	-0.004
138.000	112461.000	1.000	0.000	0.077	-0.004
139.000	111389.000	1.000	0.000	0.052	-0.004
140.000	110317.000	1.000	0.000	0.049	-0.004
141.000	109245.000	1.000	0.000	0.041	-0.004
142.000	108173.000	1.000	0.000	0.041	-0.004
143.000	107101.000	1.000	0.000	0.041	-0.004
144.000	106030.000	1.000	0.000	0.047	-0.004
145.000	104958.000	1.000	0.000	0.055	-0.004
146.000	103886.000	1.000	0.000	0.054	-0.004
147.000	102814.000	1.000	0.000	0.053	-0.004
148.000	101742.000	1.000	0.000	0.046	-0.004
149.000	100670.000	1.000	0.000	0.041	-0.004
150.000	99598.000	1.000	0.000	0.031	-0.004
151.000	98526.000	1.000	0.000	0.026	-0.004
152.000	97454.000	1.000	0.000	0.043	-0.004
153.000	96382.000	1.000	0.000	0.048	-0.004
154.000	95310.000	1.000	0.000	0.056	-0.004
155.000	94238.000	1.000	0.000	0.047	-0.004
156.000	93167.000	1.000	0.000	0.037	-0.004
157.000	92095.000	1.000	0.000	0.037	-0.004
158.000	91023.000	1.000	0.000	0.030	-0.004
159.000	89951.000	1.000	0.000	0.046	-0.004
160.000	88879.000	1.000	0.000	0.043	-0.004
161.000	87807.000	1.000	0.000	0.061	-0.004
162.000	86735.000	1.000	0.000	0.043	-0.004
163.000	85663.000	1.000	0.000	0.049	-0.004
164.000	84591.000	1.000	0.000	0.036	-0.004
165.000	83519.000	1.000	0.000	0.038	-0.004
166.000	82447.000	1.000	0.000	0.049	-0.004
167.000	81376.000	1.000	0.000	0.040	-0.004
168.000	80304.000	1.000	0.000	0.047	-0.004
169.000	79232.000	1.000	0.000	0.054	-0.004
170.000	78160.000	1.000	0.000	0.054	-0.004
171.000	77088.000	1.000	0.000	0.043	-0.004
172.000	76016.000	1.000	0.000	0.039	-0.004
173.000	74944.000	1.000	0.000	0.030	-0.004
174.000	73872.000	1.000	0.000	0.051	-0.004
175.000	72800.000	1.000	0.000	0.042	-0.004
176.000	71728.000	1.000	0.000	0.067	-0.004
177.000	70656.000	1.000	0.000	0.045	-0.004
178.000	69584.000	1.000	0.000	0.048	-0.004
179.000	68513.000	1.000	0.000	0.053	-0.004
180.000	67441.000	1.000	0.000	0.039	-0.004
181.000	66369.000	1.000	0.000	0.041	-0.004
182.000	65297.000	1.000	0.000	0.061	-0.004
183.000	64225.000	1.000	0.000	0.051	-0.004
184.000	63153.000	1.000	0.000	0.053	-0.004
185.000	62081.000	1.000	0.000	0.039	-0.004
186.000	61009.000	1.000	0.000	0.031	-0.004
187.000	59937.000	1.000	0.000	0.038	-0.004
188.000	58865.000	1.000	0.000	0.035	-0.004
189.000	57793.000	1.000	0.000	0.050	-0.004
190.000	56722.000	1.000	0.000	0.053	-0.004
191.000	55650.000	1.000	0.000	0.054	-0.004
192.000	54578.000	1.000	0.000	0.054	-0.004
193.000	53506.000	1.000	0.000	0.055	-0.004
194.000	52434.000	1.000	0.000	0.036	-0.004
195.000	51362.000	1.000	0.000	0.034	-0.004
196.000	50290.000	1.000	0.000	0.046	-0.004
197.000	49218.000	1.000	0.000	0.054	-0.004
198.000	48146.000	1.000	0.000	0.052	-0.004
199.000	47074.000	1.000	0.000	0.049	-0.004
200.000	47342.000	1.000	0.000	0.031	-0.004
201.000	48414.000	1.000	0.000	0.053	-0.004
202.000	49486.000	1.000	0.000	0.048	-0.004
203.000	50558.000	1.000	0.000	0.037	-0.004
204.000	51630.000	1.000	0.000	0.030	-0.004
205.000	52702.000	1.000	0.000	0.040	-0.004
206.000	53774.000	1.000	0.000	0.050	-0.004
207.000	54846.000	1.000	0.000	0.045	-0.004
208.000	55918.000	1.000	0.000	0.052	-0.004
209.000	56990.000	1.000	0.000	0.054	-0.004
210.000	58061.000	1.000	0.000	0.043	-0.004
211.000	59133.000	1.000	0.000	0.036	-0.004
212.000	60205.000	1.000	0.000	0.029	-0.004
213.000	61277.000	1.000	0.000	0.037	-0.004
214.000	62349.000	1.000	0.000	0.054	-0.004
215.000	63421.000	1.000	0.000	0.063	-0.004
216.000	64493.000	1.000	0.000	0.062	-0.004
217.000	65565.000	1.000	0.000	0.052	-0.004
218.000	66637.000	1.000	0.000	0.029	-0.004
219.000	67709.000	1.000	0.000	0.039	-0.004
220.000	68781.000	1.000	0.000	0.039	-0.004
221.000	69852.000	1.000	0.000	0.039	-0.004
222.000	70924.000	1.000	0.000	0.057	-0.004
223.000	71996.000	1.000	0.000	0.056	-0.004
224.000	73068.000	1.000	0.000	0.055	-0.004
225.000	74140.000	1.000	0.000	0.045	-0.004
226.000	75212.000	1.000	0.000	0.042	-0.004
227.000	76284.000	1.000	0.000	0.027	-0.004
228.000	77356.000	1.000	0.000	0.042	-0.004
229.000	78428.000	1.000	0.000	0.040	-0.004
230.000	79500.000	1.000	0.000	0.050	-0.004
231.000	80572.000	1.000	0.000	0.054	-0.004
232.000	81644.000	1.000	0.000	0.046	-0.004
233.000	82715.000	1.000	0.000	0.040	-0.004
234.000	83787.000	1.000	0.000	0.038	-0.004
235.000	84859.000	1.000	0.000	0.024	-0.004
236.000	85931.000	1.000	0.000	0.057	-0.004
237.000	87003.000	1.000	0.000	0.048	-0.004
238.000	88075.000	1.000	0.000	0.050	-0.004
239.000	89147.000	1.000	0.000	0.046	-0.004
240.000	90219.000	1.000	0.000	0.042	-0.004
241.000	91291.000	1.000	0.000	0.039	-0.004
242.000	92363.000	1.000	0.000	0.035	-0.004
243.000	93435.000	1.000	0.000	0.047	-0.004
244.000	94506.000	1.000	0.000	0.052	-0.004
245.000	95578.000	1.000	0.000	0.048	-0.004
246.000	96650.000	1.000	0.000	0.039	-0.004
247.000	97722.000	1.000	0.000	0.047	-0.004
248.000	98794.000	1.000	0.000	0.039	-0.004
249.000	99866.000	1.000	0.000	0.027	-0.004
250.000	100938.000	1.000	0.000	0.026	-0.004
251.000	102010.000	1.000	0.000	0.040	-0.004
252.000	103082.000	1.000	0.000	0.047	-0.004
253.000	104154.000	1.000	0.000	0.052	-0.004
254.000	105226.000	1.000	0.000	0.055	-0.004
255.000	106297.000	1.000	0.000	0.048	-0.004
256.000	107369.000	1.000	0.000	0.042	-0.004
257.000	108441.000	1.000	0.000	0.037	-0.004
258.000	109513.000	1.000	0.000	0.031	-0.004
259.000	110585.000	1.000	0.000	0.050	-0.004
260.000	111657.000	1.000	0.000	0.054	-0.004
261.000	112729.000	1.000	0.000	0.046	-0.004
262.000	113801.000	1.000	0.000	0.046	-0.004
263.000	114873.000	1.000	0.000	0.043	-0.004
264.000	115945.000	1.000	0.000	0.023	-0.004
265.000	117017.000	1.000	0.000	0.033	-0.004
266.000	118089.000	1.000	0.000	0.042	-0.004
267.000	119160.000	1.000	0.000	0.045	-0.004
268.000	120232.000	1.000	0.000	0.043	-0.004
269.000	121304.000	1.000	0.000	0.037	-0.004
270.000	122376.000	1.000	0.000	0.037	-0.004
271.000	123448.000	1.000	0.000	0.039	-0.004
272.000	124520.000	1.000	0.000	0.037	-0.004
273.000	125592.000	1.000	0.000	0.041	-0.004
274.000	126664.000	1.000	0.000	0.044	-0.004
275.000	127736.000	1.000	0.000	0.060	-0.004
276.000	128808.000	1.000	0.000	0.047	-0.004
277.000	129880.000	1.000	0.000	0.036	-0.004
278.000	130951.000	1.000	0.000	0.038	-0.004
279.000	132023.000	1.000	0.000	0.027	-0.004
280.000	133095.000	1.000	0.000	0.045	-0.004
281.000	134167.000	1.000	0.000	0.056	-0.004
282.000	135239.000	1.000	0.000	0.066	-0.004
283.000	136311.000	1.000	0.000	0.042	-0.004
284.000	137383.000	1.000	0.000	0.043	-0.004
285.000	138455.000	1.000	0.000	0.034	-0.004
286.000	139527.000	1.000	0.000	0.046	-0.004
287.000	140599.000	1.000	0.000	0.037	-0.004
288.000	141671.000	1.000	0.000	0.045	-0.004
289.000	142743.000	1.000	0.000	0.060	-0.004
290.000	143814.000	1.000	0.000	0.061	-0.004
291.000	144886.000	1.000	0.000	0.051	-0.004
292.000	145958.000	1.000	0.000	0.042	-0.004
293.000	147030.000	1.000	0.000	0.040	-0.004
294.000	148102.000	1.000	0.000	0.037	-0.004
295.000	149174.000	1.000	0.000	0.026	-0.004
296.000	150246.000	1.000	0.000	0.044	-0.004
297.000	151318.000	1.000	0.000	0.057	-0.004
298.000	152390.000	1.000	0.000	0.055	-0.004
299.000	152658.000	1.000	0.000	0.039	-0.004
300.000	151586.000	1.000	0.000	0.059	-0.004
301.000	150514.000	1.000	0.000	0.045	-0.004
302.000	149442.000	1.000	0.000	0.041	-0.004
303.000	148370.000	1.000	0.000	0.031	-0.004
304.000	147298.000	1.000	0.000	0.035	-0.004
305.000	146226.000	1.000	0.000	0.040	-0.004
306.000	145154.000	1.000	0.000	0.055	-0.004
307.000	144082.000	1.000	0.000	0.057	-0.004
308.000	143010.000	1.000	0.000	0.048	-0.004
309.000	141939.000	1.000	0.000	0.045	-0.004
310.000	140867.000	1.000	0.000	0.050	-0.004
311.000	139795.000	1.000	0.000	0.035	-0.004
312.000	138723.000	1.000	0.000	0.051	-0.004
313.000	137651.000	1.000	0.000	0.047	-0.004
314.000	136579.000	1.000	0.000	0.050	-0.004
315.000	135507.000	1.000	0.000	0.064	-0.004
316.000	134435.000	1.000	0.000	0.057	-0.004
317.000	133363.000	1.000	0.000	0.037	-0.004
318.000	132291.000	1.000	0.000	0.039	-0.004
319.000	131219.000	1.000	0.000	0.028	-0.004
320.000	130148.000	1.000	0.000	0.038	-0.004
321.000	129076.000	1.000	0.000	0.051	-0.004
322.000	128004.000	1.000	0.000	0.046	-0.004
323.000	126932.000	1.000	0.000	0.040	-0.004
324.000	125860.000	1.000	0.000	0.052	-0.004
325.000	124788.000	1.000	0.000	0.032	-0.004
326.000	123716.000	1.000	0.000	0.027	-0.004
327.000	122644.000	1.000	0.000	0.036	-0.004
328.000	121572.000	1.000	0.000	0.059	-0.004
329.000	120500.000	1.000	0.000	0.052	-0.004
330.000	119428.000	1.000	0.000	0.041	-0.004
331.000	118356.000	1.000	0.000	0.049	-0.004
332.000	117285.000	1.000	0.000	0.035	-0.004
333.000	116213.000	1.000	0.000	0.028	-0.004
334.000	115141.000	1.000	0.000	0.039	-0.004
335.000	114069.000	1.000	0.000	0.044	-0.004
336.000	112997.000	1.000	0.000	0.039	-0.004
337.000	111925.000	1.000	0.000	0.050	-0.004
338.000	110853.000	1.000	0.000	0.047	-0.004
339.000	109781.000	1.000	0.000	0.039	-0.004
340.000	108709.000	1.000	0.000	0.034	-0.004
341.000	107637.000	1.000	0.000	0.044	-0.004
342.000	106565.000	1.000	0.000	0.036	-0.004
343.000	105494.000	1.000	0.000	0.049	-0.004
344.000	104422.000	1.000	0.000	0.050	-0.004
345.000	103350.000	1.000	0.000	0.051	-0.004
346.000	102278.000	1.000	0.000	0.054	-0.004
347.000	101206.000	1.000	0.000	0.026	-0.004
348.000	100134.000	1.000	0.000	0.029	-0.004
349.000	99062.000	1.000	0.000	0.040	-0.004
350.000	97990.000	1.000	0.000	0.032	-0.004
351.000	96918.000	1.000	0.000	0.049	-0.004
352.000	95846.000	1.000	0.000	0.054	-0.004
353.000	94774.000	1.000	0.000	0.047	-0.004
354.000	93703.000	1.000	0.000	0.036	-0.004
355.000	92631.000	1.000	0.000	0.032	-0.004
356.000	91559.000	1.000	0.000	0.039	-0.004
357.000	90487.000	1.000	0.000	0.039	-0.004
358.000	89415.000	1.000	0.000	0.043	-0.004
359.000	88343.000	1.000	0.000	0.055	-0.004
360.000	87271.000	1.000	0.000	0.048	-0.004
361.000	86199.000	1.000	0.000	0.056	-0.004
362.000	85127.000	1.000	0.000	0.040	-0.004
363.000	84055.000	1.000	0.000	0.040	-0.004
364.000	82983.000	1.000	0.000	0.046	-0.004
365.000	81911.000	1.000	0.000	0.029	-0.004
366.000	80840.000	1.000	0.000	0.041	-0.004
367.000	79768.000	1.000	0.000	0.047	-0.004
368.000	78696.000	1.000	0.000	0.051	-0.004
369.000	77624.000	1.000	0.000	0.041	-0.004
370.000	76552.000	1.000	0.000	0.036	-0.004
371.000	75480.000	1.000	0.000	0.027	-0.004
372.000	74408.000	1.000	0.000	0.035	-0.004
373.000	73336.000	1.000	0.000	0.042	-0.004
374.000	72264.000	1.000	0.000	0.045	-0.004
375.000	71192.000	1.000	0.000	0.053	-0.004
376.000	70120.000	1.000	0.000	0.059	-0.004
377.000	69049.000	1.000	0.000	0.030	-0.004
378.000	67977.000	1.000	0.000	0.027	-0.004
379.000	66905.000	1.000	0.000	0.030	-0.004
380.000	65833.000	1.000	0.000	0.038	-0.004
381.000	64761.000	1.000	0.000	0.047	-0.004
382.000	63689.000	1.000	0.000	0.062	-0.004
383.000	62617.000	1.000	0.000	0.068	-0.004
384.000	61545.000	1.000	0.000	0.036	-0.004
385.000	60473.000	1.000	0.000	0.038	-0.004
386.000	59401.000	1.000	0.000	0.042	-0.004
387.000	58329.000	1.000	0.000	0.029	-0.004
388.000	57257.000	1.000	0.000	0.052	-0.004
389.000	56186.000	1.000	0.000	0.054	-0.004
390.000	55114.000	1.000	0.000	0.049	-0.004
391.000	54042.000	1.000	0.000	0.050	-0.004
392.000	52970.000	1.000	0.000	0.035	-0.004
393.000	51898.000	1.000	0.000	0.035	-0.004
394.000	50826.000	1.000	0.000	0.043	-0.004
395.000	49754.000	1.000	0.000	0.042	-0.004
396.000	48682.000	1.000	0.000	0.051	-0.004
397.000	47610.000	1.000	0.000	0.049	-0.004
