# Title: Diode Laser Delay Scan w/ Norm, 5.0 dB on Var Attn, 0 V applied, 35 dB on PM (1.4), n=27 looking for 2x MWF modulation.
# Note:	Diode Laser Delay Scan w/ Norm, 5.0 dB on Var Attn, 0 V applied, 35 dB on PM (1.4), n=27 looking for 2x MWF modulation.
# Type:	Delay w/ Norm
# Hittite Freq:	18510.2 MHz
# Hittite: Power	14 dBm
# Laser Freq:	361359.4 GHz
# Laser Mod:	NaN
# Laser Mod Attn:	35 dB
# MW Attn:	5.0 dB
# Delay:	1000 ns
# MW Off:	NaN
# Top w/o Static:	0.00 V
# Static:	0 V
# Static Off:	NaN
i	d	b	s	r
0.000	46807.000	0.005	0.107	0.156
1.000	47879.000	0.005	0.111	0.151
2.000	48950.000	0.005	0.105	0.145
3.000	50022.000	0.005	0.113	0.162
4.000	51094.000	0.005	0.112	0.150
5.000	52166.000	0.005	0.113	0.163
6.000	53238.000	0.005	0.110	0.154
7.000	54310.000	0.005	0.092	0.150
8.000	55382.000	0.005	0.098	0.173
9.000	56454.000	0.005	0.096	0.153
10.000	57526.000	0.005	0.117	0.140
11.000	58598.000	0.005	0.120	0.146
12.000	59670.000	0.005	0.110	0.143
13.000	60741.000	0.005	0.090	0.174
14.000	61813.000	0.005	0.092	0.118
15.000	62885.000	0.005	0.100	0.150
16.000	63957.000	0.005	0.119	0.155
17.000	65029.000	0.005	0.123	0.145
18.000	66101.000	0.005	0.123	0.158
19.000	67173.000	0.005	0.114	0.140
20.000	68245.000	0.005	0.102	0.145
21.000	69317.000	0.005	0.103	0.160
22.000	70389.000	0.005	0.104	0.162
23.000	71460.000	0.005	0.110	0.155
24.000	72532.000	0.005	0.110	0.145
25.000	73604.000	0.005	0.138	0.132
26.000	74676.000	0.005	0.118	0.151
27.000	75748.000	0.005	0.116	0.145
28.000	76820.000	0.005	0.099	0.127
29.000	77892.000	0.005	0.079	0.144
30.000	78964.000	0.005	0.107	0.155
31.000	80036.000	0.005	0.091	0.138
32.000	81108.000	0.005	0.117	0.146
33.000	82180.000	0.005	0.121	0.149
34.000	83251.000	0.005	0.110	0.142
35.000	84323.000	0.005	0.110	0.153
36.000	85395.000	0.005	0.109	0.149
37.000	86467.000	0.005	0.110	0.155
38.000	87539.000	0.005	0.104	0.138
39.000	88611.000	0.005	0.107	0.134
40.000	89683.000	0.005	0.125	0.158
41.000	90755.000	0.005	0.122	0.138
42.000	91827.000	0.005	0.121	0.136
43.000	92899.000	0.005	0.101	0.149
44.000	93971.000	0.005	0.100	0.145
45.000	95042.000	0.005	0.102	0.147
46.000	96114.000	0.005	0.093	0.151
47.000	97186.000	0.005	0.117	0.155
48.000	98258.000	0.005	0.124	0.143
49.000	99330.000	0.005	0.108	0.150
50.000	100402.000	0.005	0.103	0.146
51.000	101474.000	0.005	0.111	0.144
52.000	102546.000	0.005	0.100	0.149
53.000	103618.000	0.005	0.112	0.137
54.000	104690.000	0.005	0.104	0.139
55.000	105761.000	0.005	0.123	0.139
56.000	106833.000	0.005	0.128	0.144
57.000	107905.000	0.005	0.117	0.156
58.000	108977.000	0.005	0.102	0.139
59.000	110049.000	0.005	0.102	0.146
60.000	111121.000	0.005	0.107	0.154
61.000	112193.000	0.005	0.112	0.152
62.000	113265.000	0.005	0.110	0.143
63.000	114337.000	0.005	0.138	0.128
64.000	115409.000	0.005	0.112	0.159
65.000	116481.000	0.005	0.108	0.160
66.000	117552.000	0.005	0.096	0.159
67.000	118624.000	0.005	0.085	0.136
68.000	119696.000	0.005	0.105	0.154
69.000	120768.000	0.005	0.107	0.144
70.000	121840.000	0.005	0.114	0.159
71.000	122912.000	0.005	0.096	0.139
72.000	123984.000	0.005	0.102	0.131
73.000	125056.000	0.005	0.098	0.137
74.000	126128.000	0.005	0.093	0.152
75.000	127200.000	0.005	0.112	0.149
76.000	128272.000	0.005	0.128	0.130
77.000	129343.000	0.005	0.105	0.142
78.000	130415.000	0.005	0.115	0.131
79.000	131487.000	0.005	0.102	0.155
80.000	132559.000	0.005	0.120	0.144
81.000	133631.000	0.005	0.101	0.160
82.000	134703.000	0.005	0.099	0.136
83.000	135775.000	0.005	0.109	0.148
84.000	136847.000	0.005	0.105	0.145
85.000	137919.000	0.005	0.117	0.152
86.000	138991.000	0.005	0.110	0.141
87.000	140063.000	0.005	0.113	0.142
88.000	141134.000	0.005	0.096	0.139
89.000	142206.000	0.005	0.091	0.143
90.000	143278.000	0.005	0.116	0.155
91.000	144350.000	0.005	0.122	0.135
92.000	145422.000	0.005	0.106	0.129
93.000	146494.000	0.005	0.108	0.143
94.000	147566.000	0.005	0.119	0.127
95.000	148638.000	0.005	0.101	0.132
96.000	149710.000	0.005	0.111	0.146
97.000	150782.000	0.005	0.095	0.135
98.000	151853.000	0.005	0.106	0.141
99.000	152925.000	0.005	0.125	0.141
100.000	153193.000	0.005	0.113	0.150
101.000	152121.000	0.005	0.109	0.147
102.000	151050.000	0.005	0.096	0.150
103.000	149978.000	0.005	0.105	0.135
104.000	148906.000	0.005	0.094	0.143
105.000	147834.000	0.005	0.085	0.151
106.000	146762.000	0.005	0.115	0.158
107.000	145690.000	0.005	0.117	0.135
108.000	144618.000	0.005	0.108	0.139
109.000	143546.000	0.005	0.088	0.148
110.000	142474.000	0.005	0.090	0.130
111.000	141402.000	0.005	0.093	0.140
112.000	140330.000	0.005	0.087	0.123
113.000	139259.000	0.005	0.106	0.134
114.000	138187.000	0.005	0.106	0.141
115.000	137115.000	0.005	0.119	0.154
116.000	136043.000	0.005	0.099	0.137
117.000	134971.000	0.005	0.102	0.135
118.000	133899.000	0.005	0.091	0.138
119.000	132827.000	0.005	0.085	0.141
120.000	131755.000	0.005	0.113	0.151
121.000	130683.000	0.005	0.107	0.150
122.000	129611.000	0.005	0.114	0.145
123.000	128540.000	0.005	0.096	0.133
124.000	127468.000	0.005	0.107	0.155
125.000	126396.000	0.005	0.099	0.150
126.000	125324.000	0.005	0.097	0.134
127.000	124252.000	0.005	0.105	0.136
128.000	123180.000	0.005	0.105	0.137
129.000	122108.000	0.005	0.116	0.132
130.000	121036.000	0.005	0.114	0.124
131.000	119964.000	0.005	0.106	0.140
132.000	118892.000	0.005	0.091	0.125
133.000	117820.000	0.005	0.097	0.146
134.000	116749.000	0.005	0.095	0.143
135.000	115677.000	0.005	0.113	0.140
136.000	114605.000	0.005	0.129	0.142
137.000	113533.000	0.005	0.112	0.145
138.000	112461.000	0.005	0.097	0.127
139.000	111389.000	0.005	0.104	0.147
140.000	110317.000	0.005	0.101	0.152
141.000	109245.000	0.005	0.101	0.135
142.000	108173.000	0.005	0.098	0.147
143.000	107101.000	0.005	0.109	0.134
144.000	106029.000	0.005	0.126	0.142
145.000	104958.000	0.005	0.114	0.144
146.000	103886.000	0.005	0.104	0.144
147.000	102814.000	0.005	0.084	0.142
148.000	101742.000	0.005	0.082	0.149
149.000	100670.000	0.005	0.101	0.136
150.000	99598.000	0.005	0.090	0.131
151.000	98526.000	0.005	0.112	0.145
152.000	97454.000	0.005	0.112	0.144
153.000	96382.000	0.005	0.122	0.148
154.000	95310.000	0.005	0.093	0.144
155.000	94239.000	0.005	0.098	0.149
156.000	93167.000	0.005	0.095	0.137
157.000	92095.000	0.005	0.104	0.135
158.000	91023.000	0.005	0.102	0.139
159.000	89951.000	0.005	0.113	0.116
160.000	88879.000	0.005	0.105	0.129
161.000	87807.000	0.005	0.099	0.146
162.000	86735.000	0.005	0.082	0.138
163.000	85663.000	0.005	0.096	0.140
164.000	84591.000	0.005	0.093	0.146
165.000	83519.000	0.005	0.094	0.137
166.000	82448.000	0.005	0.101	0.134
167.000	81376.000	0.005	0.100	0.141
168.000	80304.000	0.005	0.103	0.147
169.000	79232.000	0.005	0.094	0.138
170.000	78160.000	0.005	0.100	0.129
171.000	77088.000	0.005	0.081	0.133
172.000	76016.000	0.005	0.098	0.129
173.000	74944.000	0.005	0.097	0.144
174.000	73872.000	0.005	0.108	0.145
175.000	72800.000	0.005	0.094	0.151
176.000	71728.000	0.005	0.085	0.140
177.000	70657.000	0.005	0.077	0.136
178.000	69585.000	0.005	0.083	0.130
179.000	68513.000	0.005	0.101	0.135
180.000	67441.000	0.005	0.098	0.136
181.000	66369.000	0.005	0.110	0.138
182.000	65297.000	0.005	0.103	0.129
183.000	64225.000	0.005	0.092	0.125
184.000	63153.000	0.005	0.089	0.133
185.000	62081.000	0.005	0.089	0.134
186.000	61009.000	0.005	0.080	0.132
187.000	59937.000	0.005	0.086	0.120
188.000	58866.000	0.005	0.084	0.135
189.000	57794.000	0.005	0.089	0.128
190.000	56722.000	0.005	0.101	0.125
191.000	55650.000	0.005	0.097	0.121
192.000	54578.000	0.005	0.077	0.130
193.000	53506.000	0.005	0.086	0.154
194.000	52434.000	0.005	0.095	0.139
195.000	51362.000	0.005	0.110	0.132
196.000	50290.000	0.005	0.094	0.132
197.000	49218.000	0.005	0.097	0.137
198.000	48147.000	0.005	0.087	0.142
199.000	47075.000	0.005	0.085	0.126
200.000	47343.000	0.005	0.089	0.125
201.000	48414.000	0.005	0.086	0.134
202.000	49486.000	0.005	0.115	0.144
203.000	50558.000	0.005	0.110	0.131
204.000	51630.000	0.005	0.105	0.142
205.000	52702.000	0.005	0.097	0.135
206.000	53774.000	0.005	0.077	0.134
207.000	54846.000	0.005	0.089	0.138
208.000	55918.000	0.005	0.097	0.132
209.000	56990.000	0.005	0.100	0.142
210.000	58062.000	0.005	0.105	0.132
211.000	59134.000	0.005	0.098	0.134
212.000	60205.000	0.005	0.096	0.129
213.000	61277.000	0.005	0.094	0.150
214.000	62349.000	0.005	0.099	0.130
215.000	63421.000	0.005	0.072	0.133
216.000	64493.000	0.005	0.101	0.133
217.000	65565.000	0.005	0.101	0.135
218.000	66637.000	0.005	0.110	0.143
219.000	67709.000	0.005	0.106	0.143
220.000	68781.000	0.005	0.092	0.149
221.000	69853.000	0.005	0.088	0.140
222.000	70925.000	0.005	0.092	0.144
223.000	71996.000	0.005	0.092	0.138
224.000	73068.000	0.005	0.104	0.158
225.000	74140.000	0.005	0.114	0.147
226.000	75212.000	0.005	0.103	0.135
227.000	76284.000	0.005	0.090	0.126
228.000	77356.000	0.005	0.095	0.143
229.000	78428.000	0.005	0.091	0.134
230.000	79500.000	0.005	0.089	0.132
231.000	80572.000	0.005	0.100	0.124
232.000	81644.000	0.005	0.097	0.121
233.000	82716.000	0.005	0.102	0.130
234.000	83787.000	0.005	0.110	0.141
235.000	84859.000	0.005	0.095	0.129
236.000	85931.000	0.005	0.087	0.116
237.000	87003.000	0.005	0.095	0.134
238.000	88075.000	0.005	0.096	0.148
239.000	89147.000	0.005	0.107	0.138
240.000	90219.000	0.005	0.099	0.132
241.000	91291.000	0.005	0.098	0.129
242.000	92363.000	0.005	0.095	0.134
243.000	93435.000	0.005	0.086	0.143
244.000	94506.000	0.005	0.093	0.148
245.000	95578.000	0.005	0.094	0.129
246.000	96650.000	0.005	0.097	0.143
247.000	97722.000	0.005	0.100	0.137
248.000	98794.000	0.005	0.101	0.127
249.000	99866.000	0.005	0.103	0.144
250.000	100938.000	0.005	0.087	0.143
251.000	102010.000	0.005	0.079	0.138
252.000	103082.000	0.005	0.092	0.135
253.000	104154.000	0.005	0.102	0.143
254.000	105226.000	0.005	0.114	0.142
255.000	106297.000	0.005	0.106	0.128
256.000	107369.000	0.005	0.092	0.114
257.000	108441.000	0.005	0.089	0.132
258.000	109513.000	0.005	0.087	0.134
259.000	110585.000	0.005	0.086	0.119
260.000	111657.000	0.005	0.091	0.131
261.000	112729.000	0.005	0.093	0.127
262.000	113801.000	0.005	0.104	0.131
263.000	114873.000	0.005	0.103	0.133
264.000	115945.000	0.005	0.086	0.132
265.000	117017.000	0.005	0.087	0.133
266.000	118088.000	0.005	0.077	0.119
267.000	119160.000	0.005	0.077	0.135
268.000	120232.000	0.005	0.101	0.124
269.000	121304.000	0.005	0.108	0.144
270.000	122376.000	0.005	0.090	0.144
271.000	123448.000	0.005	0.099	0.124
272.000	124520.000	0.005	0.088	0.141
273.000	125592.000	0.005	0.093	0.117
274.000	126664.000	0.005	0.096	0.121
275.000	127736.000	0.005	0.083	0.124
276.000	128807.000	0.005	0.089	0.126
277.000	129879.000	0.005	0.102	0.142
278.000	130951.000	0.005	0.099	0.133
279.000	132023.000	0.005	0.088	0.135
280.000	133095.000	0.005	0.078	0.127
281.000	134167.000	0.005	0.088	0.128
282.000	135239.000	0.005	0.086	0.124
283.000	136311.000	0.005	0.099	0.147
284.000	137383.000	0.005	0.099	0.138
285.000	138455.000	0.005	0.115	0.130
286.000	139527.000	0.005	0.103	0.136
287.000	140598.000	0.005	0.093	0.127
288.000	141670.000	0.005	0.089	0.124
289.000	142742.000	0.005	0.086	0.149
290.000	143814.000	0.005	0.087	0.125
291.000	144886.000	0.005	0.095	0.129
292.000	145958.000	0.005	0.108	0.128
293.000	147030.000	0.005	0.104	0.149
294.000	148102.000	0.005	0.100	0.137
295.000	149174.000	0.005	0.078	0.124
296.000	150246.000	0.005	0.100	0.122
297.000	151318.000	0.005	0.097	0.128
298.000	152389.000	0.005	0.102	0.145
299.000	152657.000	0.005	0.100	0.143
300.000	151586.000	0.005	0.084	0.121
301.000	150514.000	0.005	0.082	0.115
302.000	149442.000	0.005	0.097	0.120
303.000	148370.000	0.005	0.084	0.132
304.000	147298.000	0.005	0.097	0.134
305.000	146226.000	0.005	0.107	0.131
306.000	145154.000	0.005	0.096	0.129
307.000	144082.000	0.005	0.084	0.118
308.000	143010.000	0.005	0.090	0.124
309.000	141938.000	0.005	0.079	0.114
310.000	140866.000	0.005	0.086	0.127
311.000	139795.000	0.005	0.082	0.108
312.000	138723.000	0.005	0.078	0.120
313.000	137651.000	0.005	0.099	0.131
314.000	136579.000	0.005	0.090	0.123
315.000	135507.000	0.005	0.086	0.128
316.000	134435.000	0.005	0.074	0.116
317.000	133363.000	0.005	0.084	0.129
318.000	132291.000	0.005	0.091	0.119
319.000	131219.000	0.005	0.100	0.117
320.000	130147.000	0.005	0.109	0.136
321.000	129075.000	0.005	0.097	0.115
322.000	128004.000	0.005	0.081	0.118
323.000	126932.000	0.005	0.089	0.123
324.000	125860.000	0.005	0.080	0.122
325.000	124788.000	0.005	0.089	0.122
326.000	123716.000	0.005	0.083	0.129
327.000	122644.000	0.005	0.092	0.134
328.000	121572.000	0.005	0.089	0.144
329.000	120500.000	0.005	0.089	0.122
330.000	119428.000	0.005	0.071	0.124
331.000	118356.000	0.005	0.085	0.114
332.000	117284.000	0.005	0.082	0.132
333.000	116213.000	0.005	0.082	0.131
334.000	115141.000	0.005	0.092	0.130
335.000	114069.000	0.005	0.099	0.112
336.000	112997.000	0.005	0.091	0.115
337.000	111925.000	0.005	0.089	0.126
338.000	110853.000	0.005	0.085	0.128
339.000	109781.000	0.005	0.076	0.133
340.000	108709.000	0.005	0.082	0.123
341.000	107637.000	0.005	0.077	0.112
342.000	106565.000	0.005	0.098	0.118
343.000	105494.000	0.005	0.086	0.129
344.000	104422.000	0.005	0.084	0.118
345.000	103350.000	0.005	0.088	0.106
346.000	102278.000	0.005	0.079	0.123
347.000	101206.000	0.005	0.078	0.110
348.000	100134.000	0.005	0.094	0.125
349.000	99062.000	0.005	0.081	0.120
350.000	97990.000	0.005	0.091	0.112
351.000	96918.000	0.005	0.077	0.120
352.000	95846.000	0.005	0.074	0.116
353.000	94774.000	0.005	0.087	0.120
354.000	93703.000	0.005	0.082	0.116
355.000	92631.000	0.005	0.074	0.112
356.000	91559.000	0.005	0.083	0.106
357.000	90487.000	0.005	0.086	0.123
358.000	89415.000	0.005	0.096	0.118
359.000	88343.000	0.005	0.081	0.115
360.000	87271.000	0.005	0.080	0.114
361.000	86199.000	0.005	0.071	0.118
362.000	85127.000	0.005	0.083	0.120
363.000	84055.000	0.005	0.079	0.109
364.000	82983.000	0.005	0.084	0.126
365.000	81912.000	0.005	0.104	0.108
366.000	80840.000	0.005	0.079	0.116
367.000	79768.000	0.005	0.084	0.108
368.000	78696.000	0.005	0.072	0.117
369.000	77624.000	0.005	0.074	0.114
370.000	76552.000	0.005	0.080	0.108
371.000	75480.000	0.005	0.090	0.100
372.000	74408.000	0.005	0.092	0.110
373.000	73336.000	0.005	0.086	0.106
374.000	72264.000	0.005	0.082	0.101
375.000	71193.000	0.005	0.073	0.107
376.000	70121.000	0.005	0.081	0.120
377.000	69049.000	0.005	0.064	0.107
378.000	67977.000	0.005	0.087	0.119
379.000	66905.000	0.005	0.093	0.117
380.000	65833.000	0.005	0.098	0.111
381.000	64761.000	0.005	0.075	0.129
382.000	63689.000	0.005	0.083	0.119
383.000	62617.000	0.005	0.075	0.101
384.000	61545.000	0.005	0.073	0.108
385.000	60473.000	0.005	0.069	0.115
386.000	59402.000	0.005	0.081	0.126
387.000	58330.000	0.005	0.094	0.124
388.000	57258.000	0.005	0.094	0.114
389.000	56186.000	0.005	0.091	0.118
390.000	55114.000	0.005	0.084	0.113
391.000	54042.000	0.005	0.078	0.106
392.000	52970.000	0.005	0.079	0.114
393.000	51898.000	0.005	0.085	0.126
394.000	50826.000	0.005	0.082	0.120
395.000	49754.000	0.005	0.090	0.112
396.000	48682.000	0.005	0.086	0.133
397.000	47611.000	0.005	0.085	0.129
