# Title: Diode Laser Frequency Scan, 40 V Static, n=27.
# Note:	Diode Frequency Scan at n=27, 40 V static, no MW, looking for zero field states.
# Type:	Frequency
# Hittite Freq:	18510.2 MHz
# Hittite: Power	14 dBm
# Laser Freq:	NaN
# Laser Mod:	NaN
# Laser Mod Attn:	MAX
# MW Attn:	MAX
# Delay:	1000 ns
# MW Off:	NaN
# Top w/o Static:	-0.033 V
# Static:	40 V
# Static Off:	NaN
i	f	n	nb	s	sb
0	-4524.52	1	0	0.0619609	0.0577221	
1	-4524.62	1	0	0.0608757	0.0577221	
2	-4524.52	1	0	0.0569625	0.0577221	
3	-4524.52	1	0	0.0574886	0.0577221	
4	-4524.52	1	0	0.0601194	0.0577221	
5	-4524.52	1	0	0.0613032	0.0577221	
6	-4524.52	1	0	0.0590013	0.0577221	
7	-4524.52	1	0	0.0645258	0.0577221	
8	-4524.52	1	0	0.063046	0.0577221	
9	-4524.52	1	0	0.0629474	0.0577221	
10	-4524.52	1	0	0.057949	0.0577221	
11	-4524.42	1	0	0.0590342	0.0577221	
12	-4524.42	1	0	0.0557129	0.0577221	
13	-4524.42	1	0	0.0562719	0.0577221	
14	-4524.42	1	0	0.0611388	0.0577221	
15	-4524.42	1	0	0.0599549	0.0577221	
16	-4524.42	1	0	0.0603495	0.0577221	
17	-4524.42	1	0	0.0576531	0.0577221	
18	-4524.42	1	0	0.0608428	0.0577221	
19	-4524.32	1	0	0.0568639	0.0577221	
20	-4524.32	1	0	0.0609743	0.0577221	
21	-4524.32	1	0	0.0603495	0.0577221	
22	-4524.32	1	0	0.055417	0.0577221	
23	-4524.32	1	0	0.0571269	0.0577221	
24	-4524.32	1	0	0.0587711	0.0577221	
25	-4524.32	1	0	0.0577846	0.0577221	
26	-4524.22	1	0	0.0563706	0.0577221	
27	-4524.22	1	0	0.0621582	0.0577221	
28	-4524.22	1	0	0.0634735	0.0577221	
29	-4524.22	1	0	0.0621582	0.0577221	
30	-4524.22	1	0	0.0649533	0.0577221	
31	-4524.22	1	0	0.060218	0.0577221	
32	-4524.22	1	0	0.0631447	0.0577221	
33	-4524.22	1	0	0.0643285	0.0577221	
34	-4524.12	1	0	0.0665317	0.0577221	
35	-4524.22	1	0	0.071826	0.0577221	
36	-4524.12	1	0	0.0694913	0.0577221	
37	-4524.12	1	0	0.0710039	0.0577221	
38	-4524.12	1	0	0.072681	0.0577221	
39	-4524.12	1	0	0.0764955	0.0577221	
40	-4524.12	1	0	0.0670907	0.0577221	
41	-4524.12	1	0	0.0686034	0.0577221	
42	-4524.02	1	0	0.0665646	0.0577221	
43	-4524.02	1	0	0.0733387	0.0577221	
44	-4524.02	1	0	0.0697543	0.0577221	
45	-4524.02	1	0	0.0649204	0.0577221	
46	-4524.02	1	0	0.0584423	0.0577221	
47	-4524.02	1	0	0.0636708	0.0577221	
48	-4523.92	1	0	0.064197	0.0577221	
49	-4523.92	1	0	0.0642956	0.0577221	
50	-4523.92	1	0	0.0616978	0.0577221	
51	-4523.92	1	0	0.0612374	0.0577221	
52	-4523.92	1	0	0.0618622	0.0577221	
53	-4523.82	1	0	0.0628487	0.0577221	
54	-4523.82	1	0	0.0599221	0.0577221	
55	-4523.82	1	0	0.0666304	0.0577221	
56	-4523.82	1	0	0.0615334	0.0577221	
57	-4523.82	1	0	0.0603167	0.0577221	
58	-4523.72	1	0	0.0625856	0.0577221	
59	-4523.72	1	0	0.0619609	0.0577221	
60	-4523.72	1	0	0.0579161	0.0577221	
61	-4523.72	1	0	0.0581134	0.0577221	
62	-4523.72	1	0	0.0598563	0.0577221	
63	-4523.72	1	0	0.0515038	0.0577221	
64	-4523.62	1	0	0.0598234	0.0577221	
65	-4523.62	1	0	0.0637037	0.0577221	
66	-4523.62	1	0	0.0593301	0.0577221	
67	-4523.62	1	0	0.0601194	0.0577221	
68	-4523.62	1	0	0.0630131	0.0577221	
69	-4523.62	1	0	0.0645916	0.0577221	
70	-4523.52	1	0	0.0558444	0.0577221	
71	-4523.52	1	0	0.0605468	0.0577221	
72	-4523.52	1	0	0.0565021	0.0577221	
73	-4523.52	1	0	0.063901	0.0577221	
74	-4523.52	1	0	0.0640325	0.0577221	
75	-4523.42	1	0	0.0696228	0.0577221	
76	-4523.42	1	0	0.0597247	0.0577221	
77	-4523.42	1	0	0.0711683	0.0577221	
78	-4523.42	1	0	0.0730756	0.0577221	
79	-4523.42	1	0	0.0705107	0.0577221	
80	-4523.32	1	0	0.071267	0.0577221	
81	-4523.32	1	0	0.07495	0.0577221	
82	-4523.32	1	0	0.0765942	0.0577221	
83	-4523.32	1	0	0.0674853	0.0577221	
84	-4523.32	1	0	0.0639997	0.0577221	
85	-4523.32	1	0	0.0673209	0.0577221	
86	-4523.32	1	0	0.0640983	0.0577221	
87	-4523.32	1	0	0.061073	0.0577221	
88	-4523.32	1	0	0.0586396	0.0577221	
89	-4523.22	1	0	0.0606126	0.0577221	
90	-4523.22	1	0	0.0614676	0.0577221	
91	-4523.22	1	0	0.0600207	0.0577221	
92	-4523.22	1	0	0.0645916	0.0577221	
93	-4523.12	1	0	0.0645587	0.0577221	
94	-4523.12	1	0	0.0642627	0.0577221	
95	-4523.12	1	0	0.0598234	0.0577221	
96	-4523.12	1	0	0.0619609	0.0577221	
97	-4523.12	1	0	0.0688336	0.0577221	
98	-4523.12	1	0	0.0657425	0.0577221	
99	-4523.02	1	0	0.0632104	0.0577221	
100	-4523.02	1	0	0.0634406	0.0577221	
101	-4523.02	1	0	0.062487	0.0577221	
102	-4523.02	1	0	0.0678142	0.0577221	
103	-4523.02	1	0	0.0654794	0.0577221	
104	-4523.02	1	0	0.0617635	0.0577221	
105	-4522.92	1	0	0.0645258	0.0577221	
106	-4522.92	1	0	0.0629474	0.0577221	
107	-4522.92	1	0	0.0627172	0.0577221	
108	-4522.92	1	0	0.0652821	0.0577221	
109	-4522.82	1	0	0.0667619	0.0577221	
110	-4522.82	1	0	0.061928	0.0577221	
111	-4522.82	1	0	0.0594288	0.0577221	
112	-4522.82	1	0	0.0604482	0.0577221	
113	-4522.82	1	0	0.0634077	0.0577221	
114	-4522.72	1	0	0.061632	0.0577221	
115	-4522.72	1	0	0.0674196	0.0577221	
116	-4522.72	1	0	0.0708724	0.0577221	
117	-4522.72	1	0	0.0787645	0.0577221	
118	-4522.72	1	0	0.0731085	0.0577221	
119	-4522.62	1	0	0.0632433	0.0577221	
120	-4522.62	1	0	0.076068	0.0577221	
121	-4522.62	1	0	0.0753446	0.0577221	
122	-4522.62	1	0	0.0687349	0.0577221	
123	-4522.62	1	0	0.0642627	0.0577221	
124	-4522.52	1	0	0.0641312	0.0577221	
125	-4522.52	1	0	0.0600207	0.0577221	
126	-4522.52	1	0	0.0697872	0.0577221	
127	-4522.52	1	0	0.0595932	0.0577221	
128	-4522.52	1	0	0.0691953	0.0577221	
129	-4522.42	1	0	0.0663673	0.0577221	
130	-4522.42	1	0	0.0589027	0.0577221	
131	-4522.42	1	0	0.0658412	0.0577221	
132	-4522.42	1	0	0.0614018	0.0577221	
133	-4522.42	1	0	0.0674525	0.0577221	
134	-4522.32	1	0	0.0642627	0.0577221	
135	-4522.32	1	0	0.0641641	0.0577221	
136	-4522.32	1	0	0.0643943	0.0577221	
137	-4522.32	1	0	0.0641641	0.0577221	
138	-4522.22	1	0	0.0645916	0.0577221	
139	-4522.22	1	0	0.0544304	0.0577221	
140	-4522.22	1	0	0.0669592	0.0577221	
141	-4522.22	1	0	0.0665317	0.0577221	
142	-4522.22	1	0	0.064197	0.0577221	
143	-4522.12	1	0	0.0604811	0.0577221	
144	-4522.12	1	0	0.0599878	0.0577221	
145	-4522.12	1	0	0.0604153	0.0577221	
146	-4522.12	1	0	0.0581134	0.0577221	
147	-4522.12	1	0	0.0626514	0.0577221	
148	-4522.12	1	0	0.0652492	0.0577221	
149	-4522.12	1	0	0.0642956	0.0577221	
150	-4522.12	1	0	0.0606455	0.0577221	
151	-4522.02	1	0	0.0563706	0.0577221	
152	-4522.02	1	0	0.0694255	0.0577221	
153	-4522.02	1	0	0.0716945	0.0577221	
154	-4522.02	1	0	0.0760352	0.0577221	
155	-4521.92	1	0	0.0728783	0.0577221	
156	-4521.92	1	0	0.077219	0.0577221	
157	-4521.92	1	0	0.0746869	0.0577221	
158	-4521.92	1	0	0.0715958	0.0577221	
159	-4521.82	1	0	0.0643285	0.0577221	
160	-4521.82	1	0	0.0657096	0.0577221	
161	-4521.82	1	0	0.0604153	0.0577221	
162	-4521.82	1	0	0.0605797	0.0577221	
163	-4521.82	1	0	0.068143	0.0577221	
164	-4521.82	1	0	0.0616978	0.0577221	
165	-4521.82	1	0	0.0655123	0.0577221	
166	-4521.72	1	0	0.064197	0.0577221	
167	-4521.72	1	0	0.0618951	0.0577221	
168	-4521.72	1	0	0.0662029	0.0577221	
169	-4521.72	1	0	0.0634735	0.0577221	
170	-4521.72	1	0	0.0595603	0.0577221	
171	-4521.72	1	0	0.0664331	0.0577221	
172	-4521.62	1	0	0.0648218	0.0577221	
173	-4521.62	1	0	0.0678471	0.0577221	
174	-4521.62	1	0	0.0645258	0.0577221	
175	-4521.62	1	0	0.0672552	0.0577221	
176	-4521.62	1	0	0.0690638	0.0577221	
177	-4521.62	1	0	0.0645916	0.0577221	
178	-4521.52	1	0	0.0657425	0.0577221	
179	-4521.52	1	0	0.0627501	0.0577221	
180	-4521.52	1	0	0.060777	0.0577221	
181	-4521.52	1	0	0.0666632	0.0577221	
182	-4521.52	1	0	0.0630789	0.0577221	
183	-4521.52	1	0	0.0661371	0.0577221	
184	-4521.52	1	0	0.0671236	0.0577221	
185	-4521.52	1	0	0.0615334	0.0577221	
186	-4521.42	1	0	0.0648218	0.0577221	
187	-4521.42	1	0	0.0663015	0.0577221	
188	-4521.42	1	0	0.0641312	0.0577221	
189	-4521.42	1	0	0.0648546	0.0577221	
190	-4521.32	1	0	0.0668606	0.0577221	
191	-4521.32	1	0	0.0717274	0.0577221	
192	-4521.32	1	0	0.0735031	0.0577221	
193	-4521.32	1	0	0.0685376	0.0577221	
194	-4521.32	1	0	0.0655123	0.0577221	
195	-4521.32	1	0	0.0619937	0.0577221	
196	-4521.32	1	0	0.0632762	0.0577221	
197	-4521.22	1	0	0.0608757	0.0577221	
198	-4521.22	1	0	0.0640325	0.0577221	
199	-4521.22	1	0	0.0632433	0.0577221	
200	-4521.22	1	0	0.0652492	0.0577221	
201	-4521.22	1	0	0.065315	0.0577221	
202	-4521.22	1	0	0.0617307	0.0577221	
203	-4521.12	1	0	0.065874	0.0577221	
204	-4521.12	1	0	0.0600207	0.0577221	
205	-4521.12	1	0	0.0646573	0.0577221	
206	-4521.12	1	0	0.0617307	0.0577221	
207	-4521.12	1	0	0.0635722	0.0577221	
208	-4521.12	1	0	0.0622239	0.0577221	
209	-4521.02	1	0	0.0682746	0.0577221	
210	-4521.02	1	0	0.0657096	0.0577221	
211	-4521.02	1	0	0.0655781	0.0577221	
212	-4521.02	1	0	0.0587053	0.0577221	
213	-4521.02	1	0	0.0605797	0.0577221	
214	-4521.02	1	0	0.0604153	0.0577221	
215	-4520.92	1	0	0.06446	0.0577221	
216	-4520.92	1	0	0.0655452	0.0577221	
217	-4520.92	1	0	0.0637366	0.0577221	
218	-4520.92	1	0	0.0627501	0.0577221	
219	-4520.92	1	0	0.0633749	0.0577221	
220	-4520.92	1	0	0.0604153	0.0577221	
221	-4520.92	1	0	0.0643614	0.0577221	
222	-4520.82	1	0	0.0659398	0.0577221	
223	-4520.82	1	0	0.0633091	0.0577221	
224	-4520.82	1	0	0.0677155	0.0577221	
225	-4520.82	1	0	0.0659398	0.0577221	
226	-4520.82	1	0	0.0642627	0.0577221	
227	-4520.82	1	0	0.0681101	0.0577221	
228	-4520.72	1	0	0.0810993	0.0577221	
229	-4520.72	1	0	0.0739306	0.0577221	
230	-4520.72	1	0	0.0731414	0.0577221	
231	-4520.72	1	0	0.0695241	0.0577221	
232	-4520.72	1	0	0.0649533	0.0577221	
233	-4520.62	1	0	0.06788	0.0577221	
234	-4520.62	1	0	0.0658083	0.0577221	
235	-4520.62	1	0	0.06617	0.0577221	
236	-4520.62	1	0	0.0648218	0.0577221	
237	-4520.62	1	0	0.0645916	0.0577221	
238	-4520.62	1	0	0.0648218	0.0577221	
239	-4520.62	1	0	0.0651177	0.0577221	
240	-4520.62	1	0	0.0640325	0.0577221	
241	-4520.62	1	0	0.0631447	0.0577221	
242	-4520.52	1	0	0.0649204	0.0577221	
243	-4520.52	1	0	0.0638352	0.0577221	
244	-4520.52	1	0	0.0597905	0.0577221	
245	-4520.52	1	0	0.0610072	0.0577221	
246	-4520.52	1	0	0.067288	0.0577221	
247	-4520.42	1	0	0.0704778	0.0577221	
248	-4520.42	1	0	0.0750158	0.0577221	
249	-4520.42	1	0	0.0664659	0.0577221	
250	-4520.42	1	0	0.0590671	0.0577221	
251	-4520.42	1	0	0.0650848	0.0577221	
252	-4520.32	1	0	0.0665317	0.0577221	
253	-4520.32	1	0	0.0689651	0.0577221	
254	-4520.32	1	0	0.0639668	0.0577221	
255	-4520.32	1	0	0.0677484	0.0577221	
256	-4520.32	1	0	0.0679457	0.0577221	
257	-4520.32	1	0	0.0656438	0.0577221	
258	-4520.32	1	0	0.0647889	0.0577221	
259	-4520.32	1	0	0.0689651	0.0577221	
260	-4520.32	1	0	0.0673538	0.0577221	
261	-4520.22	1	0	0.0623883	0.0577221	
262	-4520.22	1	0	0.0716287	0.0577221	
263	-4520.22	1	0	0.0738648	0.0577221	
264	-4520.22	1	0	0.0762325	0.0577221	
265	-4520.22	1	0	0.0724837	0.0577221	
266	-4520.12	1	0	0.0713328	0.0577221	
267	-4520.12	1	0	0.0641641	0.0577221	
268	-4520.12	1	0	0.0713656	0.0577221	
269	-4520.02	1	0	0.0681759	0.0577221	
270	-4520.02	1	0	0.0677484	0.0577221	
271	-4520.02	1	0	0.0710039	0.0577221	
272	-4520.02	1	0	0.0753117	0.0577221	
273	-4520.02	1	0	0.0676169	0.0577221	
274	-4520.02	1	0	0.0736675	0.0577221	
275	-4519.92	1	0	0.0698201	0.0577221	
276	-4519.92	1	0	0.072122	0.0577221	
277	-4519.92	1	0	0.0785672	0.0577221	
278	-4519.92	1	0	0.0841904	0.0577221	
279	-4519.92	1	0	0.077778	0.0577221	
280	-4519.82	1	0	0.0836642	0.0577221	
281	-4519.82	1	0	0.105532	0.0577221	
282	-4519.72	1	0	0.124177	0.0577221	
283	-4519.72	1	0	0.128649	0.0577221	
284	-4519.72	1	0	0.106124	0.0577221	
285	-4519.72	1	0	0.102112	0.0577221	
286	-4519.62	1	0	0.108426	0.0577221	
287	-4519.62	1	0	0.125164	0.0577221	
288	-4519.62	1	0	0.118784	0.0577221	
289	-4519.62	1	0	0.0981331	0.0577221	
290	-4519.62	1	0	0.0872814	0.0577221	
291	-4519.62	1	0	0.0808691	0.0577221	
292	-4519.52	1	0	0.0788303	0.0577221	
293	-4519.52	1	0	0.0770546	0.0577221	
294	-4519.52	1	0	0.0730427	0.0577221	
295	-4519.52	1	0	0.0764298	0.0577221	
296	-4519.42	1	0	0.0729112	0.0577221	
297	-4519.42	1	0	0.0794222	0.0577221	
298	-4519.42	1	0	0.0817241	0.0577221	
299	-4519.42	1	0	0.0711026	0.0577221	
300	-4519.32	1	0	0.0768901	0.0577221	
301	-4519.32	1	0	0.0715301	0.0577221	
302	-4519.32	1	0	0.0679786	0.0577221	
303	-4519.32	1	0	0.067288	0.0577221	
304	-4519.32	1	0	0.0691953	0.0577221	
305	-4519.22	1	0	0.0713328	0.0577221	
306	-4519.22	1	0	0.0700503	0.0577221	
307	-4519.22	1	0	0.0695241	0.0577221	
308	-4519.22	1	0	0.0688336	0.0577221	
309	-4519.22	1	0	0.0671894	0.0577221	
310	-4519.22	1	0	0.0710039	0.0577221	
311	-4519.12	1	0	0.0713328	0.0577221	
312	-4519.12	1	0	0.0685376	0.0577221	
313	-4519.12	1	0	0.0764955	0.0577221	
314	-4519.12	1	0	0.0768901	0.0577221	
315	-4519.02	1	0	0.0834669	0.0577221	
316	-4519.02	1	0	0.0889585	0.0577221	
317	-4519.02	1	0	0.104776	0.0577221	
318	-4519.02	1	0	0.126413	0.0577221	
319	-4519.02	1	0	0.137627	0.0577221	
320	-4518.92	1	0	0.146999	0.0577221	
321	-4518.92	1	0	0.129537	0.0577221	
322	-4518.92	1	0	0.141507	0.0577221	
323	-4518.92	1	0	0.130359	0.0577221	
324	-4518.92	1	0	0.114476	0.0577221	
325	-4518.82	1	0	0.106847	0.0577221	
326	-4518.92	1	0	0.100797	0.0577221	
327	-4518.82	1	0	0.0981989	0.0577221	
328	-4518.82	1	0	0.103756	0.0577221	
329	-4518.82	1	0	0.0962259	0.0577221	
330	-4518.82	1	0	0.108524	0.0577221	
331	-4518.72	1	0	0.109642	0.0577221	
332	-4518.72	1	0	0.116482	0.0577221	
333	-4518.72	1	0	0.135687	0.0577221	
334	-4518.72	1	0	0.178666	0.0577221	
335	-4518.72	1	0	0.212043	0.0577221	
336	-4518.62	1	0	0.22888	0.0577221	
337	-4518.62	1	0	0.205203	0.0577221	
338	-4518.62	1	0	0.193595	0.0577221	
339	-4518.62	1	0	0.212438	0.0577221	
340	-4518.62	1	0	0.225986	0.0577221	
341	-4518.62	1	0	0.235029	0.0577221	
342	-4518.62	1	0	0.195404	0.0577221	
343	-4518.52	1	0	0.149794	0.0577221	
344	-4518.52	1	0	0.121711	0.0577221	
345	-4518.52	1	0	0.123618	0.0577221	
346	-4518.52	1	0	0.113983	0.0577221	
347	-4518.52	1	0	0.112306	0.0577221	
348	-4518.52	1	0	0.100961	0.0577221	
349	-4518.42	1	0	0.0987579	0.0577221	
350	-4518.42	1	0	0.103493	0.0577221	
351	-4518.42	1	0	0.108952	0.0577221	
352	-4518.42	1	0	0.118554	0.0577221	
353	-4518.42	1	0	0.125229	0.0577221	
354	-4518.32	1	0	0.137232	0.0577221	
355	-4518.32	1	0	0.139041	0.0577221	
356	-4518.32	1	0	0.143677	0.0577221	
357	-4518.32	1	0	0.142888	0.0577221	
358	-4518.22	1	0	0.138186	0.0577221	
359	-4518.22	1	0	0.115134	0.0577221	
360	-4518.22	1	0	0.105302	0.0577221	
361	-4518.22	1	0	0.0972124	0.0577221	
362	-4518.22	1	0	0.105894	0.0577221	
363	-4518.22	1	0	0.0923456	0.0577221	
364	-4518.22	1	0	0.0947461	0.0577221	
365	-4518.12	1	0	0.109083	0.0577221	
366	-4518.12	1	0	0.113654	0.0577221	
367	-4518.12	1	0	0.130162	0.0577221	
368	-4518.12	1	0	0.129274	0.0577221	
369	-4518.02	1	0	0.133878	0.0577221	
370	-4518.02	1	0	0.163671	0.0577221	
371	-4518.02	1	0	0.222566	0.0577221	
372	-4518.02	1	0	0.28715	0.0577221	
373	-4518.02	1	0	0.259264	0.0577221	
374	-4517.92	1	0	0.245881	0.0577221	
375	-4517.92	1	0	0.272254	0.0577221	
376	-4517.92	1	0	0.267453	0.0577221	
377	-4517.92	1	0	0.194976	0.0577221	
378	-4517.92	1	0	0.154463	0.0577221	
379	-4517.92	1	0	0.120889	0.0577221	
380	-4517.92	1	0	0.111385	0.0577221	
381	-4517.82	1	0	0.114641	0.0577221	
382	-4517.82	1	0	0.10859	0.0577221	
383	-4517.82	1	0	0.106683	0.0577221	
384	-4517.82	1	0	0.103921	0.0577221	
385	-4517.82	1	0	0.100961	0.0577221	
386	-4517.72	1	0	0.102408	0.0577221	
387	-4517.72	1	0	0.0999746	0.0577221	
388	-4517.72	1	0	0.121119	0.0577221	
389	-4517.72	1	0	0.146308	0.0577221	
390	-4517.62	1	0	0.163046	0.0577221	
391	-4517.62	1	0	0.144894	0.0577221	
392	-4517.62	1	0	0.137725	0.0577221	
393	-4517.62	1	0	0.109971	0.0577221	
394	-4517.62	1	0	0.105269	0.0577221	
395	-4517.62	1	0	0.0978043	0.0577221	
396	-4517.62	1	0	0.100468	0.0577221	
397	-4517.52	1	0	0.107406	0.0577221	
398	-4517.52	1	0	0.106913	0.0577221	
399	-4517.52	1	0	0.108952	0.0577221	
400	-4517.52	1	0	0.116022	0.0577221	
401	-4517.42	1	0	0.123059	0.0577221	
402	-4517.42	1	0	0.103493	0.0577221	
403	-4517.42	1	0	0.119902	0.0577221	
404	-4517.32	1	0	0.136706	0.0577221	
405	-4517.32	1	0	0.152523	0.0577221	
406	-4517.32	1	0	0.203756	0.0577221	
407	-4517.32	1	0	0.272615	0.0577221	
408	-4517.32	1	0	0.271333	0.0577221	
409	-4517.32	1	0	0.258377	0.0577221	
410	-4517.22	1	0	0.263375	0.0577221	
411	-4517.22	1	0	0.197508	0.0577221	
412	-4517.22	1	0	0.150846	0.0577221	
413	-4517.22	1	0	0.133845	0.0577221	
414	-4517.12	1	0	0.124835	0.0577221	
415	-4517.12	1	0	0.124342	0.0577221	
416	-4517.12	1	0	0.11053	0.0577221	
417	-4517.12	1	0	0.101257	0.0577221	
418	-4517.02	1	0	0.108261	0.0577221	
419	-4517.02	1	0	0.101224	0.0577221	
420	-4517.02	1	0	0.109774	0.0577221	
421	-4516.92	1	0	0.105861	0.0577221	
422	-4516.92	1	0	0.125493	0.0577221	
423	-4516.92	1	0	0.140422	0.0577221	
424	-4516.92	1	0	0.159626	0.0577221	
425	-4516.82	1	0	0.143612	0.0577221	
426	-4516.82	1	0	0.120724	0.0577221	
427	-4516.82	1	0	0.113358	0.0577221	
428	-4516.82	1	0	0.0969822	0.0577221	
429	-4516.82	1	0	0.0935294	0.0577221	
430	-4516.72	1	0	0.0892216	0.0577221	
431	-4516.72	1	0	0.0990868	0.0577221	
432	-4516.72	1	0	0.101126	0.0577221	
433	-4516.62	1	0	0.10323	0.0577221	
434	-4516.62	1	0	0.106453	0.0577221	
435	-4516.62	1	0	0.111188	0.0577221	
436	-4516.52	1	0	0.105631	0.0577221	
437	-4516.52	1	0	0.122566	0.0577221	
438	-4516.52	1	0	0.132036	0.0577221	
439	-4516.52	1	0	0.148084	0.0577221	
440	-4516.52	1	0	0.183763	0.0577221	
441	-4516.42	1	0	0.286394	0.0577221	
442	-4516.42	1	0	0.299284	0.0577221	
443	-4516.42	1	0	0.30836	0.0577221	
444	-4516.42	1	0	0.238317	0.0577221	
445	-4516.42	1	0	0.163013	0.0577221	
446	-4516.42	1	0	0.146768	0.0577221	
447	-4516.32	1	0	0.119902	0.0577221	
448	-4516.32	1	0	0.111517	0.0577221	
449	-4516.22	1	0	0.107538	0.0577221	
450	-4516.22	1	0	0.106058	0.0577221	
451	-4516.22	1	0	0.101126	0.0577221	
452	-4516.22	1	0	0.110596	0.0577221	
453	-4516.22	1	0	0.103131	0.0577221	
454	-4516.12	1	0	0.0974755	0.0577221	
455	-4516.12	1	0	0.106223	0.0577221	
456	-4516.12	1	0	0.106584	0.0577221	
457	-4516.12	1	0	0.133023	0.0577221	
458	-4516.12	1	0	0.127992	0.0577221	
459	-4516.12	1	0	0.114509	0.0577221	
460	-4516.02	1	0	0.103131	0.0577221	
461	-4516.02	1	0	0.0923785	0.0577221	
462	-4516.02	1	0	0.0955682	0.0577221	
463	-4516.02	1	0	0.094483	0.0577221	
464	-4515.92	1	0	0.0868868	0.0577221	
465	-4515.92	1	0	0.0869197	0.0577221	
466	-4515.92	1	0	0.103986	0.0577221	
467	-4515.92	1	0	0.0949434	0.0577221	
468	-4515.82	1	0	0.100073	0.0577221	
469	-4515.82	1	0	0.103592	0.0577221	
470	-4515.82	1	0	0.0976728	0.0577221	
471	-4515.82	1	0	0.113556	0.0577221	
472	-4515.82	1	0	0.125788	0.0577221	
473	-4515.82	1	0	0.149531	0.0577221	
474	-4515.72	1	0	0.228353	0.0577221	
475	-4515.72	1	0	0.295601	0.0577221	
476	-4515.72	1	0	0.291556	0.0577221	
477	-4515.72	1	0	0.23253	0.0577221	
478	-4515.72	1	0	0.160349	0.0577221	
479	-4515.72	1	0	0.124934	0.0577221	
480	-4515.62	1	0	0.118127	0.0577221	
481	-4515.62	1	0	0.121218	0.0577221	
482	-4515.62	1	0	0.114082	0.0577221	
483	-4515.62	1	0	0.104973	0.0577221	
484	-4515.52	1	0	0.0979687	0.0577221	
485	-4515.52	1	0	0.0959957	0.0577221	
486	-4515.52	1	0	0.0959299	0.0577221	
487	-4515.42	1	0	0.0940226	0.0577221	
488	-4515.42	1	0	0.0925429	0.0577221	
489	-4515.42	1	0	0.104874	0.0577221	
490	-4515.42	1	0	0.123454	0.0577221	
491	-4515.42	1	0	0.130951	0.0577221	
492	-4515.32	1	0	0.109873	0.0577221	
493	-4515.32	1	0	0.0948776	0.0577221	
494	-4515.32	1	0	0.0931677	0.0577221	
495	-4515.32	1	0	0.0901095	0.0577221	
496	-4515.32	1	0	0.0870184	0.0577221	
497	-4515.22	1	0	0.0892216	0.0577221	
498	-4515.22	1	0	0.0889585	0.0577221	
499	-4515.22	1	0	0.091951	0.0577221	
500	-4515.22	1	0	0.0921811	0.0577221	
501	-4515.22	1	0	0.0867224	0.0577221	
502	-4515.12	1	0	0.0927731	0.0577221	
503	-4515.12	1	0	0.102375	0.0577221	
504	-4515.12	1	0	0.0995143	0.0577221	
505	-4515.12	1	0	0.111813	0.0577221	
506	-4515.02	1	0	0.132036	0.0577221	
507	-4515.02	1	0	0.172484	0.0577221	
508	-4515.02	1	0	0.242724	0.0577221	
509	-4515.02	1	0	0.256699	0.0577221	
510	-4515.02	1	0	0.206124	0.0577221	
511	-4515.02	1	0	0.155417	0.0577221	
512	-4514.92	1	0	0.116647	0.0577221	
513	-4514.92	1	0	0.113852	0.0577221	
514	-4514.92	1	0	0.11566	0.0577221	
515	-4514.82	1	0	0.103691	0.0577221	
516	-4514.82	1	0	0.0985606	0.0577221	
517	-4514.82	1	0	0.0917865	0.0577221	
518	-4514.82	1	0	0.0876761	0.0577221	
519	-4514.82	1	0	0.0919838	0.0577221	
520	-4514.72	1	0	0.080902	0.0577221	
521	-4514.72	1	0	0.0882351	0.0577221	
522	-4514.72	1	0	0.0954695	0.0577221	
523	-4514.72	1	0	0.104118	0.0577221	
524	-4514.72	1	0	0.110399	0.0577221	
525	-4514.72	1	0	0.102145	0.0577221	
526	-4514.72	1	0	0.0953051	0.0577221	
527	-4514.72	1	0	0.0777122	0.0577221	
528	-4514.72	1	0	0.0734044	0.0577221	
529	-4514.72	1	0	0.0787974	0.0577221	
530	-4514.72	1	0	0.0850125	0.0577221	
531	-4514.62	1	0	0.0954367	0.0577221	
532	-4514.62	1	0	0.0936938	0.0577221	
533	-4514.62	1	0	0.088531	0.0577221	
534	-4514.62	1	0	0.093365	0.0577221	
535	-4514.62	1	0	0.0918194	0.0577221	
536	-4514.52	1	0	0.104677	0.0577221	
537	-4514.52	1	0	0.103658	0.0577221	
538	-4514.52	1	0	0.120231	0.0577221	
539	-4514.52	1	0	0.13618	0.0577221	
540	-4514.52	1	0	0.19103	0.0577221	
541	-4514.42	1	0	0.228682	0.0577221	
542	-4514.42	1	0	0.190471	0.0577221	
543	-4514.42	1	0	0.137232	0.0577221	
544	-4514.42	1	0	0.125394	0.0577221	
545	-4514.42	1	0	0.116121	0.0577221	
546	-4514.42	1	0	0.0975083	0.0577221	
547	-4514.32	1	0	0.0885968	0.0577221	
548	-4514.32	1	0	0.0854071	0.0577221	
549	-4514.32	1	0	0.0889585	0.0577221	
550	-4514.22	1	0	0.0865251	0.0577221	
551	-4514.22	1	0	0.084289	0.0577221	
552	-4514.22	1	0	0.0777122	0.0577221	
553	-4514.22	1	0	0.0839931	0.0577221	
554	-4514.12	1	0	0.0822173	0.0577221	
555	-4514.12	1	0	0.0880378	0.0577221	
556	-4514.12	1	0	0.0952393	0.0577221	
557	-4514.12	1	0	0.102572	0.0577221	
558	-4514.02	1	0	0.0884324	0.0577221	
559	-4514.02	1	0	0.0826119	0.0577221	
560	-4514.02	1	0	0.0767915	0.0577221	
561	-4513.92	1	0	0.0744567	0.0577221	
562	-4513.92	1	0	0.0792578	0.0577221	
563	-4513.92	1	0	0.0807047	0.0577221	
564	-4513.82	1	0	0.0849467	0.0577221	
565	-4513.82	1	0	0.0929375	0.0577221	
566	-4513.72	1	0	0.0861634	0.0577221	
567	-4513.72	1	0	0.0871828	0.0577221	
568	-4513.72	1	0	0.0818556	0.0577221	
569	-4513.62	1	0	0.0880378	0.0577221	
570	-4513.62	1	0	0.100073	0.0577221	
571	-4513.62	1	0	0.0981002	0.0577221	
572	-4513.52	1	0	0.106255	0.0577221	
573	-4513.52	1	0	0.148511	0.0577221	
574	-4513.52	1	0	0.172977	0.0577221	
575	-4513.52	1	0	0.156634	0.0577221	
576	-4513.52	1	0	0.135522	0.0577221	
577	-4513.42	1	0	0.106584	0.0577221	
578	-4513.42	1	0	0.0928717	0.0577221	
579	-4513.42	1	0	0.0902739	0.0577221	
580	-4513.32	1	0	0.0829079	0.0577221	
581	-4513.32	1	0	0.0799155	0.0577221	
582	-4513.32	1	0	0.0814939	0.0577221	
583	-4513.32	1	0	0.0792578	0.0577221	
584	-4513.22	1	0	0.0751802	0.0577221	
585	-4513.22	1	0	0.0836642	0.0577221	
586	-4513.22	1	0	0.0895833	0.0577221	
587	-4513.22	1	0	0.0868211	0.0577221	
588	-4513.22	1	0	0.103	0.0577221	
589	-4513.12	1	0	0.112372	0.0577221	
590	-4513.12	1	0	0.0924771	0.0577221	
591	-4513.12	1	0	0.0770546	0.0577221	
592	-4513.12	1	0	0.074095	0.0577221	
593	-4513.12	1	0	0.0747856	0.0577221	
594	-4513.02	1	0	0.0751802	0.0577221	
595	-4513.02	1	0	0.0728454	0.0577221	
596	-4513.02	1	0	0.0854071	0.0577221	
597	-4513.02	1	0	0.0920496	0.0577221	
598	-4513.02	1	0	0.0850453	0.0577221	
599	-4512.92	1	0	0.0825462	0.0577221	
600	-4512.92	1	0	0.0899122	0.0577221	
601	-4512.92	1	0	0.0859661	0.0577221	
602	-4512.92	1	0	0.0911617	0.0577221	
603	-4512.92	1	0	0.0971137	0.0577221	
604	-4512.92	1	0	0.102145	0.0577221	
605	-4512.82	1	0	0.123848	0.0577221	
606	-4512.82	1	0	0.147985	0.0577221	
607	-4512.82	1	0	0.158804	0.0577221	
608	-4512.82	1	0	0.120593	0.0577221	
609	-4512.82	1	0	0.088268	0.0577221	
610	-4512.72	1	0	0.0759365	0.0577221	
611	-4512.72	1	0	0.079192	0.0577221	
612	-4512.72	1	0	0.0721549	0.0577221	
613	-4512.72	1	0	0.0710039	0.0577221	
614	-4512.72	1	0	0.0777451	0.0577221	
615	-4512.62	1	0	0.072122	0.0577221	
616	-4512.62	1	0	0.0803758	0.0577221	
617	-4512.62	1	0	0.0822831	0.0577221	
618	-4512.62	1	0	0.0844534	0.0577221	
619	-4512.62	1	0	0.0830394	0.0577221	
620	-4512.62	1	0	0.10494	0.0577221	
621	-4512.52	1	0	0.0980345	0.0577221	
622	-4512.52	1	0	0.0873143	0.0577221	
623	-4512.52	1	0	0.080902	0.0577221	
624	-4512.52	1	0	0.0765284	0.0577221	
625	-4512.52	1	0	0.0737004	0.0577221	
626	-4512.42	1	0	0.0768244	0.0577221	
627	-4512.42	1	0	0.0818885	0.0577221	
628	-4512.42	1	0	0.0891558	0.0577221	
629	-4512.42	1	0	0.0915892	0.0577221	
630	-4512.32	1	0	0.0888599	0.0577221	
631	-4512.32	1	0	0.0781726	0.0577221	
632	-4512.32	1	0	0.0845192	0.0577221	
633	-4512.32	1	0	0.0856373	0.0577221	
634	-4512.32	1	0	0.0899122	0.0577221	
635	-4512.32	1	0	0.100994	0.0577221	
636	-4512.22	1	0	0.104513	0.0577221	
637	-4512.22	1	0	0.119409	0.0577221	
638	-4512.22	1	0	0.170511	0.0577221	
639	-4512.22	1	0	0.179422	0.0577221	
640	-4512.22	1	0	0.13128	0.0577221	
641	-4512.12	1	0	0.0967849	0.0577221	
642	-4512.12	1	0	0.0853084	0.0577221	
643	-4512.12	1	0	0.0845521	0.0577221	
644	-4512.12	1	0	0.078337	0.0577221	
645	-4512.02	1	0	0.0773176	0.0577221	
646	-4512.02	1	0	0.0736675	0.0577221	
647	-4512.02	1	0	0.0760023	0.0577221	
648	-4512.02	1	0	0.0717931	0.0577221	
649	-4512.02	1	0	0.0736346	0.0577221	
650	-4511.92	1	0	0.0756077	0.0577221	
651	-4511.92	1	0	0.0894518	0.0577221	
652	-4511.92	1	0	0.107933	0.0577221	
653	-4511.92	1	0	0.0987579	0.0577221	
654	-4511.92	1	0	0.0904712	0.0577221	
655	-4511.82	1	0	0.0744238	0.0577221	
656	-4511.82	1	0	0.0708724	0.0577221	
657	-4511.82	1	0	0.0717603	0.0577221	
658	-4511.82	1	0	0.0706093	0.0577221	
659	-4511.82	1	0	0.0707409	0.0577221	
660	-4511.72	1	0	0.0878405	0.0577221	
661	-4511.72	1	0	0.0889256	0.0577221	
662	-4511.72	1	0	0.0806718	0.0577221	
663	-4511.72	1	0	0.0813623	0.0577221	
664	-4511.62	1	0	0.0797839	0.0577221	
665	-4511.62	1	0	0.0779424	0.0577221	
666	-4511.62	1	0	0.0843219	0.0577221	
667	-4511.62	1	0	0.0911617	0.0577221	
668	-4511.62	1	0	0.0972124	0.0577221	
669	-4511.52	1	0	0.131214	0.0577221	
670	-4511.52	1	0	0.180507	0.0577221	
671	-4511.52	1	0	0.185473	0.0577221	
672	-4511.52	1	0	0.120922	0.0577221	
673	-4511.42	1	0	0.0872157	0.0577221	
674	-4511.42	1	0	0.0768244	0.0577221	
675	-4511.42	1	0	0.075805	0.0577221	
676	-4511.42	1	0	0.0735689	0.0577221	
677	-4511.32	1	0	0.0724837	0.0577221	
678	-4511.32	1	0	0.0765613	0.0577221	
679	-4511.32	1	0	0.0711355	0.0577221	
680	-4511.22	1	0	0.0679457	0.0577221	
681	-4511.22	1	0	0.0689651	0.0577221	
682	-4511.22	1	0	0.0689322	0.0577221	
683	-4511.22	1	0	0.0739635	0.0577221	
684	-4511.12	1	0	0.084848	0.0577221	
685	-4511.12	1	0	0.0800799	0.0577221	
686	-4511.12	1	0	0.0690638	0.0577221	
687	-4511.12	1	0	0.0708395	0.0577221	
688	-4511.12	1	0	0.0727797	0.0577221	
689	-4511.02	1	0	0.0699845	0.0577221	
690	-4511.02	1	0	0.0770874	0.0577221	
691	-4511.02	1	0	0.0750486	0.0577221	
692	-4510.92	1	0	0.0809677	0.0577221	
693	-4510.92	1	0	0.0846836	0.0577221	
694	-4510.92	1	0	0.0802772	0.0577221	
695	-4510.92	1	0	0.0787316	0.0577221	
696	-4510.82	1	0	0.0757392	0.0577221	
697	-4510.82	1	0	0.0722864	0.0577221	
698	-4510.82	1	0	0.0758707	0.0577221	
699	-4510.82	1	0	0.0859332	0.0577221	
700	-4510.82	1	0	0.0875116	0.0577221	
701	-4510.72	1	0	0.127137	0.0577221	
702	-4510.72	1	0	0.16617	0.0577221	
703	-4510.72	1	0	0.138186	0.0577221	
704	-4510.72	1	0	0.0854071	0.0577221	
705	-4510.62	1	0	0.0748185	0.0577221	
706	-4510.62	1	0	0.0709382	0.0577221	
707	-4510.62	1	0	0.0684061	0.0577221	
708	-4510.52	1	0	0.069853	0.0577221	
709	-4510.52	1	0	0.0701818	0.0577221	
710	-4510.52	1	0	0.068702	0.0577221	
711	-4510.52	1	0	0.0681759	0.0577221	
712	-4510.52	1	0	0.0683732	0.0577221	
713	-4510.42	1	0	0.0685705	0.0577221	
714	-4510.42	1	0	0.068143	0.0577221	
715	-4510.42	1	0	0.0825791	0.0577221	
716	-4510.42	1	0	0.0902739	0.0577221	
717	-4510.42	1	0	0.0770546	0.0577221	
718	-4510.32	1	0	0.0730756	0.0577221	
719	-4510.32	1	0	0.0720891	0.0577221	
720	-4510.32	1	0	0.0688007	0.0577221	
721	-4510.32	1	0	0.0671236	0.0577221	
722	-4510.22	1	0	0.0686034	0.0577221	
723	-4510.22	1	0	0.0767915	0.0577221	
724	-4510.22	1	0	0.0798168	0.0577221	
725	-4510.22	1	0	0.0846507	0.0577221	
726	-4510.22	1	0	0.0761996	0.0577221	
727	-4510.12	1	0	0.071267	0.0577221	
728	-4510.12	1	0	0.072385	0.0577221	
729	-4510.12	1	0	0.0669921	0.0577221	
730	-4510.12	1	0	0.0725495	0.0577221	
731	-4510.12	1	0	0.067288	0.0577221	
732	-4510.12	1	0	0.0712341	0.0577221	
733	-4510.02	1	0	0.0810993	0.0577221	
734	-4510.02	1	0	0.103164	0.0577221	
735	-4510.02	1	0	0.0804087	0.0577221	
736	-4510.02	1	0	0.0690638	0.0577221	
737	-4510.02	1	0	0.0680115	0.0577221	
738	-4509.92	1	0	0.0629145	0.0577221	
739	-4509.92	1	0	0.0670579	0.0577221	
740	-4509.92	1	0	0.0722206	0.0577221	
741	-4509.92	1	0	0.0686692	0.0577221	
742	-4509.82	1	0	0.0745883	0.0577221	
743	-4509.82	1	0	0.0673538	0.0577221	
744	-4509.82	1	0	0.0717931	0.0577221	
745	-4509.82	1	0	0.0743252	0.0577221	
746	-4509.82	1	0	0.0794222	0.0577221	
747	-4509.82	1	0	0.0941871	0.0577221	
748	-4509.82	1	0	0.106979	0.0577221	
749	-4509.82	1	0	0.108261	0.0577221	
750	-4509.82	1	0	0.0900108	0.0577221	
751	-4509.72	1	0	0.0786659	0.0577221	
752	-4509.72	1	0	0.0752459	0.0577221	
753	-4509.72	1	0	0.0699188	0.0577221	
754	-4509.72	1	0	0.0800799	0.0577221	
755	-4509.72	1	0	0.0799155	0.0577221	
756	-4509.72	1	0	0.0829737	0.0577221	
757	-4509.72	1	0	0.0813952	0.0577221	
758	-4509.72	1	0	0.077778	0.0577221	
759	-4509.62	1	0	0.0756734	0.0577221	
760	-4509.62	1	0	0.0694913	0.0577221	
761	-4509.62	1	0	0.075805	0.0577221	
762	-4509.62	1	0	0.072681	0.0577221	
763	-4509.62	1	0	0.0699845	0.0577221	
764	-4509.62	1	0	0.0935952	0.0577221	
765	-4509.62	1	0	0.108163	0.0577221	
766	-4509.62	1	0	0.104611	0.0577221	
767	-4509.62	1	0	0.0795866	0.0577221	
768	-4509.52	1	0	0.073536	0.0577221	
769	-4509.52	1	0	0.070971	0.0577221	
770	-4509.52	1	0	0.0707409	0.0577221	
771	-4509.52	1	0	0.067288	0.0577221	
772	-4509.42	1	0	0.0786988	0.0577221	
773	-4509.42	1	0	0.0753446	0.0577221	
774	-4509.42	1	0	0.0748185	0.0577221	
775	-4509.32	1	0	0.0803101	0.0577221	
776	-4509.32	1	0	0.0748513	0.0577221	
777	-4509.32	1	0	0.0842232	0.0577221	
778	-4509.32	1	0	0.0932992	0.0577221	
779	-4509.32	1	0	0.111879	0.0577221	
780	-4509.32	1	0	0.119179	0.0577221	
781	-4509.22	1	0	0.10346	0.0577221	
782	-4509.22	1	0	0.0861963	0.0577221	
783	-4509.22	1	0	0.077778	0.0577221	
784	-4509.12	1	0	0.0739635	0.0577221	
785	-4509.12	1	0	0.0767915	0.0577221	
786	-4509.12	1	0	0.082316	0.0577221	
787	-4509.02	1	0	0.0827764	0.0577221	
788	-4509.02	1	0	0.0892874	0.0577221	
789	-4509.02	1	0	0.0770546	0.0577221	
790	-4509.02	1	0	0.0839602	0.0577221	
791	-4508.92	1	0	0.0853413	0.0577221	
792	-4508.92	1	0	0.0858017	0.0577221	
793	-4508.92	1	0	0.0858017	0.0577221	
794	-4508.92	1	0	0.0816254	0.0577221	
795	-4508.82	1	0	0.0971137	0.0577221	
796	-4508.82	1	0	0.141869	0.0577221	
797	-4508.82	1	0	0.203625	0.0577221	
798	-4508.72	1	0	0.186558	0.0577221	
799	-4508.72	1	0	0.131149	0.0577221	
800	-4508.72	1	0	0.0862292	0.0577221	
801	-4508.62	1	0	0.081757	0.0577221	
802	-4508.62	1	0	0.0745883	0.0577221	
803	-4508.62	1	0	0.0777451	0.0577221	
804	-4508.62	1	0	0.0784357	0.0577221	
805	-4508.52	1	0	0.0844863	0.0577221	
806	-4508.52	1	0	0.087972	0.0577221	
807	-4508.52	1	0	0.0757063	0.0577221	
808	-4508.52	1	0	0.082316	0.0577221	
809	-4508.52	1	0	0.0879391	0.0577221	
810	-4508.52	1	0	0.111813	0.0577221	
811	-4508.42	1	0	0.132957	0.0577221	
812	-4508.42	1	0	0.124177	0.0577221	
813	-4508.42	1	0	0.119212	0.0577221	
814	-4508.32	1	0	0.0918194	0.0577221	
815	-4508.32	1	0	0.0796195	0.0577221	
816	-4508.32	1	0	0.0858346	0.0577221	
817	-4508.32	1	0	0.0863278	0.0577221	
818	-4508.22	1	0	0.0852098	0.0577221	
819	-4508.22	1	0	0.0907343	0.0577221	
820	-4508.22	1	0	0.083434	0.0577221	
821	-4508.22	1	0	0.0886297	0.0577221	
822	-4508.12	1	0	0.0982647	0.0577221	
823	-4508.12	1	0	0.0979358	0.0577221	
824	-4508.12	1	0	0.0885639	0.0577221	
825	-4508.12	1	0	0.0958313	0.0577221	
826	-4508.02	1	0	0.103822	0.0577221	
827	-4508.02	1	0	0.12467	0.0577221	
828	-4508.02	1	0	0.18932	0.0577221	
829	-4508.02	1	0	0.240816	0.0577221	
830	-4508.02	1	0	0.203197	0.0577221	
831	-4507.92	1	0	0.130096	0.0577221	
832	-4507.92	1	0	0.103362	0.0577221	
833	-4507.92	1	0	0.0889256	0.0577221	
834	-4507.82	1	0	0.0799483	0.0577221	
835	-4507.82	1	0	0.084585	0.0577221	
836	-4507.82	1	0	0.0864922	0.0577221	
837	-4507.82	1	0	0.0868868	0.0577221	
838	-4507.82	1	0	0.095634	0.0577221	
839	-4507.72	1	0	0.0926415	0.0577221	
840	-4507.72	1	0	0.0937267	0.0577221	
841	-4507.72	1	0	0.109906	0.0577221	
842	-4507.72	1	0	0.14108	0.0577221	
843	-4507.72	1	0	0.141704	0.0577221	
844	-4507.62	1	0	0.143776	0.0577221	
845	-4507.62	1	0	0.116614	0.0577221	
846	-4507.62	1	0	0.0921154	0.0577221	
847	-4507.62	1	0	0.0909644	0.0577221	
848	-4507.62	1	0	0.0876761	0.0577221	
849	-4507.52	1	0	0.0807704	0.0577221	
850	-4507.52	1	0	0.092214	0.0577221	
851	-4507.52	1	0	0.0942199	0.0577221	
852	-4507.52	1	0	0.0915235	0.0577221	
853	-4507.52	1	0	0.0924442	0.0577221	
854	-4507.52	1	0	0.0901752	0.0577221	
855	-4507.42	1	0	0.0916879	0.0577221	
856	-4507.42	1	0	0.106814	0.0577221	
857	-4507.42	1	0	0.115134	0.0577221	
858	-4507.42	1	0	0.140225	0.0577221	
859	-4507.42	1	0	0.202638	0.0577221	
860	-4507.42	1	0	0.250978	0.0577221	
861	-4507.32	1	0	0.238317	0.0577221	
862	-4507.32	1	0	0.182546	0.0577221	
863	-4507.32	1	0	0.128617	0.0577221	
864	-4507.22	1	0	0.120659	0.0577221	
865	-4507.22	1	0	0.0942199	0.0577221	
866	-4507.22	1	0	0.102112	0.0577221	
867	-4507.22	1	0	0.101816	0.0577221	
868	-4507.22	1	0	0.104118	0.0577221	
869	-4507.12	1	0	0.0991525	0.0577221	
870	-4507.12	1	0	0.0966862	0.0577221	
871	-4507.12	1	0	0.0908	0.0577221	
872	-4507.12	1	0	0.113556	0.0577221	
873	-4507.02	1	0	0.137462	0.0577221	
874	-4507.02	1	0	0.142033	0.0577221	
875	-4507.02	1	0	0.149991	0.0577221	
876	-4507.02	1	0	0.120494	0.0577221	
877	-4507.02	1	0	0.105664	0.0577221	
878	-4506.92	1	0	0.0962916	0.0577221	
879	-4506.92	1	0	0.0846179	0.0577221	
880	-4506.92	1	0	0.0850782	0.0577221	
881	-4506.92	1	0	0.0838615	0.0577221	
882	-4506.92	1	0	0.0936938	0.0577221	
883	-4506.92	1	0	0.0873143	0.0577221	
884	-4506.82	1	0	0.0932992	0.0577221	
885	-4506.82	1	0	0.0876432	0.0577221	
886	-4506.82	1	0	0.0939569	0.0577221	
887	-4506.82	1	0	0.0961601	0.0577221	
888	-4506.82	1	0	0.114049	0.0577221	
889	-4506.82	1	0	0.145585	0.0577221	
890	-4506.82	1	0	0.20346	0.0577221	
891	-4506.82	1	0	0.252063	0.0577221	
892	-4506.82	1	0	0.27153	0.0577221	
893	-4506.72	1	0	0.238482	0.0577221	
894	-4506.72	1	0	0.165282	0.0577221	
895	-4506.72	1	0	0.13424	0.0577221	
896	-4506.72	1	0	0.115299	0.0577221	
897	-4506.62	1	0	0.107834	0.0577221	
898	-4506.62	1	0	0.103427	0.0577221	
899	-4506.62	1	0	0.106321	0.0577221	
900	-4506.62	1	0	0.104414	0.0577221	
901	-4506.62	1	0	0.104052	0.0577221	
902	-4506.52	1	0	0.103427	0.0577221	
903	-4506.62	1	0	0.110136	0.0577221	
904	-4506.52	1	0	0.128814	0.0577221	
905	-4506.52	1	0	0.147952	0.0577221	
906	-4506.52	1	0	0.148709	0.0577221	
907	-4506.52	1	0	0.137199	0.0577221	
908	-4506.52	1	0	0.116022	0.0577221	
909	-4506.42	1	0	0.105105	0.0577221	
910	-4506.42	1	0	0.0992512	0.0577221	
911	-4506.42	1	0	0.0901423	0.0577221	
912	-4506.42	1	0	0.0899122	0.0577221	
913	-4506.32	1	0	0.089945	0.0577221	
914	-4506.32	1	0	0.0981331	0.0577221	
915	-4506.32	1	0	0.0984949	0.0577221	
916	-4506.32	1	0	0.104348	0.0577221	
917	-4506.32	1	0	0.115562	0.0577221	
918	-4506.32	1	0	0.115331	0.0577221	
919	-4506.22	1	0	0.119902	0.0577221	
920	-4506.22	1	0	0.138745	0.0577221	
921	-4506.22	1	0	0.211911	0.0577221	
922	-4506.22	1	0	0.277975	0.0577221	
923	-4506.22	1	0	0.27666	0.0577221	
924	-4506.22	1	0	0.263506	0.0577221	
925	-4506.12	1	0	0.206617	0.0577221	
926	-4506.12	1	0	0.149596	0.0577221	
927	-4506.12	1	0	0.12615	0.0577221	
928	-4506.02	1	0	0.108788	0.0577221	
929	-4506.02	1	0	0.106584	0.0577221	
930	-4506.02	1	0	0.095634	0.0577221	
931	-4506.02	1	0	0.100172	0.0577221	
932	-4506.02	1	0	0.103493	0.0577221	
933	-4506.02	1	0	0.105499	0.0577221	
934	-4505.92	1	0	0.110761	0.0577221	
935	-4505.92	1	0	0.126512	0.0577221	
936	-4505.92	1	0	0.154924	0.0577221	
937	-4505.92	1	0	0.146834	0.0577221	
938	-4505.92	1	0	0.156371	0.0577221	
939	-4505.82	1	0	0.139698	0.0577221	
940	-4505.82	1	0	0.131313	0.0577221	
941	-4505.82	1	0	0.104776	0.0577221	
942	-4505.72	1	0	0.0951736	0.0577221	
943	-4505.72	1	0	0.0974426	0.0577221	
944	-4505.72	1	0	0.0983962	0.0577221	
945	-4505.62	1	0	0.0936938	0.0577221	
946	-4505.62	1	0	0.100895	0.0577221	
947	-4505.62	1	0	0.101882	0.0577221	
948	-4505.62	1	0	0.106058	0.0577221	
949	-4505.62	1	0	0.118357	0.0577221	
950	-4505.62	1	0	0.119902	0.0577221	
951	-4505.52	1	0	0.135588	0.0577221	
952	-4505.52	1	0	0.209577	0.0577221	
953	-4505.52	1	0	0.288893	0.0577221	
954	-4505.52	1	0	0.267814	0.0577221	
955	-4505.42	1	0	0.280113	0.0577221	
956	-4505.42	1	0	0.254726	0.0577221	
957	-4505.32	1	0	0.193562	0.0577221	
958	-4505.32	1	0	0.148281	0.0577221	
959	-4505.32	1	0	0.131477	0.0577221	
960	-4505.22	1	0	0.107933	0.0577221	
961	-4505.22	1	0	0.103723	0.0577221	
962	-4505.22	1	0	0.109018	0.0577221	
963	-4505.12	1	0	0.097048	0.0577221	
964	-4505.12	1	0	0.115792	0.0577221	
965	-4505.12	1	0	0.113556	0.0577221	
966	-4505.12	1	0	0.143118	0.0577221	
967	-4505.02	1	0	0.14131	0.0577221	
968	-4505.02	1	0	0.14154	0.0577221	
969	-4505.02	1	0	0.13493	0.0577221	
970	-4505.02	1	0	0.149564	0.0577221	
971	-4504.92	1	0	0.127663	0.0577221	
972	-4504.92	1	0	0.109018	0.0577221	
973	-4504.82	1	0	0.100336	0.0577221	
974	-4504.82	1	0	0.107669	0.0577221	
975	-4504.82	1	0	0.110958	0.0577221	
976	-4504.82	1	0	0.112668	0.0577221	
977	-4504.72	1	0	0.104809	0.0577221	
978	-4504.72	1	0	0.106453	0.0577221	
979	-4504.72	1	0	0.107965	0.0577221	
980	-4504.72	1	0	0.124572	0.0577221	
981	-4504.62	1	0	0.139074	0.0577221	
982	-4504.62	1	0	0.152819	0.0577221	
983	-4504.62	1	0	0.223783	0.0577221	
984	-4504.62	1	0	0.296522	0.0577221	
985	-4504.52	1	0	0.297541	0.0577221	
986	-4504.52	1	0	0.293135	0.0577221	
987	-4504.52	1	0	0.273339	0.0577221	
988	-4504.52	1	0	0.228419	0.0577221	
989	-4504.42	1	0	0.164887	0.0577221	
990	-4504.42	1	0	0.132168	0.0577221	
991	-4504.42	1	0	0.127137	0.0577221	
992	-4504.42	1	0	0.110202	0.0577221	
993	-4504.32	1	0	0.117633	0.0577221	
994	-4504.32	1	0	0.108656	0.0577221	
995	-4504.32	1	0	0.109544	0.0577221	
996	-4504.32	1	0	0.106223	0.0577221	
997	-4504.32	1	0	0.131017	0.0577221	
998	-4504.32	1	0	0.147064	0.0577221	
999	-4504.22	1	0	0.143348	0.0577221	
1000	-4504.22	1	0	0.13641	0.0577221	
1001	-4504.22	1	0	0.144236	0.0577221	
1002	-4504.22	1	0	0.148939	0.0577221	
1003	-4504.12	1	0	0.134141	0.0577221	
1004	-4504.12	1	0	0.120461	0.0577221	
1005	-4504.12	1	0	0.10859	0.0577221	
1006	-4504.12	1	0	0.113128	0.0577221	
1007	-4504.02	1	0	0.113621	0.0577221	
1008	-4504.02	1	0	0.111254	0.0577221	
1009	-4504.02	1	0	0.116088	0.0577221	
1010	-4504.02	1	0	0.119409	0.0577221	
1011	-4504.02	1	0	0.121119	0.0577221	
1012	-4504.02	1	0	0.134864	0.0577221	
1013	-4504.02	1	0	0.161731	0.0577221	
1014	-4503.92	1	0	0.231675	0.0577221	
1015	-4503.92	1	0	0.294352	0.0577221	
1016	-4503.92	1	0	0.299416	0.0577221	
1017	-4503.92	1	0	0.269623	0.0577221	
1018	-4503.92	1	0	0.293036	0.0577221	
1019	-4503.82	1	0	0.251833	0.0577221	
1020	-4503.82	1	0	0.193957	0.0577221	
1021	-4503.82	1	0	0.135818	0.0577221	
1022	-4503.82	1	0	0.119442	0.0577221	
1023	-4503.72	1	0	0.116976	0.0577221	
1024	-4503.72	1	0	0.106716	0.0577221	
1025	-4503.72	1	0	0.100895	0.0577221	
1026	-4503.72	1	0	0.117272	0.0577221	
1027	-4503.72	1	0	0.115266	0.0577221	
1028	-4503.72	1	0	0.126117	0.0577221	
1029	-4503.72	1	0	0.147163	0.0577221	
1030	-4503.72	1	0	0.149728	0.0577221	
1031	-4503.62	1	0	0.140981	0.0577221	
1032	-4503.62	1	0	0.127959	0.0577221	
1033	-4503.62	1	0	0.138876	0.0577221	
1034	-4503.62	1	0	0.153806	0.0577221	
1035	-4503.62	1	0	0.126841	0.0577221	
1036	-4503.52	1	0	0.112701	0.0577221	
1037	-4503.52	1	0	0.127367	0.0577221	
1038	-4503.52	1	0	0.11395	0.0577221	
1039	-4503.52	1	0	0.106453	0.0577221	
1040	-4503.52	1	0	0.114542	0.0577221	
1041	-4503.42	1	0	0.124079	0.0577221	
1042	-4503.42	1	0	0.126249	0.0577221	
1043	-4503.42	1	0	0.134864	0.0577221	
1044	-4503.42	1	0	0.160514	0.0577221	
1045	-4503.42	1	0	0.21372	0.0577221	
1046	-4503.42	1	0	0.283434	0.0577221	
1047	-4503.42	1	0	0.291359	0.0577221	
1048	-4503.32	1	0	0.268472	0.0577221	
1049	-4503.32	1	0	0.260382	0.0577221	
1050	-4503.32	1	0	0.267979	0.0577221	
1051	-4503.32	1	0	0.237068	0.0577221	
1052	-4503.22	1	0	0.157357	0.0577221	
1053	-4503.22	1	0	0.132102	0.0577221	
1054	-4503.22	1	0	0.121185	0.0577221	
1055	-4503.22	1	0	0.110925	0.0577221	
1056	-4503.12	1	0	0.110333	0.0577221	
1057	-4503.12	1	0	0.102638	0.0577221	
1058	-4503.12	1	0	0.109741	0.0577221	
1059	-4503.12	1	0	0.119014	0.0577221	
1060	-4503.12	1	0	0.127466	0.0577221	
1061	-4503.12	1	0	0.149498	0.0577221	
1062	-4503.12	1	0	0.13424	0.0577221	
1063	-4503.02	1	0	0.117502	0.0577221	
1064	-4503.02	1	0	0.106157	0.0577221	
1065	-4503.02	1	0	0.122007	0.0577221	
1066	-4502.92	1	0	0.150057	0.0577221	
1067	-4502.92	1	0	0.143085	0.0577221	
1068	-4502.92	1	0	0.119541	0.0577221	
1069	-4502.82	1	0	0.110267	0.0577221	
1070	-4502.82	1	0	0.10711	0.0577221	
1071	-4502.82	1	0	0.104052	0.0577221	
1072	-4502.82	1	0	0.117535	0.0577221	
1073	-4502.82	1	0	0.122928	0.0577221	
1074	-4502.82	1	0	0.14006	0.0577221	
1075	-4502.72	1	0	0.160349	0.0577221	
1076	-4502.72	1	0	0.20642	0.0577221	
1077	-4502.72	1	0	0.271826	0.0577221	
1078	-4502.72	1	0	0.265085	0.0577221	
1079	-4502.62	1	0	0.244434	0.0577221	
1080	-4502.62	1	0	0.236542	0.0577221	
1081	-4502.62	1	0	0.248117	0.0577221	
1082	-4502.52	1	0	0.261303	0.0577221	
1083	-4502.52	1	0	0.184157	0.0577221	
1084	-4502.52	1	0	0.143085	0.0577221	
1085	-4502.42	1	0	0.124901	0.0577221	
1086	-4502.52	1	0	0.0975412	0.0577221	
1087	-4502.42	1	0	0.0979687	0.0577221	
1088	-4502.42	1	0	0.0858346	0.0577221	
1089	-4502.42	1	0	0.0854399	0.0577221	
1090	-4502.32	1	0	0.0790276	0.0577221	
1091	-4502.32	1	0	0.0762982	0.0577221	
1092	-4502.22	1	0	0.0714643	0.0577221	
1093	-4502.22	1	0	0.0723193	0.0577221	
1094	-4502.22	1	0	0.076068	0.0577221	
1095	-4502.12	1	0	0.0733387	0.0577221	
1096	-4502.12	1	0	0.0826777	0.0577221	
1097	-4502.12	1	0	0.0712999	0.0577221	
1098	-4502.02	1	0	0.0869526	0.0577221	
1099	-4502.02	1	0	0.0840588	0.0577221	
1100	-4502.02	1	0	0.0849138	0.0577221	
1101	-4502.02	1	0	0.0866238	0.0577221	
1102	-4501.92	1	0	0.0833683	0.0577221	
1103	-4501.92	1	0	0.0900108	0.0577221	
1104	-4501.92	1	0	0.101915	0.0577221	
1105	-4501.92	1	0	0.127202	0.0577221	
1106	-4501.82	1	0	0.141869	0.0577221	
1107	-4501.82	1	0	0.164328	0.0577221	
1108	-4501.82	1	0	0.216088	0.0577221	
1109	-4501.82	1	0	0.2664	0.0577221	
1110	-4501.72	1	0	0.225525	0.0577221	
1111	-4501.72	1	0	0.181954	0.0577221	
1112	-4501.72	1	0	0.16469	0.0577221	
1113	-4501.62	1	0	0.184782	0.0577221	
1114	-4501.62	1	0	0.24325	0.0577221	
1115	-4501.62	1	0	0.204611	0.0577221	
1116	-4501.62	1	0	0.153181	0.0577221	
1117	-4501.62	1	0	0.118587	0.0577221	
1118	-4501.52	1	0	0.100599	0.0577221	
1119	-4501.52	1	0	0.0913919	0.0577221	
1120	-4501.52	1	0	0.0862292	0.0577221	
1121	-4501.52	1	0	0.0771532	0.0577221	
1122	-4501.52	1	0	0.080047	0.0577221	
1123	-4501.42	1	0	0.0702147	0.0577221	
1124	-4501.42	1	0	0.0658412	0.0577221	
1125	-4501.42	1	0	0.069557	0.0577221	
1126	-4501.42	1	0	0.0728454	0.0577221	
1127	-4501.32	1	0	0.0668934	0.0577221	
1128	-4501.32	1	0	0.0625199	0.0577221	
1129	-4501.32	1	0	0.0654465	0.0577221	
1130	-4501.32	1	0	0.0638352	0.0577221	
1131	-4501.22	1	0	0.0663673	0.0577221	
1132	-4501.22	1	0	0.0616978	0.0577221	
1133	-4501.22	1	0	0.0671894	0.0577221	
1134	-4501.22	1	0	0.0603824	0.0577221	
1135	-4501.22	1	0	0.0631118	0.0577221	
1136	-4501.22	1	0	0.0653479	0.0577221	
1137	-4501.22	1	0	0.0625856	0.0577221	
1138	-4501.12	1	0	0.0609086	0.0577221	
1139	-4501.12	1	0	0.0629803	0.0577221	
1140	-4501.12	1	0	0.0615334	0.0577221	
1141	-4501.12	1	0	0.0630131	0.0577221	
1142	-4501.02	1	0	0.0615991	0.0577221	
1143	-4501.02	1	0	0.0647231	0.0577221	
1144	-4501.02	1	0	0.0640325	0.0577221	
1145	-4501.02	1	0	0.0603495	0.0577221	
1146	-4500.92	1	0	0.0627829	0.0577221	
1147	-4500.92	1	0	0.0657754	0.0577221	
1148	-4500.92	1	0	0.0653479	0.0577221	
1149	-4500.92	1	0	0.0645258	0.0577221	
1150	-4500.92	1	0	0.064197	0.0577221	
1151	-4500.92	1	0	0.0635064	0.0577221	
1152	-4500.82	1	0	0.0632762	0.0577221	
1153	-4500.82	1	0	0.054825	0.0577221	
1154	-4500.82	1	0	0.0589027	0.0577221	
1155	-4500.82	1	0	0.0637037	0.0577221	
1156	-4500.72	1	0	0.0660713	0.0577221	
1157	-4500.72	1	0	0.0643943	0.0577221	
1158	-4500.72	1	0	0.0599878	0.0577221	
1159	-4500.72	1	0	0.0624541	0.0577221	
1160	-4500.62	1	0	0.0664002	0.0577221	
1161	-4500.62	1	0	0.0640325	0.0577221	
1162	-4500.62	1	0	0.0645916	0.0577221	
1163	-4500.62	1	0	0.0638681	0.0577221	
1164	-4500.62	1	0	0.0655781	0.0577221	
1165	-4500.62	1	0	0.0640654	0.0577221	
1166	-4500.62	1	0	0.057949	0.0577221	
1167	-4500.52	1	0	0.0588698	0.0577221	
1168	-4500.52	1	0	0.0603495	0.0577221	
1169	-4500.52	1	0	0.063342	0.0577221	
1170	-4500.52	1	0	0.0635393	0.0577221	
1171	-4500.42	1	0	0.0599549	0.0577221	
1172	-4500.42	1	0	0.0627829	0.0577221	
1173	-4500.32	1	0	0.0621253	0.0577221	
1174	-4500.32	1	0	0.061632	0.0577221	
1175	-4500.32	1	0	0.0585409	0.0577221	
1176	-4500.32	1	0	0.0637037	0.0577221	
1177	-4500.32	1	0	0.0602838	0.0577221	
1178	-4500.32	1	0	0.0651177	0.0577221	
1179	-4500.22	1	0	0.0630131	0.0577221	
1180	-4500.22	1	0	0.0606126	0.0577221	
1181	-4500.22	1	0	0.0603167	0.0577221	
1182	-4500.22	1	0	0.0587053	0.0577221	
1183	-4500.22	1	0	0.0629145	0.0577221	
1184	-4500.12	1	0	0.0607113	0.0577221	
1185	-4500.12	1	0	0.0600536	0.0577221	
1186	-4500.02	1	0	0.0629474	0.0577221	
1187	-4500.02	1	0	0.0603167	0.0577221	
1188	-4500.02	1	0	0.0580477	0.0577221	
1189	-4500.02	1	0	0.0583436	0.0577221	
1190	-4499.92	1	0	0.0549237	0.0577221	
1191	-4499.92	1	0	0.0568967	0.0577221	
1192	-4499.92	1	0	0.0552525	0.0577221	
1193	-4499.92	1	0	0.0565021	0.0577221	
1194	-4499.92	1	0	0.0628487	0.0577221	
1195	-4499.92	1	0	0.0637037	0.0577221	
1196	-4499.82	1	0	0.0630789	0.0577221	
1197	-4499.82	1	0	0.0631118	0.0577221	
1198	-4499.82	1	0	0.0656438	0.0577221	
1199	-4499.82	1	0	0.0642956	0.0577221	
1200	-4499.72	1	0	0.0627501	0.0577221	
1201	-4499.72	1	0	0.0632104	0.0577221	
1202	-4499.72	1	0	0.0611388	0.0577221	
1203	-4499.72	1	0	0.0626514	0.0577221	
1204	-4499.62	1	0	0.0526218	0.0577221	
1205	-4499.62	1	0	0.0589684	0.0577221	
1206	-4499.62	1	0	0.0578833	0.0577221	
1207	-4499.62	1	0	0.060514	0.0577221	
1208	-4499.62	1	0	0.0645916	0.0577221	
1209	-4499.62	1	0	0.0591328	0.0577221	
1210	-4499.52	1	0	0.0631118	0.0577221	
1211	-4499.52	1	0	0.064197	0.0577221	
1212	-4499.52	1	0	0.0590342	0.0577221	
1213	-4499.42	1	0	0.0591328	0.0577221	
1214	-4499.42	1	0	0.056831	0.0577221	
1215	-4499.42	1	0	0.0621253	0.0577221	
1216	-4499.42	1	0	0.063901	0.0577221	
1217	-4499.32	1	0	0.0586725	0.0577221	
1218	-4499.32	1	0	0.0628487	0.0577221	
1219	-4499.22	1	0	0.0605797	0.0577221	
1220	-4499.22	1	0	0.0600207	0.0577221	
1221	-4499.22	1	0	0.0604482	0.0577221	
1222	-4499.22	1	0	0.0566994	0.0577221	
1223	-4499.22	1	0	0.0536083	0.0577221	
1224	-4499.12	1	0	0.0542331	0.0577221	
1225	-4499.12	1	0	0.05739	0.0577221	
1226	-4499.12	1	0	0.0597576	0.0577221	
1227	-4499.02	1	0	0.0576531	0.0577221	
1228	-4499.02	1	0	0.0631447	0.0577221	
1229	-4499.02	1	0	0.0508461	0.0577221	
1230	-4499.02	1	0	0.0554498	0.0577221	
1231	-4498.92	1	0	0.060514	0.0577221	
1232	-4498.92	1	0	0.0587711	0.0577221	
1233	-4498.92	1	0	0.0560418	0.0577221	
1234	-4498.82	1	0	0.0576859	0.0577221	
1235	-4498.82	1	0	0.0569954	0.0577221	
1236	-4498.82	1	0	0.0587053	0.0577221	
1237	-4498.82	1	0	0.0589355	0.0577221	
1238	-4498.72	1	0	0.0555485	0.0577221	
1239	-4498.72	1	0	0.0554827	0.0577221	
1240	-4498.72	1	0	0.0587382	0.0577221	
1241	-4498.72	1	0	0.0790605	0.0577221	
1242	-4498.62	1	0	0.0595274	0.0577221	
1243	-4498.62	1	0	0.0580148	0.0577221	
1244	-4498.62	1	0	0.0552854	0.0577221	
1245	-4498.62	1	0	0.0626185	0.0577221	
1246	-4498.62	1	0	0.0587382	0.0577221	
1247	-4498.52	1	0	0.0527534	0.0577221	
1248	-4498.52	1	0	0.0613361	0.0577221	
1249	-4498.52	1	0	0.0566665	0.0577221	
1250	-4498.52	1	0	0.0576531	0.0577221	
1251	-4498.42	1	0	0.0590671	0.0577221	
1252	-4498.42	1	0	0.0576531	0.0577221	
1253	-4498.42	1	0	0.0631118	0.0577221	
1254	-4498.42	1	0	0.0620924	0.0577221	
1255	-4498.42	1	0	0.058804	0.0577221	
1256	-4498.42	1	0	0.0585409	0.0577221	
1257	-4498.42	1	0	0.0622897	0.0577221	
1258	-4498.32	1	0	0.0624541	0.0577221	
1259	-4498.32	1	0	0.0535755	0.0577221	
1260	-4498.32	1	0	0.0608757	0.0577221	
1261	-4498.32	1	0	0.0571927	0.0577221	
1262	-4498.22	1	0	0.0590671	0.0577221	
1263	-4498.22	1	0	0.0614018	0.0577221	
1264	-4498.22	1	0	0.0618293	0.0577221	
1265	-4498.12	1	0	0.05739	0.0577221	
1266	-4498.12	1	0	0.0571598	0.0577221	
1267	-4498.12	1	0	0.0580148	0.0577221	
1268	-4498.12	1	0	0.0567652	0.0577221	
1269	-4498.12	1	0	0.0576531	0.0577221	
1270	-4498.02	1	0	0.0626843	0.0577221	
1271	-4498.02	1	0	0.0590013	0.0577221	
1272	-4498.02	1	0	0.058245	0.0577221	
1273	-4498.02	1	0	0.0560746	0.0577221	
1274	-4498.02	1	0	0.0572913	0.0577221	
1275	-4498.02	1	0	0.0639339	0.0577221	
1276	-4498.02	1	0	0.05739	0.0577221	
1277	-4497.92	1	0	0.0601851	0.0577221	
1278	-4497.92	1	0	0.0600865	0.0577221	
1279	-4497.92	1	0	0.0562719	0.0577221	
1280	-4497.92	1	0	0.0596261	0.0577221	
1281	-4497.82	1	0	0.0560746	0.0577221	
1282	-4497.82	1	0	0.0597576	0.0577221	
1283	-4497.82	1	0	0.0570283	0.0577221	
1284	-4497.82	1	0	0.0586725	0.0577221	
1285	-4497.82	1	0	0.0572913	0.0577221	
1286	-4497.82	1	0	0.0577846	0.0577221	
1287	-4497.82	1	0	0.059659	0.0577221	
1288	-4497.82	1	0	0.0557787	0.0577221	
1289	-4497.82	1	0	0.0584752	0.0577221	
1290	-4497.82	1	0	0.0587382	0.0577221	
1291	-4497.82	1	0	0.0568967	0.0577221	
1292	-4497.72	1	0	0.0600536	0.0577221	
1293	-4497.72	1	0	0.0569296	0.0577221	
1294	-4497.72	1	0	0.0587711	0.0577221	
1295	-4497.72	1	0	0.0595603	0.0577221	
1296	-4497.62	1	0	0.057094	0.0577221	
1297	-4497.62	1	0	0.0620924	0.0577221	
1298	-4497.62	1	0	0.0604482	0.0577221	
1299	-4497.62	1	0	0.0592644	0.0577221	
1300	-4497.62	1	0	0.0678471	0.0561634	
