# Title: Diode Laser Delay Scan with MW, Static, and PM
# Note:	Diode Laser Delay Scan w/ Norm, 11.0 dB on MW Var Attn, 40 V applied, 35 dB on PM Var Attn (1.4), n=27 looking for modulation at the MW period. Laser tuned to Reddest Stark State, looking at smaller field for no 2x modulation, just 1x.
# Type:	Delay
# Hittite Freq:	18510.2 MHz
# Hittite: Power	14 dBm
# Laser Freq:	361350.8 GHz
# Laser Mod:	NaN
# Laser Mod Attn:	35 dB
# MW Attn:	11.0 dB
# Delay:	1000 ns
# MW Off:	NaN
# Top w/o Static:	-0.033 V
# Static:	40 V
# Static Off:	NaN
i	d	n	nb	s	sb
0.000	46807.000	1.000	0.000	0.249	0.055
1.000	47879.000	1.000	0.000	0.226	0.055
2.000	48950.000	1.000	0.000	0.196	0.055
3.000	50022.000	1.000	0.000	0.147	0.055
4.000	51094.000	1.000	0.000	0.114	0.055
5.000	52166.000	1.000	0.000	0.088	0.055
6.000	53238.000	1.000	0.000	0.079	0.055
7.000	54310.000	1.000	0.000	0.076	0.055
8.000	55382.000	1.000	0.000	0.070	0.055
9.000	56454.000	1.000	0.000	0.077	0.055
10.000	57526.000	1.000	0.000	0.118	0.055
11.000	58598.000	1.000	0.000	0.167	0.055
12.000	59670.000	1.000	0.000	0.207	0.055
13.000	60741.000	1.000	0.000	0.227	0.055
14.000	61813.000	1.000	0.000	0.269	0.055
15.000	62885.000	1.000	0.000	0.243	0.055
16.000	63957.000	1.000	0.000	0.231	0.055
17.000	65029.000	1.000	0.000	0.184	0.055
18.000	66101.000	1.000	0.000	0.142	0.055
19.000	67173.000	1.000	0.000	0.100	0.055
20.000	68245.000	1.000	0.000	0.083	0.055
21.000	69317.000	1.000	0.000	0.077	0.055
22.000	70389.000	1.000	0.000	0.075	0.055
23.000	71460.000	1.000	0.000	0.072	0.055
24.000	72532.000	1.000	0.000	0.082	0.055
25.000	73604.000	1.000	0.000	0.134	0.055
26.000	74676.000	1.000	0.000	0.172	0.055
27.000	75748.000	1.000	0.000	0.213	0.055
28.000	76820.000	1.000	0.000	0.234	0.055
29.000	77892.000	1.000	0.000	0.244	0.055
30.000	78964.000	1.000	0.000	0.250	0.055
31.000	80036.000	1.000	0.000	0.213	0.055
32.000	81108.000	1.000	0.000	0.176	0.055
33.000	82180.000	1.000	0.000	0.127	0.055
34.000	83251.000	1.000	0.000	0.095	0.055
35.000	84323.000	1.000	0.000	0.078	0.055
36.000	85395.000	1.000	0.000	0.071	0.055
37.000	86467.000	1.000	0.000	0.076	0.055
38.000	87539.000	1.000	0.000	0.065	0.055
39.000	88611.000	1.000	0.000	0.083	0.055
40.000	89683.000	1.000	0.000	0.135	0.055
41.000	90755.000	1.000	0.000	0.189	0.055
42.000	91827.000	1.000	0.000	0.227	0.055
43.000	92899.000	1.000	0.000	0.252	0.055
44.000	93971.000	1.000	0.000	0.262	0.055
45.000	95042.000	1.000	0.000	0.249	0.055
46.000	96114.000	1.000	0.000	0.211	0.055
47.000	97186.000	1.000	0.000	0.167	0.055
48.000	98258.000	1.000	0.000	0.130	0.055
49.000	99330.000	1.000	0.000	0.098	0.055
50.000	100402.000	1.000	0.000	0.081	0.055
51.000	101474.000	1.000	0.000	0.074	0.055
52.000	102546.000	1.000	0.000	0.070	0.055
53.000	103618.000	1.000	0.000	0.064	0.055
54.000	104690.000	1.000	0.000	0.092	0.055
55.000	105761.000	1.000	0.000	0.138	0.055
56.000	106833.000	1.000	0.000	0.186	0.055
57.000	107905.000	1.000	0.000	0.225	0.055
58.000	108977.000	1.000	0.000	0.244	0.055
59.000	110049.000	1.000	0.000	0.274	0.055
60.000	111121.000	1.000	0.000	0.238	0.055
61.000	112193.000	1.000	0.000	0.211	0.055
62.000	113265.000	1.000	0.000	0.163	0.055
63.000	114337.000	1.000	0.000	0.113	0.055
64.000	115409.000	1.000	0.000	0.090	0.055
65.000	116481.000	1.000	0.000	0.077	0.055
66.000	117552.000	1.000	0.000	0.078	0.055
67.000	118624.000	1.000	0.000	0.072	0.055
68.000	119696.000	1.000	0.000	0.068	0.055
69.000	120768.000	1.000	0.000	0.106	0.055
70.000	121840.000	1.000	0.000	0.143	0.055
71.000	122912.000	1.000	0.000	0.200	0.055
72.000	123984.000	1.000	0.000	0.234	0.055
73.000	125056.000	1.000	0.000	0.256	0.055
74.000	126128.000	1.000	0.000	0.264	0.055
75.000	127200.000	1.000	0.000	0.236	0.055
76.000	128272.000	1.000	0.000	0.217	0.055
77.000	129343.000	1.000	0.000	0.156	0.055
78.000	130415.000	1.000	0.000	0.112	0.055
79.000	131487.000	1.000	0.000	0.080	0.055
80.000	132559.000	1.000	0.000	0.072	0.055
81.000	133631.000	1.000	0.000	0.073	0.055
82.000	134703.000	1.000	0.000	0.072	0.055
83.000	135775.000	1.000	0.000	0.069	0.055
84.000	136847.000	1.000	0.000	0.108	0.055
85.000	137919.000	1.000	0.000	0.158	0.055
86.000	138991.000	1.000	0.000	0.192	0.055
87.000	140063.000	1.000	0.000	0.234	0.055
88.000	141134.000	1.000	0.000	0.261	0.055
89.000	142206.000	1.000	0.000	0.253	0.055
90.000	143278.000	1.000	0.000	0.228	0.055
91.000	144350.000	1.000	0.000	0.200	0.055
92.000	145422.000	1.000	0.000	0.149	0.055
93.000	146494.000	1.000	0.000	0.111	0.055
94.000	147566.000	1.000	0.000	0.082	0.055
95.000	148638.000	1.000	0.000	0.071	0.055
96.000	149710.000	1.000	0.000	0.076	0.055
97.000	150782.000	1.000	0.000	0.061	0.055
98.000	151853.000	1.000	0.000	0.066	0.055
99.000	152925.000	1.000	0.000	0.109	0.055
100.000	153193.000	1.000	0.000	0.121	0.055
101.000	152121.000	1.000	0.000	0.077	0.055
102.000	151050.000	1.000	0.000	0.060	0.055
103.000	149978.000	1.000	0.000	0.068	0.055
104.000	148906.000	1.000	0.000	0.074	0.055
105.000	147834.000	1.000	0.000	0.076	0.055
106.000	146762.000	1.000	0.000	0.098	0.055
107.000	145690.000	1.000	0.000	0.132	0.055
108.000	144618.000	1.000	0.000	0.187	0.055
109.000	143546.000	1.000	0.000	0.247	0.055
110.000	142474.000	1.000	0.000	0.244	0.055
111.000	141402.000	1.000	0.000	0.264	0.055
112.000	140330.000	1.000	0.000	0.224	0.055
113.000	139259.000	1.000	0.000	0.196	0.055
114.000	138187.000	1.000	0.000	0.158	0.055
115.000	137115.000	1.000	0.000	0.112	0.055
116.000	136043.000	1.000	0.000	0.074	0.055
117.000	134971.000	1.000	0.000	0.066	0.055
118.000	133899.000	1.000	0.000	0.073	0.055
119.000	132827.000	1.000	0.000	0.068	0.055
120.000	131755.000	1.000	0.000	0.078	0.055
121.000	130683.000	1.000	0.000	0.098	0.055
122.000	129611.000	1.000	0.000	0.124	0.055
123.000	128540.000	1.000	0.000	0.179	0.055
124.000	127468.000	1.000	0.000	0.217	0.055
125.000	126396.000	1.000	0.000	0.246	0.055
126.000	125324.000	1.000	0.000	0.256	0.055
127.000	124252.000	1.000	0.000	0.221	0.055
128.000	123180.000	1.000	0.000	0.191	0.055
129.000	122108.000	1.000	0.000	0.156	0.055
130.000	121036.000	1.000	0.000	0.094	0.055
131.000	119964.000	1.000	0.000	0.073	0.055
132.000	118892.000	1.000	0.000	0.065	0.055
133.000	117820.000	1.000	0.000	0.069	0.055
134.000	116749.000	1.000	0.000	0.073	0.055
135.000	115677.000	1.000	0.000	0.079	0.055
136.000	114605.000	1.000	0.000	0.109	0.055
137.000	113533.000	1.000	0.000	0.147	0.055
138.000	112461.000	1.000	0.000	0.179	0.055
139.000	111389.000	1.000	0.000	0.209	0.055
140.000	110317.000	1.000	0.000	0.238	0.055
141.000	109245.000	1.000	0.000	0.235	0.055
142.000	108173.000	1.000	0.000	0.235	0.055
143.000	107101.000	1.000	0.000	0.187	0.055
144.000	106029.000	1.000	0.000	0.143	0.055
145.000	104958.000	1.000	0.000	0.097	0.055
146.000	103886.000	1.000	0.000	0.065	0.055
147.000	102814.000	1.000	0.000	0.068	0.055
148.000	101742.000	1.000	0.000	0.073	0.055
149.000	100670.000	1.000	0.000	0.073	0.055
150.000	99598.000	1.000	0.000	0.085	0.055
151.000	98526.000	1.000	0.000	0.106	0.055
152.000	97454.000	1.000	0.000	0.161	0.055
153.000	96382.000	1.000	0.000	0.196	0.055
154.000	95310.000	1.000	0.000	0.217	0.055
155.000	94239.000	1.000	0.000	0.244	0.055
156.000	93167.000	1.000	0.000	0.229	0.055
157.000	92095.000	1.000	0.000	0.231	0.055
158.000	91023.000	1.000	0.000	0.188	0.055
159.000	89951.000	1.000	0.000	0.139	0.055
160.000	88879.000	1.000	0.000	0.094	0.055
161.000	87807.000	1.000	0.000	0.069	0.055
162.000	86735.000	1.000	0.000	0.071	0.055
163.000	85663.000	1.000	0.000	0.070	0.055
164.000	84591.000	1.000	0.000	0.071	0.055
165.000	83519.000	1.000	0.000	0.084	0.055
166.000	82448.000	1.000	0.000	0.127	0.055
167.000	81376.000	1.000	0.000	0.161	0.055
168.000	80304.000	1.000	0.000	0.188	0.055
169.000	79232.000	1.000	0.000	0.232	0.055
170.000	78160.000	1.000	0.000	0.240	0.055
171.000	77088.000	1.000	0.000	0.244	0.055
172.000	76016.000	1.000	0.000	0.209	0.055
173.000	74944.000	1.000	0.000	0.174	0.055
174.000	73872.000	1.000	0.000	0.124	0.055
175.000	72800.000	1.000	0.000	0.089	0.055
176.000	71728.000	1.000	0.000	0.066	0.055
177.000	70657.000	1.000	0.000	0.067	0.055
178.000	69585.000	1.000	0.000	0.072	0.055
179.000	68513.000	1.000	0.000	0.080	0.055
180.000	67441.000	1.000	0.000	0.096	0.055
181.000	66369.000	1.000	0.000	0.119	0.055
182.000	65297.000	1.000	0.000	0.163	0.055
183.000	64225.000	1.000	0.000	0.195	0.055
184.000	63153.000	1.000	0.000	0.248	0.055
185.000	62081.000	1.000	0.000	0.238	0.055
186.000	61009.000	1.000	0.000	0.219	0.055
187.000	59937.000	1.000	0.000	0.215	0.055
188.000	58866.000	1.000	0.000	0.165	0.055
189.000	57794.000	1.000	0.000	0.119	0.055
190.000	56722.000	1.000	0.000	0.086	0.055
191.000	55650.000	1.000	0.000	0.070	0.055
192.000	54578.000	1.000	0.000	0.067	0.055
193.000	53506.000	1.000	0.000	0.073	0.055
194.000	52434.000	1.000	0.000	0.072	0.055
195.000	51362.000	1.000	0.000	0.091	0.055
196.000	50290.000	1.000	0.000	0.125	0.055
197.000	49218.000	1.000	0.000	0.170	0.055
198.000	48147.000	1.000	0.000	0.197	0.055
199.000	47075.000	1.000	0.000	0.208	0.055
200.000	47343.000	1.000	0.000	0.227	0.055
201.000	48414.000	1.000	0.000	0.210	0.055
202.000	49486.000	1.000	0.000	0.165	0.055
203.000	50558.000	1.000	0.000	0.119	0.055
204.000	51630.000	1.000	0.000	0.089	0.055
205.000	52702.000	1.000	0.000	0.074	0.055
206.000	53774.000	1.000	0.000	0.075	0.055
207.000	54846.000	1.000	0.000	0.071	0.055
208.000	55918.000	1.000	0.000	0.061	0.055
209.000	56990.000	1.000	0.000	0.095	0.055
210.000	58062.000	1.000	0.000	0.127	0.055
211.000	59134.000	1.000	0.000	0.185	0.055
212.000	60205.000	1.000	0.000	0.219	0.055
213.000	61277.000	1.000	0.000	0.234	0.055
214.000	62349.000	1.000	0.000	0.226	0.055
215.000	63421.000	1.000	0.000	0.217	0.055
216.000	64493.000	1.000	0.000	0.188	0.055
217.000	65565.000	1.000	0.000	0.153	0.055
218.000	66637.000	1.000	0.000	0.124	0.055
219.000	67709.000	1.000	0.000	0.089	0.055
220.000	68781.000	1.000	0.000	0.075	0.055
221.000	69853.000	1.000	0.000	0.072	0.055
222.000	70925.000	1.000	0.000	0.063	0.055
223.000	71996.000	1.000	0.000	0.065	0.055
224.000	73068.000	1.000	0.000	0.091	0.055
225.000	74140.000	1.000	0.000	0.133	0.055
226.000	75212.000	1.000	0.000	0.188	0.055
227.000	76284.000	1.000	0.000	0.232	0.055
228.000	77356.000	1.000	0.000	0.233	0.055
229.000	78428.000	1.000	0.000	0.241	0.055
230.000	79500.000	1.000	0.000	0.214	0.055
231.000	80572.000	1.000	0.000	0.189	0.055
232.000	81644.000	1.000	0.000	0.153	0.055
233.000	82716.000	1.000	0.000	0.107	0.055
234.000	83787.000	1.000	0.000	0.076	0.055
235.000	84859.000	1.000	0.000	0.075	0.055
236.000	85931.000	1.000	0.000	0.071	0.055
237.000	87003.000	1.000	0.000	0.065	0.055
238.000	88075.000	1.000	0.000	0.063	0.055
239.000	89147.000	1.000	0.000	0.096	0.055
240.000	90219.000	1.000	0.000	0.142	0.055
241.000	91291.000	1.000	0.000	0.183	0.055
242.000	92363.000	1.000	0.000	0.237	0.055
243.000	93435.000	1.000	0.000	0.245	0.055
244.000	94506.000	1.000	0.000	0.242	0.055
245.000	95578.000	1.000	0.000	0.222	0.055
246.000	96650.000	1.000	0.000	0.182	0.055
247.000	97722.000	1.000	0.000	0.141	0.055
248.000	98794.000	1.000	0.000	0.101	0.055
249.000	99866.000	1.000	0.000	0.077	0.055
250.000	100938.000	1.000	0.000	0.076	0.055
251.000	102010.000	1.000	0.000	0.073	0.055
252.000	103082.000	1.000	0.000	0.062	0.055
253.000	104154.000	1.000	0.000	0.064	0.055
254.000	105226.000	1.000	0.000	0.115	0.055
255.000	106297.000	1.000	0.000	0.146	0.055
256.000	107369.000	1.000	0.000	0.181	0.055
257.000	108441.000	1.000	0.000	0.214	0.055
258.000	109513.000	1.000	0.000	0.240	0.055
259.000	110585.000	1.000	0.000	0.241	0.055
260.000	111657.000	1.000	0.000	0.219	0.055
261.000	112729.000	1.000	0.000	0.183	0.055
262.000	113801.000	1.000	0.000	0.131	0.055
263.000	114873.000	1.000	0.000	0.095	0.055
264.000	115945.000	1.000	0.000	0.073	0.055
265.000	117017.000	1.000	0.000	0.071	0.055
266.000	118088.000	1.000	0.000	0.070	0.055
267.000	119160.000	1.000	0.000	0.068	0.055
268.000	120232.000	1.000	0.000	0.076	0.055
269.000	121304.000	1.000	0.000	0.116	0.055
270.000	122376.000	1.000	0.000	0.169	0.055
271.000	123448.000	1.000	0.000	0.201	0.055
272.000	124520.000	1.000	0.000	0.215	0.055
273.000	125592.000	1.000	0.000	0.228	0.055
274.000	126664.000	1.000	0.000	0.237	0.055
275.000	127736.000	1.000	0.000	0.210	0.055
276.000	128807.000	1.000	0.000	0.170	0.055
277.000	129879.000	1.000	0.000	0.135	0.055
278.000	130951.000	1.000	0.000	0.095	0.055
279.000	132023.000	1.000	0.000	0.079	0.055
280.000	133095.000	1.000	0.000	0.070	0.055
281.000	134167.000	1.000	0.000	0.070	0.055
282.000	135239.000	1.000	0.000	0.062	0.055
283.000	136311.000	1.000	0.000	0.072	0.055
284.000	137383.000	1.000	0.000	0.111	0.055
285.000	138455.000	1.000	0.000	0.159	0.055
286.000	139527.000	1.000	0.000	0.208	0.055
287.000	140598.000	1.000	0.000	0.221	0.055
288.000	141670.000	1.000	0.000	0.239	0.055
289.000	142742.000	1.000	0.000	0.232	0.055
290.000	143814.000	1.000	0.000	0.217	0.055
291.000	144886.000	1.000	0.000	0.181	0.055
292.000	145958.000	1.000	0.000	0.123	0.055
293.000	147030.000	1.000	0.000	0.084	0.055
294.000	148102.000	1.000	0.000	0.070	0.055
295.000	149174.000	1.000	0.000	0.071	0.055
296.000	150246.000	1.000	0.000	0.067	0.055
297.000	151318.000	1.000	0.000	0.065	0.055
298.000	152389.000	1.000	0.000	0.078	0.055
299.000	152657.000	1.000	0.000	0.083	0.055
300.000	151586.000	1.000	0.000	0.063	0.055
301.000	150514.000	1.000	0.000	0.060	0.055
302.000	149442.000	1.000	0.000	0.065	0.055
303.000	148370.000	1.000	0.000	0.069	0.055
304.000	147298.000	1.000	0.000	0.089	0.055
305.000	146226.000	1.000	0.000	0.113	0.055
306.000	145154.000	1.000	0.000	0.147	0.055
307.000	144082.000	1.000	0.000	0.194	0.055
308.000	143010.000	1.000	0.000	0.213	0.055
309.000	141938.000	1.000	0.000	0.231	0.055
310.000	140866.000	1.000	0.000	0.232	0.055
311.000	139795.000	1.000	0.000	0.201	0.055
312.000	138723.000	1.000	0.000	0.166	0.055
313.000	137651.000	1.000	0.000	0.115	0.055
314.000	136579.000	1.000	0.000	0.089	0.055
315.000	135507.000	1.000	0.000	0.068	0.055
316.000	134435.000	1.000	0.000	0.068	0.055
317.000	133363.000	1.000	0.000	0.065	0.055
318.000	132291.000	1.000	0.000	0.072	0.055
319.000	131219.000	1.000	0.000	0.078	0.055
320.000	130147.000	1.000	0.000	0.124	0.055
321.000	129075.000	1.000	0.000	0.162	0.055
322.000	128004.000	1.000	0.000	0.185	0.055
323.000	126932.000	1.000	0.000	0.223	0.055
324.000	125860.000	1.000	0.000	0.238	0.055
325.000	124788.000	1.000	0.000	0.222	0.055
326.000	123716.000	1.000	0.000	0.198	0.055
327.000	122644.000	1.000	0.000	0.152	0.055
328.000	121572.000	1.000	0.000	0.111	0.055
329.000	120500.000	1.000	0.000	0.082	0.055
330.000	119428.000	1.000	0.000	0.061	0.055
331.000	118356.000	1.000	0.000	0.064	0.055
332.000	117284.000	1.000	0.000	0.064	0.055
333.000	116213.000	1.000	0.000	0.066	0.055
334.000	115141.000	1.000	0.000	0.084	0.055
335.000	114069.000	1.000	0.000	0.123	0.055
336.000	112997.000	1.000	0.000	0.148	0.055
337.000	111925.000	1.000	0.000	0.198	0.055
338.000	110853.000	1.000	0.000	0.210	0.055
339.000	109781.000	1.000	0.000	0.210	0.055
340.000	108709.000	1.000	0.000	0.195	0.055
341.000	107637.000	1.000	0.000	0.192	0.055
342.000	106565.000	1.000	0.000	0.147	0.055
343.000	105494.000	1.000	0.000	0.117	0.055
344.000	104422.000	1.000	0.000	0.073	0.055
345.000	103350.000	1.000	0.000	0.059	0.055
346.000	102278.000	1.000	0.000	0.063	0.055
347.000	101206.000	1.000	0.000	0.068	0.055
348.000	100134.000	1.000	0.000	0.074	0.055
349.000	99062.000	1.000	0.000	0.087	0.055
350.000	97990.000	1.000	0.000	0.124	0.055
351.000	96918.000	1.000	0.000	0.141	0.055
352.000	95846.000	1.000	0.000	0.198	0.055
353.000	94774.000	1.000	0.000	0.209	0.055
354.000	93703.000	1.000	0.000	0.228	0.055
355.000	92631.000	1.000	0.000	0.215	0.055
356.000	91559.000	1.000	0.000	0.173	0.055
357.000	90487.000	1.000	0.000	0.150	0.055
358.000	89415.000	1.000	0.000	0.096	0.055
359.000	88343.000	1.000	0.000	0.075	0.055
360.000	87271.000	1.000	0.000	0.065	0.055
361.000	86199.000	1.000	0.000	0.065	0.055
362.000	85127.000	1.000	0.000	0.070	0.055
363.000	84055.000	1.000	0.000	0.074	0.055
364.000	82983.000	1.000	0.000	0.094	0.055
365.000	81912.000	1.000	0.000	0.129	0.055
366.000	80840.000	1.000	0.000	0.158	0.055
367.000	79768.000	1.000	0.000	0.185	0.055
368.000	78696.000	1.000	0.000	0.211	0.055
369.000	77624.000	1.000	0.000	0.213	0.055
370.000	76552.000	1.000	0.000	0.211	0.055
371.000	75480.000	1.000	0.000	0.172	0.055
372.000	74408.000	1.000	0.000	0.140	0.055
373.000	73336.000	1.000	0.000	0.094	0.055
374.000	72264.000	1.000	0.000	0.071	0.055
375.000	71193.000	1.000	0.000	0.069	0.055
376.000	70121.000	1.000	0.000	0.063	0.055
377.000	69049.000	1.000	0.000	0.073	0.055
378.000	67977.000	1.000	0.000	0.077	0.055
379.000	66905.000	1.000	0.000	0.099	0.055
380.000	65833.000	1.000	0.000	0.136	0.055
381.000	64761.000	1.000	0.000	0.170	0.055
382.000	63689.000	1.000	0.000	0.191	0.055
383.000	62617.000	1.000	0.000	0.220	0.055
384.000	61545.000	1.000	0.000	0.218	0.055
385.000	60473.000	1.000	0.000	0.210	0.055
386.000	59402.000	1.000	0.000	0.166	0.055
387.000	58330.000	1.000	0.000	0.133	0.055
388.000	57258.000	1.000	0.000	0.091	0.055
389.000	56186.000	1.000	0.000	0.060	0.055
390.000	55114.000	1.000	0.000	0.066	0.055
391.000	54042.000	1.000	0.000	0.067	0.055
392.000	52970.000	1.000	0.000	0.070	0.055
393.000	51898.000	1.000	0.000	0.079	0.055
394.000	50826.000	1.000	0.000	0.106	0.055
395.000	49754.000	1.000	0.000	0.133	0.055
396.000	48682.000	1.000	0.000	0.179	0.055
397.000	47611.000	1.000	0.000	0.196	0.055
