# Title: Diode Laser Delay Scan, 5.0 dB on Var Attn, 0 V applied, n=27 looking for 2x MWF modulation.
# Note:	Diode Laser Delay Scan, 5.0 dB on Var Attn, 0 V applied, n=27 looking for 2x MWF modulation.
# Type:	Delay
# Hittite Freq:	18511.9 MHz
# Hittite: Power	14 dBm
# Laser Freq:	361359.4 GHz
# Laser Mod:	1.4
# Laser Mod Attn:	35.0 dB
# MW Attn:	5.0 dB
# Delay:	1000 ns
# MW Off:	NaN
# Top w/o Static:	0.00 V
# Static:	0 V
# Static Off:	NaN
i	d	n	nb	s	sb
0	46805	1	0	0.26594	0.0373341	
1	47877	1	0	0.255253	0.0373341	
2	48949	1	0	0.250353	0.0373341	
3	50021	1	0	0.256403	0.0373341	
4	51093	1	0	0.275673	0.0373341	
5	52165	1	0	0.283204	0.0373341	
6	53237	1	0	0.261928	0.0373341	
7	54309	1	0	0.283993	0.0373341	
8	55380	1	0	0.279455	0.0373341	
9	56452	1	0	0.275871	0.0373341	
10	57524	1	0	0.294121	0.0373341	
11	58596	1	0	0.295864	0.0373341	
12	59668	1	0	0.302901	0.0373341	
13	60740	1	0	0.285769	0.0373341	
14	61812	1	0	0.275378	0.0373341	
15	62884	1	0	0.258607	0.0373341	
16	63956	1	0	0.247229	0.0373341	
17	65028	1	0	0.253247	0.0373341	
18	66100	1	0	0.293266	0.0373341	
19	67172	1	0	0.266762	0.0373341	
20	68244	1	0	0.311681	0.0373341	
21	69316	1	0	0.281066	0.0373341	
22	70388	1	0	0.282711	0.0373341	
23	71460	1	0	0.278567	0.0373341	
24	72532	1	0	0.294253	0.0373341	
25	73603	1	0	0.291129	0.0373341	
26	74675	1	0	0.282908	0.0373341	
27	75747	1	0	0.296325	0.0373341	
28	76819	1	0	0.293595	0.0373341	
29	77891	1	0	0.297607	0.0373341	
30	78963	1	0	0.298857	0.0373341	
31	80035	1	0	0.294582	0.0373341	
32	81107	1	0	0.300369	0.0373341	
33	82179	1	0	0.291885	0.0373341	
34	83251	1	0	0.303987	0.0373341	
35	84323	1	0	0.299284	0.0373341	
36	85395	1	0	0.270642	0.0373341	
37	86467	1	0	0.285341	0.0373341	
38	87539	1	0	0.285341	0.0373341	
39	88611	1	0	0.293825	0.0373341	
40	89683	1	0	0.30859	0.0373341	
41	90755	1	0	0.30813	0.0373341	
42	91826	1	0	0.294253	0.0373341	
43	92898	1	0	0.295404	0.0373341	
44	93970	1	0	0.304874	0.0373341	
45	95042	1	0	0.299942	0.0373341	
46	96114	1	0	0.305203	0.0373341	
47	97186	1	0	0.29011	0.0373341	
48	98258	1	0	0.306946	0.0373341	
49	99330	1	0	0.315825	0.0373341	
50	100402	1	0	0.294713	0.0373341	
51	101474	1	0	0.294779	0.0373341	
52	102546	1	0	0.302014	0.0373341	
53	103618	1	0	0.302079	0.0373341	
54	104690	1	0	0.274161	0.0373341	
55	105762	1	0	0.299646	0.0373341	
56	106834	1	0	0.311254	0.0373341	
57	107906	1	0	0.312931	0.0373341	
58	108978	1	0	0.292477	0.0373341	
59	110049	1	0	0.287578	0.0373341	
60	111121	1	0	0.310235	0.0373341	
61	112193	1	0	0.296851	0.0373341	
62	113265	1	0	0.289649	0.0373341	
63	114337	1	0	0.295437	0.0373341	
64	115409	1	0	0.290866	0.0373341	
65	116481	1	0	0.28669	0.0373341	
66	117553	1	0	0.281691	0.0373341	
67	118625	1	0	0.276265	0.0373341	
68	119697	1	0	0.28715	0.0373341	
69	120769	1	0	0.305335	0.0373341	
70	121841	1	0	0.28863	0.0373341	
71	122913	1	0	0.28863	0.0373341	
72	123985	1	0	0.303789	0.0373341	
73	125057	1	0	0.291524	0.0373341	
74	126129	1	0	0.283599	0.0373341	
75	127201	1	0	0.301422	0.0373341	
76	128272	1	0	0.29376	0.0373341	
77	129344	1	0	0.30665	0.0373341	
78	130416	1	0	0.287873	0.0373341	
79	131488	1	0	0.292411	0.0373341	
80	132560	1	0	0.292839	0.0373341	
81	133632	1	0	0.276693	0.0373341	
82	134704	1	0	0.28886	0.0373341	
83	135776	1	0	0.271168	0.0373341	
84	136848	1	0	0.292707	0.0373341	
85	137920	1	0	0.300369	0.0373341	
86	138992	1	0	0.320297	0.0373341	
87	140064	1	0	0.314214	0.0373341	
88	141136	1	0	0.290734	0.0373341	
89	142208	1	0	0.285604	0.0373341	
90	143280	1	0	0.280211	0.0373341	
91	144352	1	0	0.282645	0.0373341	
92	145424	1	0	0.300435	0.0373341	
93	146495	1	0	0.300435	0.0373341	
94	147567	1	0	0.28761	0.0373341	
95	148639	1	0	0.290307	0.0373341	
96	149711	1	0	0.290208	0.0373341	
97	150783	1	0	0.279488	0.0373341	
98	151855	1	0	0.306223	0.0373341	
99	152927	1	0	0.303165	0.0373341	
100	153195	1	0	0.297015	0.0373341	
101	152123	1	0	0.279981	0.0373341	
102	151051	1	0	0.283204	0.0373341	
103	149979	1	0	0.285407	0.0373341	
104	148907	1	0	0.3152	0.0373341	
105	147835	1	0	0.274029	0.0373341	
106	146763	1	0	0.301981	0.0373341	
107	145691	1	0	0.307637	0.0373341	
108	144620	1	0	0.299482	0.0373341	
109	143548	1	0	0.286196	0.0373341	
110	142476	1	0	0.300698	0.0373341	
111	141404	1	0	0.265282	0.0373341	
112	140332	1	0	0.301849	0.0373341	
113	139260	1	0	0.311945	0.0373341	
114	138188	1	0	0.312668	0.0373341	
115	137116	1	0	0.303329	0.0373341	
116	136044	1	0	0.284256	0.0373341	
117	134972	1	0	0.296785	0.0373341	
118	133900	1	0	0.288663	0.0373341	
119	132828	1	0	0.28669	0.0373341	
120	131756	1	0	0.291293	0.0373341	
121	130684	1	0	0.314542	0.0373341	
122	129612	1	0	0.281724	0.0373341	
123	128540	1	0	0.311451	0.0373341	
124	127468	1	0	0.306058	0.0373341	
125	126397	1	0	0.291162	0.0373341	
126	125325	1	0	0.272681	0.0373341	
127	124253	1	0	0.300896	0.0373341	
128	123181	1	0	0.290077	0.0373341	
129	122109	1	0	0.291392	0.0373341	
130	121037	1	0	0.296029	0.0373341	
131	119965	1	0	0.28521	0.0373341	
132	118893	1	0	0.288696	0.0373341	
133	117821	1	0	0.294615	0.0373341	
134	116749	1	0	0.29057	0.0373341	
135	115677	1	0	0.268143	0.0373341	
136	114605	1	0	0.279685	0.0373341	
137	113533	1	0	0.306354	0.0373341	
138	112461	1	0	0.288465	0.0373341	
139	111389	1	0	0.28863	0.0373341	
140	110317	1	0	0.307801	0.0373341	
141	109245	1	0	0.280409	0.0373341	
142	108174	1	0	0.28133	0.0373341	
143	107102	1	0	0.2835	0.0373341	
144	106030	1	0	0.281593	0.0373341	
145	104958	1	0	0.295042	0.0373341	
146	103886	1	0	0.270675	0.0373341	
147	102814	1	0	0.271234	0.0373341	
148	101742	1	0	0.297213	0.0373341	
149	100670	1	0	0.297706	0.0373341	
150	99598	1	0	0.308755	0.0373341	
151	98526	1	0	0.295437	0.0373341	
152	97454	1	0	0.284059	0.0373341	
153	96382	1	0	0.297213	0.0373341	
154	95310	1	0	0.290734	0.0373341	
155	94238	1	0	0.286525	0.0373341	
156	93166	1	0	0.304842	0.0373341	
157	92094	1	0	0.298824	0.0373341	
158	91022	1	0	0.30517	0.0373341	
159	89951	1	0	0.296752	0.0373341	
160	88879	1	0	0.304546	0.0373341	
161	87807	1	0	0.290011	0.0373341	
162	86735	1	0	0.300172	0.0373341	
163	85663	1	0	0.286131	0.0373341	
164	84591	1	0	0.296358	0.0373341	
165	83519	1	0	0.293497	0.0373341	
166	82447	1	0	0.271497	0.0373341	
167	81375	1	0	0.283763	0.0373341	
168	80303	1	0	0.280507	0.0373341	
169	79231	1	0	0.294648	0.0373341	
170	78159	1	0	0.285933	0.0373341	
171	77087	1	0	0.291129	0.0373341	
172	76015	1	0	0.277022	0.0373341	
173	74943	1	0	0.299679	0.0373341	
174	73871	1	0	0.289616	0.0373341	
175	72799	1	0	0.285177	0.0373341	
176	71728	1	0	0.28396	0.0373341	
177	70656	1	0	0.282908	0.0373341	
178	69584	1	0	0.282217	0.0373341	
179	68512	1	0	0.28715	0.0373341	
180	67440	1	0	0.29205	0.0373341	
181	66368	1	0	0.28886	0.0373341	
182	65296	1	0	0.297706	0.0373341	
183	64224	1	0	0.296621	0.0373341	
184	63152	1	0	0.28692	0.0373341	
185	62080	1	0	0.279488	0.0373341	
186	61008	1	0	0.289518	0.0373341	
187	59936	1	0	0.284552	0.0373341	
188	58864	1	0	0.30083	0.0373341	
189	57792	1	0	0.288728	0.0373341	
190	56720	1	0	0.295075	0.0373341	
191	55648	1	0	0.284289	0.0373341	
192	54576	1	0	0.270445	0.0373341	
193	53505	1	0	0.274786	0.0373341	
194	52433	1	0	0.286986	0.0373341	
195	51361	1	0	0.311517	0.0373341	
196	50289	1	0	0.296752	0.0373341	
197	49217	1	0	0.289419	0.0373341	
198	48145	1	0	0.306519	0.0373341	
199	47073	1	0	0.287578	0.0373341	
200	47341	1	0	0.30448	0.0373341	
201	48413	1	0	0.305894	0.0373341	
202	49485	1	0	0.292707	0.0373341	
203	50557	1	0	0.286788	0.0373341	
204	51629	1	0	0.291556	0.0373341	
205	52701	1	0	0.28327	0.0373341	
206	53773	1	0	0.278008	0.0373341	
207	54844	1	0	0.295338	0.0373341	
208	55916	1	0	0.296127	0.0373341	
209	56988	1	0	0.298495	0.0373341	
210	58060	1	0	0.284552	0.0373341	
211	59132	1	0	0.290833	0.0373341	
212	60204	1	0	0.285604	0.0373341	
213	61276	1	0	0.285473	0.0373341	
214	62348	1	0	0.305861	0.0373341	
215	63420	1	0	0.312832	0.0373341	
216	64492	1	0	0.30642	0.0373341	
217	65564	1	0	0.278436	0.0373341	
218	66636	1	0	0.303855	0.0373341	
219	67708	1	0	0.290044	0.0373341	
220	68780	1	0	0.270215	0.0373341	
221	69852	1	0	0.287906	0.0373341	
222	70924	1	0	0.294713	0.0373341	
223	71996	1	0	0.298922	0.0373341	
224	73067	1	0	0.309774	0.0373341	
225	74139	1	0	0.302046	0.0373341	
226	75211	1	0	0.290504	0.0373341	
227	76283	1	0	0.274358	0.0373341	
228	77355	1	0	0.276824	0.0373341	
229	78427	1	0	0.284815	0.0373341	
230	79499	1	0	0.294319	0.0373341	
231	80571	1	0	0.299251	0.0373341	
232	81643	1	0	0.294746	0.0373341	
233	82715	1	0	0.307966	0.0373341	
234	83787	1	0	0.296226	0.0373341	
235	84859	1	0	0.285802	0.0373341	
236	85931	1	0	0.273306	0.0373341	
237	87003	1	0	0.277614	0.0373341	
238	88075	1	0	0.282546	0.0373341	
239	89147	1	0	0.28248	0.0373341	
240	90219	1	0	0.292115	0.0373341	
241	91290	1	0	0.282744	0.0373341	
242	92362	1	0	0.279652	0.0373341	
243	93434	1	0	0.280277	0.0373341	
244	94506	1	0	0.267222	0.0373341	
245	95578	1	0	0.285177	0.0373341	
246	96650	1	0	0.284881	0.0373341	
247	97722	1	0	0.277745	0.0373341	
248	98794	1	0	0.307242	0.0373341	
249	99866	1	0	0.291293	0.0373341	
250	100938	1	0	0.27278	0.0373341	
251	102010	1	0	0.272747	0.0373341	
252	103082	1	0	0.270116	0.0373341	
253	104154	1	0	0.301389	0.0373341	
254	105226	1	0	0.296358	0.0373341	
255	106298	1	0	0.278863	0.0373341	
256	107370	1	0	0.290899	0.0373341	
257	108442	1	0	0.295437	0.0373341	
258	109513	1	0	0.281099	0.0373341	
259	110585	1	0	0.282349	0.0373341	
260	111657	1	0	0.293957	0.0373341	
261	112729	1	0	0.295404	0.0373341	
262	113801	1	0	0.277186	0.0373341	
263	114873	1	0	0.292642	0.0373341	
264	115945	1	0	0.285933	0.0373341	
265	117017	1	0	0.271727	0.0373341	
266	118089	1	0	0.293562	0.0373341	
267	119161	1	0	0.279883	0.0373341	
268	120233	1	0	0.289978	0.0373341	
269	121305	1	0	0.290438	0.0373341	
270	122377	1	0	0.279422	0.0373341	
271	123449	1	0	0.28373	0.0373341	
272	124521	1	0	0.292214	0.0373341	
273	125593	1	0	0.270576	0.0373341	
274	126665	1	0	0.262717	0.0373341	
275	127736	1	0	0.275246	0.0373341	
276	128808	1	0	0.269886	0.0373341	
277	129880	1	0	0.275345	0.0373341	
278	130952	1	0	0.285966	0.0373341	
279	132024	1	0	0.276528	0.0373341	
280	133096	1	0	0.274884	0.0373341	
281	134168	1	0	0.285013	0.0373341	
282	135240	1	0	0.263737	0.0373341	
283	136312	1	0	0.275805	0.0373341	
284	137384	1	0	0.291622	0.0373341	
285	138456	1	0	0.28419	0.0373341	
286	139528	1	0	0.290142	0.0373341	
287	140600	1	0	0.280409	0.0373341	
288	141672	1	0	0.275641	0.0373341	
289	142744	1	0	0.291721	0.0373341	
290	143816	1	0	0.281987	0.0373341	
291	144888	1	0	0.291589	0.0373341	
292	145959	1	0	0.281034	0.0373341	
293	147031	1	0	0.279422	0.0373341	
294	148103	1	0	0.290965	0.0373341	
295	149175	1	0	0.276726	0.0373341	
296	150247	1	0	0.273174	0.0373341	
297	151319	1	0	0.297344	0.0373341	
298	152391	1	0	0.293069	0.0373341	
299	152659	1	0	0.293365	0.0373341	
300	151587	1	0	0.261073	0.0373341	
301	150515	1	0	0.261237	0.0373341	
302	149443	1	0	0.279883	0.0373341	
303	148371	1	0	0.285243	0.0373341	
304	147299	1	0	0.274851	0.0373341	
305	146227	1	0	0.270872	0.0373341	
306	145156	1	0	0.272517	0.0373341	
307	144084	1	0	0.269721	0.0373341	
308	143012	1	0	0.281264	0.0373341	
309	141940	1	0	0.287808	0.0373341	
310	140868	1	0	0.274983	0.0373341	
311	139796	1	0	0.265019	0.0373341	
312	138724	1	0	0.284717	0.0373341	
313	137652	1	0	0.270807	0.0373341	
314	136580	1	0	0.264329	0.0373341	
315	135508	1	0	0.28054	0.0373341	
316	134436	1	0	0.287578	0.0373341	
317	133364	1	0	0.276233	0.0373341	
318	132292	1	0	0.283007	0.0373341	
319	131220	1	0	0.272385	0.0373341	
320	130148	1	0	0.279916	0.0373341	
321	129076	1	0	0.26663	0.0373341	
322	128004	1	0	0.288564	0.0373341	
323	126933	1	0	0.274227	0.0373341	
324	125861	1	0	0.292181	0.0373341	
325	124789	1	0	0.284355	0.0373341	
326	123717	1	0	0.287873	0.0373341	
327	122645	1	0	0.286723	0.0373341	
328	121573	1	0	0.287939	0.0373341	
329	120501	1	0	0.273306	0.0373341	
330	119429	1	0	0.255022	0.0373341	
331	118357	1	0	0.295009	0.0373341	
332	117285	1	0	0.263309	0.0373341	
333	116213	1	0	0.295831	0.0373341	
334	115141	1	0	0.29057	0.0373341	
335	114069	1	0	0.292543	0.0373341	
336	112997	1	0	0.268275	0.0373341	
337	111925	1	0	0.276167	0.0373341	
338	110853	1	0	0.281198	0.0373341	
339	109781	1	0	0.264329	0.0373341	
340	108710	1	0	0.281395	0.0373341	
341	107638	1	0	0.289386	0.0373341	
342	106566	1	0	0.285966	0.0373341	
343	105494	1	0	0.25374	0.0373341	
344	104422	1	0	0.277416	0.0373341	
345	103350	1	0	0.265151	0.0373341	
346	102278	1	0	0.269426	0.0373341	
347	101206	1	0	0.265348	0.0373341	
348	100134	1	0	0.267847	0.0373341	
349	99062	1	0	0.266499	0.0373341	
350	97990	1	0	0.275871	0.0373341	
351	96918	1	0	0.274095	0.0373341	
352	95846	1	0	0.279488	0.0373341	
353	94774	1	0	0.268406	0.0373341	
354	93702	1	0	0.256798	0.0373341	
355	92630	1	0	0.259462	0.0373341	
356	91558	1	0	0.275016	0.0373341	
357	90487	1	0	0.276726	0.0373341	
358	89415	1	0	0.265479	0.0373341	
359	88343	1	0	0.261172	0.0373341	
360	87271	1	0	0.265414	0.0373341	
361	86199	1	0	0.259889	0.0373341	
362	85127	1	0	0.240389	0.0373341	
363	84055	1	0	0.256272	0.0373341	
364	82983	1	0	0.262257	0.0373341	
365	81911	1	0	0.263243	0.0373341	
366	80839	1	0	0.260152	0.0373341	
367	79767	1	0	0.267584	0.0373341	
368	78695	1	0	0.292872	0.0373341	
369	77623	1	0	0.276759	0.0373341	
370	76551	1	0	0.253773	0.0373341	
371	75479	1	0	0.271629	0.0373341	
372	74407	1	0	0.293036	0.0373341	
373	73335	1	0	0.270083	0.0373341	
374	72264	1	0	0.276496	0.0373341	
375	71192	1	0	0.268932	0.0373341	
376	70120	1	0	0.288038	0.0373341	
377	69048	1	0	0.275838	0.0373341	
378	67976	1	0	0.273372	0.0373341	
379	66904	1	0	0.270971	0.0373341	
380	65832	1	0	0.251076	0.0373341	
381	64760	1	0	0.264624	0.0373341	
382	63688	1	0	0.264394	0.0373341	
383	62616	1	0	0.258377	0.0373341	
384	61544	1	0	0.276693	0.0373341	
385	60472	1	0	0.284717	0.0373341	
386	59400	1	0	0.281034	0.0373341	
387	58328	1	0	0.264657	0.0373341	
388	57256	1	0	0.267584	0.0373341	
389	56184	1	0	0.273306	0.0373341	
390	55112	1	0	0.247064	0.0373341	
391	54041	1	0	0.271333	0.0373341	
392	52969	1	0	0.265907	0.0373341	
393	51897	1	0	0.251602	0.0373341	
394	50825	1	0	0.276857	0.0373341	
395	49753	1	0	0.290537	0.0373341	
396	48681	1	0	0.258015	0.0373341	
397	47609	1	0	0.251931	0.0412341	
