# Title: Diode Laser Delay Scan, 10.0 dB on Var Attn, 0 V applied, n=27 looking for 2x MWF modulation.
# Note:	Diode Laser Delay Scan, 10.0 dB on Var Attn, 0 V applied, n=27 looking for 2x MWF modulation.
# Type:	Delay
# Hittite Freq:	18511.9 MHz
# Hittite: Power	14 dBm
# Laser Freq:	361359.4 GHz
# Laser Mod:	1.4
# Laser Mod Attn:	35.0 dB
# MW Attn:	10.0 dB
# Delay:	1000 ns
# MW Off:	NaN
# Top w/o Static:	0.00 V
# Static:	0 V
# Static Off:	NaN
i	d	n	nb	s	sb
0.000	46805.000	1.000	0.000	0.290	0.040
1.000	47877.000	1.000	0.000	0.316	0.040
2.000	48949.000	1.000	0.000	0.335	0.040
3.000	50021.000	1.000	0.000	0.310	0.040
4.000	51093.000	1.000	0.000	0.312	0.040
5.000	52165.000	1.000	0.000	0.294	0.040
6.000	53237.000	1.000	0.000	0.285	0.040
7.000	54309.000	1.000	0.000	0.299	0.040
8.000	55380.000	1.000	0.000	0.304	0.040
9.000	56452.000	1.000	0.000	0.291	0.040
10.000	57524.000	1.000	0.000	0.304	0.040
11.000	58596.000	1.000	0.000	0.316	0.040
12.000	59668.000	1.000	0.000	0.293	0.040
13.000	60740.000	1.000	0.000	0.308	0.040
14.000	61812.000	1.000	0.000	0.304	0.040
15.000	62884.000	1.000	0.000	0.310	0.040
16.000	63956.000	1.000	0.000	0.333	0.040
17.000	65028.000	1.000	0.000	0.297	0.040
18.000	66100.000	1.000	0.000	0.293	0.040
19.000	67172.000	1.000	0.000	0.300	0.040
20.000	68244.000	1.000	0.000	0.293	0.040
21.000	69316.000	1.000	0.000	0.298	0.040
22.000	70388.000	1.000	0.000	0.299	0.040
23.000	71460.000	1.000	0.000	0.297	0.040
24.000	72532.000	1.000	0.000	0.309	0.040
25.000	73603.000	1.000	0.000	0.315	0.040
26.000	74675.000	1.000	0.000	0.304	0.040
27.000	75747.000	1.000	0.000	0.309	0.040
28.000	76819.000	1.000	0.000	0.302	0.040
29.000	77891.000	1.000	0.000	0.295	0.040
30.000	78963.000	1.000	0.000	0.295	0.040
31.000	80035.000	1.000	0.000	0.303	0.040
32.000	81107.000	1.000	0.000	0.312	0.040
33.000	82179.000	1.000	0.000	0.300	0.040
34.000	83251.000	1.000	0.000	0.286	0.040
35.000	84323.000	1.000	0.000	0.321	0.040
36.000	85395.000	1.000	0.000	0.304	0.040
37.000	86467.000	1.000	0.000	0.307	0.040
38.000	87539.000	1.000	0.000	0.304	0.040
39.000	88611.000	1.000	0.000	0.284	0.040
40.000	89683.000	1.000	0.000	0.306	0.040
41.000	90755.000	1.000	0.000	0.314	0.040
42.000	91826.000	1.000	0.000	0.306	0.040
43.000	92898.000	1.000	0.000	0.311	0.040
44.000	93970.000	1.000	0.000	0.285	0.040
45.000	95042.000	1.000	0.000	0.289	0.040
46.000	96114.000	1.000	0.000	0.288	0.040
47.000	97186.000	1.000	0.000	0.298	0.040
48.000	98258.000	1.000	0.000	0.295	0.040
49.000	99330.000	1.000	0.000	0.298	0.040
50.000	100402.000	1.000	0.000	0.286	0.040
51.000	101474.000	1.000	0.000	0.298	0.040
52.000	102546.000	1.000	0.000	0.319	0.040
53.000	103618.000	1.000	0.000	0.312	0.040
54.000	104690.000	1.000	0.000	0.293	0.040
55.000	105762.000	1.000	0.000	0.318	0.040
56.000	106834.000	1.000	0.000	0.300	0.040
57.000	107906.000	1.000	0.000	0.319	0.040
58.000	108978.000	1.000	0.000	0.313	0.040
59.000	110049.000	1.000	0.000	0.303	0.040
60.000	111121.000	1.000	0.000	0.324	0.040
61.000	112193.000	1.000	0.000	0.306	0.040
62.000	113265.000	1.000	0.000	0.303	0.040
63.000	114337.000	1.000	0.000	0.306	0.040
64.000	115409.000	1.000	0.000	0.301	0.040
65.000	116481.000	1.000	0.000	0.296	0.040
66.000	117553.000	1.000	0.000	0.302	0.040
67.000	118625.000	1.000	0.000	0.321	0.040
68.000	119697.000	1.000	0.000	0.311	0.040
69.000	120769.000	1.000	0.000	0.316	0.040
70.000	121841.000	1.000	0.000	0.322	0.040
71.000	122913.000	1.000	0.000	0.301	0.040
72.000	123985.000	1.000	0.000	0.301	0.040
73.000	125057.000	1.000	0.000	0.303	0.040
74.000	126129.000	1.000	0.000	0.305	0.040
75.000	127201.000	1.000	0.000	0.309	0.040
76.000	128272.000	1.000	0.000	0.304	0.040
77.000	129344.000	1.000	0.000	0.325	0.040
78.000	130416.000	1.000	0.000	0.303	0.040
79.000	131488.000	1.000	0.000	0.310	0.040
80.000	132560.000	1.000	0.000	0.291	0.040
81.000	133632.000	1.000	0.000	0.298	0.040
82.000	134704.000	1.000	0.000	0.309	0.040
83.000	135776.000	1.000	0.000	0.293	0.040
84.000	136848.000	1.000	0.000	0.308	0.040
85.000	137920.000	1.000	0.000	0.305	0.040
86.000	138992.000	1.000	0.000	0.294	0.040
87.000	140064.000	1.000	0.000	0.321	0.040
88.000	141136.000	1.000	0.000	0.287	0.040
89.000	142208.000	1.000	0.000	0.313	0.040
90.000	143280.000	1.000	0.000	0.297	0.040
91.000	144352.000	1.000	0.000	0.291	0.040
92.000	145424.000	1.000	0.000	0.294	0.040
93.000	146495.000	1.000	0.000	0.298	0.040
94.000	147567.000	1.000	0.000	0.314	0.040
95.000	148639.000	1.000	0.000	0.311	0.040
96.000	149711.000	1.000	0.000	0.301	0.040
97.000	150783.000	1.000	0.000	0.299	0.040
98.000	151855.000	1.000	0.000	0.292	0.040
99.000	152927.000	1.000	0.000	0.315	0.040
100.000	153195.000	1.000	0.000	0.300	0.040
101.000	152123.000	1.000	0.000	0.324	0.040
102.000	151051.000	1.000	0.000	0.304	0.040
103.000	149979.000	1.000	0.000	0.312	0.040
104.000	148907.000	1.000	0.000	0.318	0.040
105.000	147835.000	1.000	0.000	0.314	0.040
106.000	146763.000	1.000	0.000	0.320	0.040
107.000	145691.000	1.000	0.000	0.302	0.040
108.000	144620.000	1.000	0.000	0.313	0.040
109.000	143548.000	1.000	0.000	0.303	0.040
110.000	142476.000	1.000	0.000	0.313	0.040
111.000	141404.000	1.000	0.000	0.302	0.040
112.000	140332.000	1.000	0.000	0.302	0.040
113.000	139260.000	1.000	0.000	0.310	0.040
114.000	138188.000	1.000	0.000	0.294	0.040
115.000	137116.000	1.000	0.000	0.307	0.040
116.000	136044.000	1.000	0.000	0.311	0.040
117.000	134972.000	1.000	0.000	0.301	0.040
118.000	133900.000	1.000	0.000	0.306	0.040
119.000	132828.000	1.000	0.000	0.299	0.040
120.000	131756.000	1.000	0.000	0.319	0.040
121.000	130684.000	1.000	0.000	0.300	0.040
122.000	129612.000	1.000	0.000	0.304	0.040
123.000	128540.000	1.000	0.000	0.288	0.040
124.000	127468.000	1.000	0.000	0.305	0.040
125.000	126397.000	1.000	0.000	0.320	0.040
126.000	125325.000	1.000	0.000	0.316	0.040
127.000	124253.000	1.000	0.000	0.299	0.040
128.000	123181.000	1.000	0.000	0.299	0.040
129.000	122109.000	1.000	0.000	0.319	0.040
130.000	121037.000	1.000	0.000	0.312	0.040
131.000	119965.000	1.000	0.000	0.297	0.040
132.000	118893.000	1.000	0.000	0.282	0.040
133.000	117821.000	1.000	0.000	0.295	0.040
134.000	116749.000	1.000	0.000	0.320	0.040
135.000	115677.000	1.000	0.000	0.305	0.040
136.000	114605.000	1.000	0.000	0.310	0.040
137.000	113533.000	1.000	0.000	0.312	0.040
138.000	112461.000	1.000	0.000	0.304	0.040
139.000	111389.000	1.000	0.000	0.291	0.040
140.000	110317.000	1.000	0.000	0.305	0.040
141.000	109245.000	1.000	0.000	0.302	0.040
142.000	108174.000	1.000	0.000	0.310	0.040
143.000	107102.000	1.000	0.000	0.312	0.040
144.000	106030.000	1.000	0.000	0.314	0.040
145.000	104958.000	1.000	0.000	0.317	0.040
146.000	103886.000	1.000	0.000	0.300	0.040
147.000	102814.000	1.000	0.000	0.296	0.040
148.000	101742.000	1.000	0.000	0.298	0.040
149.000	100670.000	1.000	0.000	0.323	0.040
150.000	99598.000	1.000	0.000	0.311	0.040
151.000	98526.000	1.000	0.000	0.299	0.040
152.000	97454.000	1.000	0.000	0.293	0.040
153.000	96382.000	1.000	0.000	0.299	0.040
154.000	95310.000	1.000	0.000	0.298	0.040
155.000	94238.000	1.000	0.000	0.291	0.040
156.000	93166.000	1.000	0.000	0.290	0.040
157.000	92094.000	1.000	0.000	0.300	0.040
158.000	91022.000	1.000	0.000	0.295	0.040
159.000	89951.000	1.000	0.000	0.317	0.040
160.000	88879.000	1.000	0.000	0.304	0.040
161.000	87807.000	1.000	0.000	0.296	0.040
162.000	86735.000	1.000	0.000	0.284	0.040
163.000	85663.000	1.000	0.000	0.317	0.040
164.000	84591.000	1.000	0.000	0.294	0.040
165.000	83519.000	1.000	0.000	0.297	0.040
166.000	82447.000	1.000	0.000	0.274	0.040
167.000	81375.000	1.000	0.000	0.291	0.040
168.000	80303.000	1.000	0.000	0.287	0.040
169.000	79231.000	1.000	0.000	0.303	0.040
170.000	78159.000	1.000	0.000	0.302	0.040
171.000	77087.000	1.000	0.000	0.311	0.040
172.000	76015.000	1.000	0.000	0.302	0.040
173.000	74943.000	1.000	0.000	0.281	0.040
174.000	73871.000	1.000	0.000	0.285	0.040
175.000	72799.000	1.000	0.000	0.282	0.040
176.000	71728.000	1.000	0.000	0.315	0.040
177.000	70656.000	1.000	0.000	0.302	0.040
178.000	69584.000	1.000	0.000	0.308	0.040
179.000	68512.000	1.000	0.000	0.321	0.040
180.000	67440.000	1.000	0.000	0.300	0.040
181.000	66368.000	1.000	0.000	0.290	0.040
182.000	65296.000	1.000	0.000	0.292	0.040
183.000	64224.000	1.000	0.000	0.302	0.040
184.000	63152.000	1.000	0.000	0.280	0.040
185.000	62080.000	1.000	0.000	0.297	0.040
186.000	61008.000	1.000	0.000	0.300	0.040
187.000	59936.000	1.000	0.000	0.302	0.040
188.000	58864.000	1.000	0.000	0.303	0.040
189.000	57792.000	1.000	0.000	0.324	0.040
190.000	56720.000	1.000	0.000	0.297	0.040
191.000	55648.000	1.000	0.000	0.288	0.040
192.000	54576.000	1.000	0.000	0.300	0.040
193.000	53505.000	1.000	0.000	0.316	0.040
194.000	52433.000	1.000	0.000	0.315	0.040
195.000	51361.000	1.000	0.000	0.304	0.040
196.000	50289.000	1.000	0.000	0.294	0.040
197.000	49217.000	1.000	0.000	0.292	0.040
198.000	48145.000	1.000	0.000	0.299	0.040
199.000	47073.000	1.000	0.000	0.299	0.040
200.000	47341.000	1.000	0.000	0.288	0.040
201.000	48413.000	1.000	0.000	0.288	0.040
202.000	49485.000	1.000	0.000	0.313	0.040
203.000	50557.000	1.000	0.000	0.298	0.040
204.000	51629.000	1.000	0.000	0.295	0.040
205.000	52701.000	1.000	0.000	0.296	0.040
206.000	53773.000	1.000	0.000	0.293	0.040
207.000	54844.000	1.000	0.000	0.309	0.040
208.000	55916.000	1.000	0.000	0.292	0.040
209.000	56988.000	1.000	0.000	0.292	0.040
210.000	58060.000	1.000	0.000	0.309	0.040
211.000	59132.000	1.000	0.000	0.295	0.040
212.000	60204.000	1.000	0.000	0.300	0.040
213.000	61276.000	1.000	0.000	0.293	0.040
214.000	62348.000	1.000	0.000	0.290	0.040
215.000	63420.000	1.000	0.000	0.294	0.040
216.000	64492.000	1.000	0.000	0.305	0.040
217.000	65564.000	1.000	0.000	0.302	0.040
218.000	66636.000	1.000	0.000	0.307	0.040
219.000	67708.000	1.000	0.000	0.304	0.040
220.000	68780.000	1.000	0.000	0.314	0.040
221.000	69852.000	1.000	0.000	0.292	0.040
222.000	70924.000	1.000	0.000	0.299	0.040
223.000	71996.000	1.000	0.000	0.292	0.040
224.000	73067.000	1.000	0.000	0.285	0.040
225.000	74139.000	1.000	0.000	0.279	0.040
226.000	75211.000	1.000	0.000	0.297	0.040
227.000	76283.000	1.000	0.000	0.312	0.040
228.000	77355.000	1.000	0.000	0.313	0.040
229.000	78427.000	1.000	0.000	0.316	0.040
230.000	79499.000	1.000	0.000	0.291	0.040
231.000	80571.000	1.000	0.000	0.294	0.040
232.000	81643.000	1.000	0.000	0.305	0.040
233.000	82715.000	1.000	0.000	0.299	0.040
234.000	83787.000	1.000	0.000	0.306	0.040
235.000	84859.000	1.000	0.000	0.317	0.040
236.000	85931.000	1.000	0.000	0.306	0.040
237.000	87003.000	1.000	0.000	0.296	0.040
238.000	88075.000	1.000	0.000	0.300	0.040
239.000	89147.000	1.000	0.000	0.287	0.040
240.000	90219.000	1.000	0.000	0.306	0.040
241.000	91290.000	1.000	0.000	0.304	0.040
242.000	92362.000	1.000	0.000	0.307	0.040
243.000	93434.000	1.000	0.000	0.297	0.040
244.000	94506.000	1.000	0.000	0.302	0.040
245.000	95578.000	1.000	0.000	0.311	0.040
246.000	96650.000	1.000	0.000	0.296	0.040
247.000	97722.000	1.000	0.000	0.289	0.040
248.000	98794.000	1.000	0.000	0.295	0.040
249.000	99866.000	1.000	0.000	0.289	0.040
250.000	100938.000	1.000	0.000	0.293	0.040
251.000	102010.000	1.000	0.000	0.319	0.040
252.000	103082.000	1.000	0.000	0.298	0.040
253.000	104154.000	1.000	0.000	0.326	0.040
254.000	105226.000	1.000	0.000	0.296	0.040
255.000	106298.000	1.000	0.000	0.290	0.040
256.000	107370.000	1.000	0.000	0.295	0.040
257.000	108442.000	1.000	0.000	0.279	0.040
258.000	109513.000	1.000	0.000	0.316	0.040
259.000	110585.000	1.000	0.000	0.302	0.040
260.000	111657.000	1.000	0.000	0.280	0.040
261.000	112729.000	1.000	0.000	0.305	0.040
262.000	113801.000	1.000	0.000	0.286	0.040
263.000	114873.000	1.000	0.000	0.288	0.040
264.000	115945.000	1.000	0.000	0.300	0.040
265.000	117017.000	1.000	0.000	0.305	0.040
266.000	118089.000	1.000	0.000	0.320	0.040
267.000	119161.000	1.000	0.000	0.311	0.040
268.000	120233.000	1.000	0.000	0.325	0.040
269.000	121305.000	1.000	0.000	0.319	0.040
270.000	122377.000	1.000	0.000	0.320	0.040
271.000	123449.000	1.000	0.000	0.303	0.040
272.000	124521.000	1.000	0.000	0.310	0.040
273.000	125593.000	1.000	0.000	0.297	0.040
274.000	126665.000	1.000	0.000	0.293	0.040
275.000	127736.000	1.000	0.000	0.270	0.040
276.000	128808.000	1.000	0.000	0.299	0.040
277.000	129880.000	1.000	0.000	0.323	0.040
278.000	130952.000	1.000	0.000	0.303	0.040
279.000	132024.000	1.000	0.000	0.305	0.040
280.000	133096.000	1.000	0.000	0.312	0.040
281.000	134168.000	1.000	0.000	0.306	0.040
282.000	135240.000	1.000	0.000	0.308	0.040
283.000	136312.000	1.000	0.000	0.289	0.040
284.000	137384.000	1.000	0.000	0.302	0.040
285.000	138456.000	1.000	0.000	0.313	0.040
286.000	139528.000	1.000	0.000	0.313	0.040
287.000	140600.000	1.000	0.000	0.289	0.040
288.000	141672.000	1.000	0.000	0.317	0.040
289.000	142744.000	1.000	0.000	0.298	0.040
290.000	143816.000	1.000	0.000	0.294	0.040
291.000	144888.000	1.000	0.000	0.296	0.040
292.000	145959.000	1.000	0.000	0.282	0.040
293.000	147031.000	1.000	0.000	0.307	0.040
294.000	148103.000	1.000	0.000	0.292	0.040
295.000	149175.000	1.000	0.000	0.311	0.040
296.000	150247.000	1.000	0.000	0.296	0.040
297.000	151319.000	1.000	0.000	0.314	0.040
298.000	152391.000	1.000	0.000	0.294	0.040
299.000	152659.000	1.000	0.000	0.299	0.040
300.000	151587.000	1.000	0.000	0.317	0.040
301.000	150515.000	1.000	0.000	0.284	0.040
302.000	149443.000	1.000	0.000	0.287	0.040
303.000	148371.000	1.000	0.000	0.305	0.040
304.000	147299.000	1.000	0.000	0.316	0.040
305.000	146227.000	1.000	0.000	0.293	0.040
306.000	145156.000	1.000	0.000	0.305	0.040
307.000	144084.000	1.000	0.000	0.281	0.040
308.000	143012.000	1.000	0.000	0.283	0.040
309.000	141940.000	1.000	0.000	0.315	0.040
310.000	140868.000	1.000	0.000	0.269	0.040
311.000	139796.000	1.000	0.000	0.299	0.040
312.000	138724.000	1.000	0.000	0.303	0.040
313.000	137652.000	1.000	0.000	0.296	0.040
314.000	136580.000	1.000	0.000	0.294	0.040
315.000	135508.000	1.000	0.000	0.308	0.040
316.000	134436.000	1.000	0.000	0.290	0.040
317.000	133364.000	1.000	0.000	0.278	0.040
318.000	132292.000	1.000	0.000	0.271	0.040
319.000	131220.000	1.000	0.000	0.303	0.040
320.000	130148.000	1.000	0.000	0.290	0.040
321.000	129076.000	1.000	0.000	0.298	0.040
322.000	128004.000	1.000	0.000	0.299	0.040
323.000	126933.000	1.000	0.000	0.312	0.040
324.000	125861.000	1.000	0.000	0.276	0.040
325.000	124789.000	1.000	0.000	0.289	0.040
326.000	123717.000	1.000	0.000	0.294	0.040
327.000	122645.000	1.000	0.000	0.313	0.040
328.000	121573.000	1.000	0.000	0.307	0.040
329.000	120501.000	1.000	0.000	0.300	0.040
330.000	119429.000	1.000	0.000	0.295	0.040
331.000	118357.000	1.000	0.000	0.281	0.040
332.000	117285.000	1.000	0.000	0.304	0.040
333.000	116213.000	1.000	0.000	0.305	0.040
334.000	115141.000	1.000	0.000	0.313	0.040
335.000	114069.000	1.000	0.000	0.309	0.040
336.000	112997.000	1.000	0.000	0.302	0.040
337.000	111925.000	1.000	0.000	0.318	0.040
338.000	110853.000	1.000	0.000	0.302	0.040
339.000	109781.000	1.000	0.000	0.283	0.040
340.000	108710.000	1.000	0.000	0.298	0.040
341.000	107638.000	1.000	0.000	0.298	0.040
342.000	106566.000	1.000	0.000	0.299	0.040
343.000	105494.000	1.000	0.000	0.322	0.040
344.000	104422.000	1.000	0.000	0.295	0.040
345.000	103350.000	1.000	0.000	0.297	0.040
346.000	102278.000	1.000	0.000	0.303	0.040
347.000	101206.000	1.000	0.000	0.298	0.040
348.000	100134.000	1.000	0.000	0.310	0.040
349.000	99062.000	1.000	0.000	0.293	0.040
350.000	97990.000	1.000	0.000	0.317	0.040
351.000	96918.000	1.000	0.000	0.291	0.040
352.000	95846.000	1.000	0.000	0.302	0.040
353.000	94774.000	1.000	0.000	0.307	0.040
354.000	93702.000	1.000	0.000	0.311	0.040
355.000	92630.000	1.000	0.000	0.292	0.040
356.000	91558.000	1.000	0.000	0.290	0.040
357.000	90487.000	1.000	0.000	0.300	0.040
358.000	89415.000	1.000	0.000	0.300	0.040
359.000	88343.000	1.000	0.000	0.301	0.040
360.000	87271.000	1.000	0.000	0.298	0.040
361.000	86199.000	1.000	0.000	0.299	0.040
362.000	85127.000	1.000	0.000	0.310	0.040
363.000	84055.000	1.000	0.000	0.311	0.040
364.000	82983.000	1.000	0.000	0.312	0.040
365.000	81911.000	1.000	0.000	0.303	0.040
366.000	80839.000	1.000	0.000	0.307	0.040
367.000	79767.000	1.000	0.000	0.293	0.040
368.000	78695.000	1.000	0.000	0.301	0.040
369.000	77623.000	1.000	0.000	0.275	0.040
370.000	76551.000	1.000	0.000	0.303	0.040
371.000	75479.000	1.000	0.000	0.301	0.040
372.000	74407.000	1.000	0.000	0.286	0.040
373.000	73335.000	1.000	0.000	0.302	0.040
374.000	72264.000	1.000	0.000	0.307	0.040
375.000	71192.000	1.000	0.000	0.301	0.040
376.000	70120.000	1.000	0.000	0.297	0.040
377.000	69048.000	1.000	0.000	0.277	0.040
378.000	67976.000	1.000	0.000	0.305	0.040
379.000	66904.000	1.000	0.000	0.301	0.040
380.000	65832.000	1.000	0.000	0.291	0.040
381.000	64760.000	1.000	0.000	0.297	0.040
382.000	63688.000	1.000	0.000	0.283	0.040
383.000	62616.000	1.000	0.000	0.291	0.040
384.000	61544.000	1.000	0.000	0.287	0.040
385.000	60472.000	1.000	0.000	0.291	0.040
386.000	59400.000	1.000	0.000	0.304	0.040
387.000	58328.000	1.000	0.000	0.304	0.040
388.000	57256.000	1.000	0.000	0.291	0.040
389.000	56184.000	1.000	0.000	0.296	0.040
390.000	55112.000	1.000	0.000	0.299	0.040
391.000	54041.000	1.000	0.000	0.297	0.040
392.000	52969.000	1.000	0.000	0.287	0.040
393.000	51897.000	1.000	0.000	0.291	0.040
394.000	50825.000	1.000	0.000	0.314	0.040
395.000	49753.000	1.000	0.000	0.302	0.040
396.000	48681.000	1.000	0.000	0.301	0.040
397.000	47609.000	1.000	0.000	0.300	0.041
