# Title: Diode Laser Frequency Scan, no Static, looking for MW power shift.
# Note:	Frequency Scan at n=27. No Static, no MW or PM. Looking for MW power shift.
# Type:	Frequency
# Hittite Freq:	19635.40 MHz
# Hittite: Power	14 dBm
# Laser Freq:	NaN
# Laser Mod:	NaN
# Laser Mod Attn:	NaN
# MW Attn:	MAX
# Delay:	1000 ns
# MW Off:	20 ns
# Top w/o Static:	NaN
# Static:	NaN
# Static Off:	NaN
i	f	n	nb	s	sb
0	-4512.82	1	0	0.0116156	0.00435487	
1	-4512.82	1	0	0.00859031	0.00435487	
2	-4512.82	1	0	0.00480867	0.00435487	
3	-4512.82	1	0	0.00980702	0.00435487	
4	-4512.82	1	0	0.00987278	0.00435487	
5	-4512.82	1	0	0.00934664	0.00435487	
6	-4512.82	1	0	0.00905069	0.00435487	
7	-4512.82	1	0	0.0117472	0.00435487	
8	-4512.82	1	0	0.00859031	0.00435487	
9	-4512.82	1	0	0.0096426	0.00435487	
10	-4512.82	1	0	0.012635	0.00435487	
11	-4512.82	1	0	0.00974125	0.00435487	
12	-4512.72	1	0	0.0119774	0.00435487	
13	-4512.72	1	0	0.00947818	0.00435487	
14	-4512.72	1	0	0.0121089	0.00435487	
15	-4512.72	1	0	0.00714342	0.00435487	
16	-4512.72	1	0	0.0126679	0.00435487	
17	-4512.72	1	0	0.0110566	0.00435487	
18	-4512.72	1	0	0.0113854	0.00435487	
19	-4512.72	1	0	0.0102016	0.00435487	
20	-4512.72	1	0	0.010103	0.00435487	
21	-4512.62	1	0	0.00911645	0.00435487	
22	-4512.62	1	0	0.00757091	0.00435487	
23	-4512.62	1	0	0.00859031	0.00435487	
24	-4512.62	1	0	0.0100043	0.00435487	
25	-4512.62	1	0	0.00885338	0.00435487	
26	-4512.62	1	0	0.0102674	0.00435487	
27	-4512.62	1	0	0.0109251	0.00435487	
28	-4512.62	1	0	0.00908357	0.00435487	
29	-4512.62	1	0	0.0135887	0.00435487	
30	-4512.62	1	0	0.0100372	0.00435487	
31	-4512.62	1	0	0.0140162	0.00435487	
32	-4512.62	1	0	0.0144765	0.00435487	
33	-4512.62	1	0	0.00895204	0.00435487	
34	-4512.62	1	0	0.0130296	0.00435487	
35	-4512.62	1	0	0.0116814	0.00435487	
36	-4512.52	1	0	0.0108922	0.00435487	
37	-4512.52	1	0	0.0121747	0.00435487	
38	-4512.52	1	0	0.00905069	0.00435487	
39	-4512.52	1	0	0.0121747	0.00435487	
40	-4512.52	1	0	0.0142135	0.00435487	
41	-4512.52	1	0	0.0110237	0.00435487	
42	-4512.52	1	0	0.0128981	0.00435487	
43	-4512.52	1	0	0.00931376	0.00435487	
44	-4512.52	1	0	0.0078011	0.00435487	
45	-4512.52	1	0	0.0132598	0.00435487	
46	-4512.52	1	0	0.0115827	0.00435487	
47	-4512.52	1	0	0.0122404	0.00435487	
48	-4512.52	1	0	0.0125035	0.00435487	
49	-4512.52	1	0	0.0108264	0.00435487	
50	-4512.52	1	0	0.0142463	0.00435487	
51	-4512.52	1	0	0.0176005	0.00435487	
52	-4512.52	1	0	0.0114512	0.00435487	
53	-4512.52	1	0	0.0146081	0.00435487	
54	-4512.52	1	0	0.01178	0.00435487	
55	-4512.52	1	0	0.00809705	0.00435487	
56	-4512.52	1	0	0.0109908	0.00435487	
57	-4512.52	1	0	0.012076	0.00435487	
58	-4512.52	1	0	0.00786687	0.00435487	
59	-4512.52	1	0	0.00865608	0.00435487	
60	-4512.52	1	0	0.00730784	0.00435487	
61	-4512.52	1	0	0.00720919	0.00435487	
62	-4512.52	1	0	0.00839301	0.00435487	
63	-4512.52	1	0	0.0111224	0.00435487	
64	-4512.42	1	0	0.00941241	0.00435487	
65	-4512.52	1	0	0.0139833	0.00435487	
66	-4512.42	1	0	0.0110895	0.00435487	
67	-4512.42	1	0	0.0128323	0.00435487	
68	-4512.42	1	0	0.0124048	0.00435487	
69	-4512.42	1	0	0.0107606	0.00435487	
70	-4512.42	1	0	0.00786687	0.00435487	
71	-4512.42	1	0	0.00655151	0.00435487	
72	-4512.42	1	0	0.00987278	0.00435487	
73	-4512.42	1	0	0.0138188	0.00435487	
74	-4512.42	1	0	0.0133585	0.00435487	
75	-4512.42	1	0	0.0111881	0.00435487	
76	-4512.42	1	0	0.00977413	0.00435487	
77	-4512.42	1	0	0.0109908	0.00435487	
78	-4512.42	1	0	0.0131283	0.00435487	
79	-4512.42	1	0	0.0142792	0.00435487	
80	-4512.42	1	0	0.0123391	0.00435487	
81	-4512.42	1	0	0.0182253	0.00435487	
82	-4512.42	1	0	0.0111553	0.00435487	
83	-4512.42	1	0	0.012076	0.00435487	
84	-4512.42	1	0	0.0125364	0.00435487	
85	-4512.42	1	0	0.0150356	0.00435487	
86	-4512.32	1	0	0.0153973	0.00435487	
87	-4512.32	1	0	0.01178	0.00435487	
88	-4512.32	1	0	0.0136544	0.00435487	
89	-4512.32	1	0	0.0168113	0.00435487	
90	-4512.32	1	0	0.0110237	0.00435487	
91	-4512.32	1	0	0.0156275	0.00435487	
92	-4512.32	1	0	0.0134242	0.00435487	
93	-4512.32	1	0	0.0158905	0.00435487	
94	-4512.32	1	0	0.0139833	0.00435487	
95	-4512.32	1	0	0.0156603	0.00435487	
96	-4512.32	1	0	0.0135229	0.00435487	
97	-4512.32	1	0	0.0136873	0.00435487	
98	-4512.32	1	0	0.0172717	0.00435487	
99	-4512.32	1	0	0.0191789	0.00435487	
100	-4512.32	1	0	0.0191132	0.00435487	
101	-4512.32	1	0	0.021152	0.00435487	
102	-4512.32	1	0	0.0221714	0.00435487	
103	-4512.32	1	0	0.0256899	0.00435487	
104	-4512.32	1	0	0.0237498	0.00435487	
105	-4512.32	1	0	0.0291756	0.00435487	
106	-4512.32	1	0	0.0254597	0.00435487	
107	-4512.32	1	0	0.0264791	0.00435487	
108	-4512.32	1	0	0.0201326	0.00435487	
109	-4512.32	1	0	0.0280905	0.00435487	
110	-4512.32	1	0	0.0221714	0.00435487	
111	-4512.22	1	0	0.020856	0.00435487	
112	-4512.22	1	0	0.0263147	0.00435487	
113	-4512.22	1	0	0.0194749	0.00435487	
114	-4512.22	1	0	0.0180609	0.00435487	
115	-4512.22	1	0	0.020297	0.00435487	
116	-4512.22	1	0	0.0217439	0.00435487	
117	-4512.22	1	0	0.0152657	0.00435487	
118	-4512.22	1	0	0.0180938	0.00435487	
119	-4512.22	1	0	0.0178307	0.00435487	
120	-4512.22	1	0	0.0218096	0.00435487	
121	-4512.22	1	0	0.0193105	0.00435487	
122	-4512.22	1	0	0.022829	0.00435487	
123	-4512.22	1	0	0.0228948	0.00435487	
124	-4512.22	1	0	0.0183897	0.00435487	
125	-4512.22	1	0	0.0190145	0.00435487	
126	-4512.22	1	0	0.0234209	0.00435487	
127	-4512.22	1	0	0.0233552	0.00435487	
128	-4512.22	1	0	0.0215794	0.00435487	
129	-4512.22	1	0	0.0243417	0.00435487	
130	-4512.22	1	0	0.0205272	0.00435487	
131	-4512.22	1	0	0.0207902	0.00435487	
132	-4512.22	1	0	0.0232236	0.00435487	
133	-4512.22	1	0	0.0225002	0.00435487	
134	-4512.22	1	0	0.0246048	0.00435487	
135	-4512.12	1	0	0.0228619	0.00435487	
136	-4512.12	1	0	0.0235854	0.00435487	
137	-4512.12	1	0	0.030491	0.00435487	
138	-4512.12	1	0	0.0240786	0.00435487	
139	-4512.12	1	0	0.0253611	0.00435487	
140	-4512.12	1	0	0.023125	0.00435487	
141	-4512.12	1	0	0.021711	0.00435487	
142	-4512.12	1	0	0.021711	0.00435487	
143	-4512.12	1	0	0.0207245	0.00435487	
144	-4512.12	1	0	0.0230921	0.00435487	
145	-4512.12	1	0	0.0226975	0.00435487	
146	-4512.12	1	0	0.0277287	0.00435487	
147	-4512.12	1	0	0.0270382	0.00435487	
148	-4512.12	1	0	0.0268737	0.00435487	
149	-4512.12	1	0	0.0235854	0.00435487	
150	-4512.12	1	0	0.027367	0.00435487	
151	-4512.12	1	0	0.0243088	0.00435487	
152	-4512.12	1	0	0.0240457	0.00435487	
153	-4512.12	1	0	0.0275314	0.00435487	
154	-4512.02	1	0	0.0258872	0.00435487	
155	-4512.12	1	0	0.0272684	0.00435487	
156	-4512.02	1	0	0.0298333	0.00435487	
157	-4512.02	1	0	0.0320365	0.00435487	
158	-4512.02	1	0	0.031346	0.00435487	
159	-4512.02	1	0	0.0345686	0.00435487	
160	-4512.02	1	0	0.0312802	0.00435487	
161	-4512.02	1	0	0.035588	0.00435487	
162	-4512.02	1	0	0.0313131	0.00435487	
163	-4512.02	1	0	0.0307212	0.00435487	
164	-4512.02	1	0	0.0321023	0.00435487	
165	-4512.02	1	0	0.0393696	0.00435487	
166	-4512.02	1	0	0.0325298	0.00435487	
167	-4512.02	1	0	0.0383173	0.00435487	
168	-4512.02	1	0	0.0308856	0.00435487	
169	-4512.02	1	0	0.0344042	0.00435487	
170	-4512.02	1	0	0.0380872	0.00435487	
171	-4512.02	1	0	0.0414413	0.00435487	
172	-4511.92	1	0	0.036706	0.00435487	
173	-4511.92	1	0	0.0453216	0.00435487	
174	-4511.92	1	0	0.0400273	0.00435487	
175	-4511.92	1	0	0.0333848	0.00435487	
176	-4511.92	1	0	0.0368704	0.00435487	
177	-4511.92	1	0	0.0409152	0.00435487	
178	-4511.92	1	0	0.0352263	0.00435487	
179	-4511.92	1	0	0.0353907	0.00435487	
180	-4511.92	1	0	0.0394025	0.00435487	
181	-4511.92	1	0	0.0439734	0.00435487	
182	-4511.92	1	0	0.0503528	0.00435487	
183	-4511.92	1	0	0.0479194	0.00435487	
184	-4511.82	1	0	0.0474919	0.00435487	
185	-4511.82	1	0	0.0581134	0.00435487	
186	-4511.82	1	0	0.0487415	0.00435487	
187	-4511.82	1	0	0.049728	0.00435487	
188	-4511.82	1	0	0.0594946	0.00435487	
189	-4511.82	1	0	0.0583436	0.00435487	
190	-4511.82	1	0	0.0572913	0.00435487	
191	-4511.82	1	0	0.0627829	0.00435487	
192	-4511.82	1	0	0.0746211	0.00435487	
193	-4511.82	1	0	0.0782055	0.00435487	
194	-4511.82	1	0	0.0833683	0.00435487	
195	-4511.82	1	0	0.0792907	0.00435487	
196	-4511.82	1	0	0.0814939	0.00435487	
197	-4511.82	1	0	0.0849138	0.00435487	
198	-4511.82	1	0	0.0884982	0.00435487	
199	-4511.82	1	0	0.0897149	0.00435487	
200	-4511.82	1	0	0.085999	0.00435487	
201	-4511.72	1	0	0.0808362	0.00435487	
202	-4511.72	1	0	0.0805402	0.00435487	
203	-4511.82	1	0	0.0786988	0.00435487	
204	-4511.82	1	0	0.0735689	0.00435487	
205	-4511.72	1	0	0.069853	0.00435487	
206	-4511.72	1	0	0.0616649	0.00435487	
207	-4511.82	1	0	0.0673867	0.00435487	
208	-4511.82	1	0	0.0707737	0.00435487	
209	-4511.72	1	0	0.0635722	0.00435487	
210	-4511.72	1	0	0.063046	0.00435487	
211	-4511.72	1	0	0.056535	0.00435487	
212	-4511.72	1	0	0.0509119	0.00435487	
213	-4511.72	1	0	0.0541345	0.00435487	
214	-4511.72	1	0	0.046637	0.00435487	
215	-4511.72	1	0	0.0458806	0.00435487	
216	-4511.72	1	0	0.0489717	0.00435487	
217	-4511.72	1	0	0.0428882	0.00435487	
218	-4511.72	1	0	0.0414084	0.00435487	
219	-4511.72	1	0	0.0386133	0.00435487	
220	-4511.72	1	0	0.0383831	0.00435487	
221	-4511.62	1	0	0.042099	0.00435487	
222	-4511.62	1	0	0.0294058	0.00435487	
223	-4511.62	1	0	0.0293072	0.00435487	
224	-4511.62	1	0	0.0260188	0.00435487	
225	-4511.62	1	0	0.0256899	0.00435487	
226	-4511.62	1	0	0.0283864	0.00435487	
227	-4511.62	1	0	0.0291099	0.00435487	
228	-4511.62	1	0	0.0268737	0.00435487	
229	-4511.52	1	0	0.0245719	0.00435487	
230	-4511.52	1	0	0.0273999	0.00435487	
231	-4511.52	1	0	0.0220398	0.00435487	
232	-4511.52	1	0	0.0251638	0.00435487	
233	-4511.52	1	0	0.0242759	0.00435487	
234	-4511.52	1	0	0.0263805	0.00435487	
235	-4511.52	1	0	0.0201326	0.00435487	
236	-4511.52	1	0	0.0252624	0.00435487	
237	-4511.42	1	0	0.0193433	0.00435487	
238	-4511.42	1	0	0.0184226	0.00435487	
239	-4511.42	1	0	0.0225988	0.00435487	
240	-4511.42	1	0	0.0181266	0.00435487	
241	-4511.42	1	0	0.0252296	0.00435487	
242	-4511.42	1	0	0.0151013	0.00435487	
243	-4511.42	1	0	0.021711	0.00435487	
244	-4511.42	1	0	0.0189816	0.00435487	
245	-4511.42	1	0	0.0218425	0.00435487	
246	-4511.32	1	0	0.0197708	0.00435487	
247	-4511.32	1	0	0.0153973	0.00435487	
248	-4511.32	1	0	0.0140819	0.00435487	
249	-4511.32	1	0	0.0142135	0.00435487	
250	-4511.32	1	0	0.0162194	0.00435487	
251	-4511.32	1	0	0.0158248	0.00435487	
252	-4511.32	1	0	0.0102674	0.00435487	
253	-4511.32	1	0	0.0136215	0.00435487	
254	-4511.32	1	0	0.0134242	0.00435487	
255	-4511.32	1	0	0.016055	0.00435487	
256	-4511.22	1	0	0.0184884	0.00435487	
257	-4511.22	1	0	0.0171401	0.00435487	
258	-4511.22	1	0	0.0158576	0.00435487	
259	-4511.22	1	0	0.0136215	0.00435487	
260	-4511.22	1	0	0.016318	0.00435487	
261	-4511.22	1	0	0.0135229	0.00435487	
262	-4511.22	1	0	0.0108593	0.00435487	
263	-4511.22	1	0	0.0121418	0.00435487	
264	-4511.22	1	0	0.0113854	0.00435487	
265	-4511.22	1	0	0.0143121	0.00435487	
266	-4511.22	1	0	0.0157261	0.00435487	
267	-4511.22	1	0	0.0127008	0.00435487	
268	-4511.22	1	0	0.00872185	0.00435487	
269	-4511.22	1	0	0.0114183	0.00435487	
270	-4511.22	1	0	0.00898492	0.00435487	
271	-4511.22	1	0	0.0155946	0.00435487	
272	-4511.22	1	0	0.0118129	0.00435487	
273	-4511.22	1	0	0.0122733	0.00435487	
274	-4511.22	1	0	0.0145752	0.00435487	
275	-4511.12	1	0	0.0130296	0.00435487	
276	-4511.12	1	0	0.0128323	0.00435487	
277	-4511.12	1	0	0.0118787	0.00435487	
278	-4511.12	1	0	0.0156275	0.00435487	
279	-4511.12	1	0	0.0130954	0.00435487	
280	-4511.12	1	0	0.0129639	0.00435487	
281	-4511.12	1	0	0.0127337	0.00435487	
282	-4511.12	1	0	0.0149698	0.00435487	
283	-4511.12	1	0	0.0131283	0.00435487	
284	-4511.12	1	0	0.0168113	0.00435487	
285	-4511.12	1	0	0.0153644	0.00435487	
286	-4511.12	1	0	0.0133585	0.00435487	
287	-4511.02	1	0	0.00924799	0.00435487	
288	-4511.02	1	0	0.0134242	0.00435487	
289	-4511.02	1	0	0.0118129	0.00435487	
290	-4511.02	1	0	0.0156932	0.00435487	
291	-4511.02	1	0	0.0114841	0.00435487	
292	-4511.02	1	0	0.014345	0.00435487	
293	-4511.02	1	0	0.0152657	0.00435487	
294	-4511.02	1	0	0.0158248	0.00435487	
295	-4511.02	1	0	0.0190145	0.00435487	
296	-4511.02	1	0	0.0166469	0.00435487	
297	-4511.02	1	0	0.0154302	0.00435487	
298	-4511.02	1	0	0.0198037	0.00435487	
299	-4511.02	1	0	0.0139175	0.00435487	
300	-4511.02	1	0	0.0187843	0.00435487	
301	-4511.02	1	0	0.014904	0.00435487	
302	-4510.92	1	0	0.0173374	0.00435487	
303	-4511.02	1	0	0.016614	0.00435487	
304	-4511.02	1	0	0.0132598	0.00435487	
305	-4510.92	1	0	0.0151342	0.00435487	
306	-4510.92	1	0	0.0118129	0.00435487	
307	-4511.02	1	0	0.0151013	0.00435487	
308	-4511.02	1	0	0.0158248	0.00435487	
309	-4511.02	1	0	0.0128981	0.00435487	
310	-4511.02	1	0	0.0151671	0.00435487	
311	-4511.02	1	0	0.00970836	0.00435487	
312	-4511.02	1	0	0.0164496	0.00435487	
313	-4511.02	1	0	0.0154959	0.00435487	
314	-4510.92	1	0	0.0167784	0.00435487	
315	-4510.92	1	0	0.0170086	0.00435487	
316	-4510.92	1	0	0.0154959	0.00435487	
317	-4510.92	1	0	0.0123062	0.00435487	
318	-4510.92	1	0	0.0159563	0.00435487	
319	-4510.92	1	0	0.0179622	0.00435487	
320	-4510.92	1	0	0.0161207	0.00435487	
321	-4510.92	1	0	0.0155617	0.00435487	
322	-4510.92	1	0	0.0143121	0.00435487	
323	-4510.92	1	0	0.00957683	0.00435487	
324	-4510.82	1	0	0.00921511	0.00435487	
325	-4510.82	1	0	0.0128652	0.00435487	
326	-4510.82	1	0	0.0169099	0.00435487	
327	-4510.82	1	0	0.0142135	0.00435487	
328	-4510.82	1	0	0.0172717	0.00435487	
329	-4510.82	1	0	0.0167126	0.00435487	
330	-4510.82	1	0	0.0138846	0.00435487	
331	-4510.82	1	0	0.0140819	0.00435487	
332	-4510.72	1	0	0.0151342	0.00435487	
333	-4510.72	1	0	0.0201654	0.00435487	
334	-4510.72	1	0	0.0146081	0.00435487	
335	-4510.72	1	0	0.014345	0.00435487	
336	-4510.72	1	0	0.0156275	0.00435487	
337	-4510.72	1	0	0.0182253	0.00435487	
338	-4510.72	1	0	0.0177649	0.00435487	
339	-4510.72	1	0	0.00924799	0.00435487	
340	-4510.62	1	0	0.0144108	0.00435487	
341	-4510.72	1	0	0.0190474	0.00435487	
342	-4510.62	1	0	0.0173703	0.00435487	
343	-4510.62	1	0	0.0196722	0.00435487	
344	-4510.62	1	0	0.0181924	0.00435487	
345	-4510.62	1	0	0.0166797	0.00435487	
346	-4510.62	1	0	0.016055	0.00435487	
347	-4510.62	1	0	0.0173703	0.00435487	
348	-4510.62	1	0	0.0218425	0.00435487	
349	-4510.62	1	0	0.020856	0.00435487	
350	-4510.62	1	0	0.0177978	0.00435487	
351	-4510.62	1	0	0.0230592	0.00435487	
352	-4510.52	1	0	0.0197708	0.00435487	
353	-4510.62	1	0	0.0198366	0.00435487	
354	-4510.52	1	0	0.0174361	0.00435487	
355	-4510.52	1	0	0.0180938	0.00435487	
356	-4510.52	1	0	0.02056	0.00435487	
357	-4510.52	1	0	0.0213493	0.00435487	
358	-4510.52	1	0	0.020001	0.00435487	
359	-4510.52	1	0	0.0194091	0.00435487	
360	-4510.52	1	0	0.0199681	0.00435487	
361	-4510.52	1	0	0.0244403	0.00435487	
362	-4510.52	1	0	0.0173045	0.00435487	
363	-4510.52	1	0	0.0212177	0.00435487	
364	-4510.52	1	0	0.0149698	0.00435487	
365	-4510.52	1	0	0.0216123	0.00435487	
366	-4510.52	1	0	0.0139175	0.00435487	
367	-4510.52	1	0	0.014904	0.00435487	
368	-4510.52	1	0	0.0168113	0.00435487	
369	-4510.42	1	0	0.0211848	0.00435487	
370	-4510.42	1	0	0.0200997	0.00435487	
371	-4510.42	1	0	0.0232565	0.00435487	
372	-4510.42	1	0	0.0167455	0.00435487	
373	-4510.42	1	0	0.0206258	0.00435487	
374	-4510.42	1	0	0.0190803	0.00435487	
375	-4510.42	1	0	0.0207902	0.00435487	
376	-4510.42	1	0	0.0222371	0.00435487	
377	-4510.32	1	0	0.0218754	0.00435487	
378	-4510.42	1	0	0.020856	0.00435487	
379	-4510.32	1	0	0.0223358	0.00435487	
380	-4510.42	1	0	0.0207902	0.00435487	
381	-4510.32	1	0	0.0295373	0.00435487	
382	-4510.32	1	0	0.0272026	0.00435487	
383	-4510.32	1	0	0.0291427	0.00435487	
384	-4510.32	1	0	0.0272355	0.00435487	
385	-4510.32	1	0	0.0256899	0.00435487	
386	-4510.32	1	0	0.0269066	0.00435487	
387	-4510.32	1	0	0.0232236	0.00435487	
388	-4510.22	1	0	0.0329244	0.00435487	
389	-4510.22	1	0	0.0260517	0.00435487	
390	-4510.22	1	0	0.0272355	0.00435487	
391	-4510.22	1	0	0.0253611	0.00435487	
392	-4510.22	1	0	0.0296689	0.00435487	
393	-4510.22	1	0	0.0348645	0.00435487	
394	-4510.12	1	0	0.0262818	0.00435487	
395	-4510.22	1	0	0.0291427	0.00435487	
396	-4510.12	1	0	0.0291099	0.00435487	
397	-4510.12	1	0	0.0288468	0.00435487	
398	-4510.12	1	0	0.0171072	0.00435487	
399	-4510.12	1	0	0.0273999	0.00435487	
400	-4510.12	1	0	0.0227304	0.000116137	
