# Title: Diode Laser Frequency Scan, no Static, looking for MW power shift.
# Note:	Frequency Scan at n=27. No Static, no PM, -10 dB MW. Looking for MW power shift.
# Type:	Frequency
# Hittite Freq:	19635.40 MHz
# Hittite: Power	14 dBm
# Laser Freq:	NaN
# Laser Mod:	NaN
# Laser Mod Attn:	NaN
# MW Attn:	10 dB
# Delay:	1000 ns
# MW Off:	20 ns
# Top w/o Static:	NaN
# Static:	NaN
# Static Off:	NaN
i	f	n	nb	s	sb
0	-4512.32	1	0	0.00921511	0.00120788	
1	-4512.32	1	0	0.0115499	0.00120788	
2	-4512.32	1	0	0.00632133	0.00120788	
3	-4512.32	1	0	0.00684747	0.00120788	
4	-4512.32	1	0	0.00898492	0.00120788	
5	-4512.32	1	0	0.00641998	0.00120788	
6	-4512.32	1	0	0.00625556	0.00120788	
7	-4512.32	1	0	0.00457848	0.00120788	
8	-4512.32	1	0	0.00625556	0.00120788	
9	-4512.32	1	0	0.00286852	0.00120788	
10	-4512.32	1	0	0.00688035	0.00120788	
11	-4512.32	1	0	0.00727496	0.00120788	
12	-4512.22	1	0	0.0065844	0.00120788	
13	-4512.22	1	0	0.00740649	0.00120788	
14	-4512.22	1	0	0.00803129	0.00120788	
15	-4512.22	1	0	0.00599249	0.00120788	
16	-4512.22	1	0	0.00323024	0.00120788	
17	-4512.22	1	0	0.00543346	0.00120788	
18	-4512.22	1	0	0.00622267	0.00120788	
19	-4512.22	1	0	0.00549923	0.00120788	
20	-4512.22	1	0	0.00457848	0.00120788	
21	-4512.22	1	0	0.00549923	0.00120788	
22	-4512.22	1	0	0.000829717	0.00120788	
23	-4512.22	1	0	0.00329601	0.00120788	
24	-4512.22	1	0	0.00819571	0.00120788	
25	-4512.22	1	0	0.00418387	0.00120788	
26	-4512.22	1	0	0.00714342	0.00120788	
27	-4512.22	1	0	0.00273698	0.00120788	
28	-4512.22	1	0	0.00431541	0.00120788	
29	-4512.22	1	0	0.00480867	0.00120788	
30	-4512.22	1	0	0.0057623	0.00120788	
31	-4512.22	1	0	0.0049402	0.00120788	
32	-4512.22	1	0	0.00819571	0.00120788	
33	-4512.12	1	0	0.0049402	0.00120788	
34	-4512.12	1	0	0.00740649	0.00120788	
35	-4512.12	1	0	0.00987278	0.00120788	
36	-4512.12	1	0	0.00605825	0.00120788	
37	-4512.12	1	0	0.00543346	0.00120788	
38	-4512.12	1	0	0.00546634	0.00120788	
39	-4512.12	1	0	0.00615691	0.00120788	
40	-4512.12	1	0	0.00720919	0.00120788	
41	-4512.12	1	0	0.00349331	0.00120788	
42	-4512.12	1	0	0.00668305	0.00120788	
43	-4512.12	1	0	0.0111881	0.00120788	
44	-4512.12	1	0	0.00803129	0.00120788	
45	-4512.12	1	0	0.0078011	0.00120788	
46	-4512.12	1	0	0.00589383	0.00120788	
47	-4512.12	1	0	0.00921511	0.00120788	
48	-4512.12	1	0	0.0102345	0.00120788	
49	-4512.12	1	0	0.00618979	0.00120788	
50	-4512.12	1	0	0.00753803	0.00120788	
51	-4512.12	1	0	0.0088205	0.00120788	
52	-4512.12	1	0	0.00826147	0.00120788	
53	-4512.12	1	0	0.00362485	0.00120788	
54	-4512.12	1	0	0.00812994	0.00120788	
55	-4512.12	1	0	0.00720919	0.00120788	
56	-4512.12	1	0	0.0079984	0.00120788	
57	-4512.12	1	0	0.00674882	0.00120788	
58	-4512.12	1	0	0.00691323	0.00120788	
59	-4512.02	1	0	0.00789975	0.00120788	
60	-4512.02	1	0	0.0109251	0.00120788	
61	-4512.02	1	0	0.00793264	0.00120788	
62	-4512.02	1	0	0.00743938	0.00120788	
63	-4512.02	1	0	0.00332889	0.00120788	
64	-4512.02	1	0	0.00812994	0.00120788	
65	-4512.02	1	0	0.012076	0.00120788	
66	-4512.02	1	0	0.00628844	0.00120788	
67	-4512.02	1	0	0.00750514	0.00120788	
68	-4512.02	1	0	0.00720919	0.00120788	
69	-4512.02	1	0	0.010103	0.00120788	
70	-4512.02	1	0	0.0108593	0.00120788	
71	-4512.02	1	0	0.0111553	0.00120788	
72	-4512.02	1	0	0.0111553	0.00120788	
73	-4512.02	1	0	0.00306582	0.00120788	
74	-4512.02	1	0	0.0100701	0.00120788	
75	-4511.92	1	0	0.0146738	0.00120788	
76	-4511.92	1	0	0.0102674	0.00120788	
77	-4511.92	1	0	0.0101687	0.00120788	
78	-4511.92	1	0	0.0124377	0.00120788	
79	-4511.92	1	0	0.0126021	0.00120788	
80	-4511.92	1	0	0.00898492	0.00120788	
81	-4511.92	1	0	0.0116156	0.00120788	
82	-4511.92	1	0	0.00628844	0.00120788	
83	-4511.92	1	0	0.0113854	0.00120788	
84	-4511.92	1	0	0.00911645	0.00120788	
85	-4511.92	1	0	0.0125364	0.00120788	
86	-4511.92	1	0	0.00510462	0.00120788	
87	-4511.92	1	0	0.0107278	0.00120788	
88	-4511.92	1	0	0.013786	0.00120788	
89	-4511.92	1	0	0.0113854	0.00120788	
90	-4511.92	1	0	0.0103332	0.00120788	
91	-4511.92	1	0	0.0111881	0.00120788	
92	-4511.92	1	0	0.0086232	0.00120788	
93	-4511.92	1	0	0.0100372	0.00120788	
94	-4511.92	1	0	0.0107278	0.00120788	
95	-4511.92	1	0	0.00921511	0.00120788	
96	-4511.92	1	0	0.0112868	0.00120788	
97	-4511.82	1	0	0.0104647	0.00120788	
98	-4511.92	1	0	0.0141148	0.00120788	
99	-4511.82	1	0	0.0130296	0.00120788	
100	-4511.82	1	0	0.0187185	0.00120788	
101	-4511.82	1	0	0.0130954	0.00120788	
102	-4511.82	1	0	0.0162523	0.00120788	
103	-4511.82	1	0	0.0114183	0.00120788	
104	-4511.82	1	0	0.0131283	0.00120788	
105	-4511.82	1	0	0.0176005	0.00120788	
106	-4511.82	1	0	0.0149698	0.00120788	
107	-4511.82	1	0	0.0150027	0.00120788	
108	-4511.82	1	0	0.0164167	0.00120788	
109	-4511.82	1	0	0.0177978	0.00120788	
110	-4511.82	1	0	0.0183568	0.00120788	
111	-4511.82	1	0	0.018587	0.00120788	
112	-4511.82	1	0	0.0172388	0.00120788	
113	-4511.82	1	0	0.0207245	0.00120788	
114	-4511.82	1	0	0.0197051	0.00120788	
115	-4511.82	1	0	0.0195078	0.00120788	
116	-4511.82	1	0	0.0171072	0.00120788	
117	-4511.82	1	0	0.0169099	0.00120788	
118	-4511.82	1	0	0.0191789	0.00120788	
119	-4511.82	1	0	0.0234867	0.00120788	
120	-4511.82	1	0	0.0176663	0.00120788	
121	-4511.82	1	0	0.0168771	0.00120788	
122	-4511.82	1	0	0.0207245	0.00120788	
123	-4511.82	1	0	0.0230921	0.00120788	
124	-4511.82	1	0	0.0155288	0.00120788	
125	-4511.72	1	0	0.021152	0.00120788	
126	-4511.72	1	0	0.0259201	0.00120788	
127	-4511.72	1	0	0.0285179	0.00120788	
128	-4511.82	1	0	0.0256242	0.00120788	
129	-4511.72	1	0	0.0332532	0.00120788	
130	-4511.72	1	0	0.0329902	0.00120788	
131	-4511.72	1	0	0.0234209	0.00120788	
132	-4511.72	1	0	0.030195	0.00120788	
133	-4511.82	1	0	0.0311487	0.00120788	
134	-4511.82	1	0	0.0305239	0.00120788	
135	-4511.82	1	0	0.031609	0.00120788	
136	-4511.82	1	0	0.0310171	0.00120788	
137	-4511.82	1	0	0.0350947	0.00120788	
138	-4511.82	1	0	0.0355222	0.00120788	
139	-4511.82	1	0	0.0353907	0.00120788	
140	-4511.82	1	0	0.0307869	0.00120788	
141	-4511.82	1	0	0.0388764	0.00120788	
142	-4511.82	1	0	0.0421976	0.00120788	
143	-4511.82	1	0	0.0341411	0.00120788	
144	-4511.72	1	0	0.0456833	0.00120788	
145	-4511.72	1	0	0.0327928	0.00120788	
146	-4511.72	1	0	0.0425594	0.00120788	
147	-4511.72	1	0	0.0444009	0.00120788	
148	-4511.72	1	0	0.0466041	0.00120788	
149	-4511.72	1	0	0.0528849	0.00120788	
150	-4511.72	1	0	0.0562391	0.00120788	
151	-4511.72	1	0	0.0541016	0.00120788	
152	-4511.72	1	0	0.0532137	0.00120788	
153	-4511.72	1	0	0.051997	0.00120788	
154	-4511.72	1	0	0.0645916	0.00120788	
155	-4511.72	1	0	0.0674525	0.00120788	
156	-4511.62	1	0	0.0773176	0.00120788	
157	-4511.62	1	0	0.0663673	0.00120788	
158	-4511.62	1	0	0.0665646	0.00120788	
159	-4511.62	1	0	0.0724508	0.00120788	
160	-4511.62	1	0	0.0688665	0.00120788	
161	-4511.62	1	0	0.0650848	0.00120788	
162	-4511.62	1	0	0.0679457	0.00120788	
163	-4511.62	1	0	0.0650848	0.00120788	
164	-4511.62	1	0	0.0627829	0.00120788	
165	-4511.62	1	0	0.0559102	0.00120788	
166	-4511.52	1	0	0.057949	0.00120788	
167	-4511.52	1	0	0.0545949	0.00120788	
168	-4511.52	1	0	0.0580806	0.00120788	
169	-4511.52	1	0	0.052293	0.00120788	
170	-4511.52	1	0	0.0586725	0.00120788	
171	-4511.52	1	0	0.0572585	0.00120788	
172	-4511.52	1	0	0.052293	0.00120788	
173	-4511.52	1	0	0.0558116	0.00120788	
174	-4511.52	1	0	0.0570283	0.00120788	
175	-4511.52	1	0	0.0591986	0.00120788	
176	-4511.52	1	0	0.055417	0.00120788	
177	-4511.52	1	0	0.0608099	0.00120788	
178	-4511.52	1	0	0.0586396	0.00120788	
179	-4511.52	1	0	0.054003	0.00120788	
180	-4511.52	1	0	0.0562391	0.00120788	
181	-4511.52	1	0	0.0632104	0.00120788	
182	-4511.52	1	0	0.0661042	0.00120788	
183	-4511.52	1	0	0.0563706	0.00120788	
184	-4511.52	1	0	0.053411	0.00120788	
185	-4511.52	1	0	0.0553841	0.00120788	
186	-4511.52	1	0	0.0591328	0.00120788	
187	-4511.52	1	0	0.048314	0.00120788	
188	-4511.52	1	0	0.0442693	0.00120788	
189	-4511.52	1	0	0.0389421	0.00120788	
190	-4511.52	1	0	0.0361141	0.00120788	
191	-4511.52	1	0	0.044072	0.00120788	
192	-4511.52	1	0	0.0444337	0.00120788	
193	-4511.52	1	0	0.0339109	0.00120788	
194	-4511.52	1	0	0.0408165	0.00120788	
195	-4511.52	1	0	0.0417044	0.00120788	
196	-4511.52	1	0	0.0357524	0.00120788	
197	-4511.52	1	0	0.0287152	0.00120788	
198	-4511.52	1	0	0.0373308	0.00120788	
199	-4511.52	1	0	0.03812	0.00120788	
200	-4511.52	1	0	0.0405206	0.00120788	
201	-4511.52	1	0	0.0342069	0.00120788	
202	-4511.52	1	0	0.0326284	0.00120788	
203	-4511.52	1	0	0.0333519	0.00120788	
204	-4511.52	1	0	0.0273999	0.00120788	
205	-4511.52	1	0	0.0320694	0.00120788	
206	-4511.52	1	0	0.0321352	0.00120788	
207	-4511.52	1	0	0.0321352	0.00120788	
208	-4511.52	1	0	0.0248021	0.00120788	
209	-4511.52	1	0	0.028781	0.00120788	
210	-4511.52	1	0	0.0234538	0.00120788	
211	-4511.52	1	0	0.0216781	0.00120788	
212	-4511.52	1	0	0.0204614	0.00120788	
213	-4511.52	1	0	0.0197379	0.00120788	
214	-4511.52	1	0	0.0172388	0.00120788	
215	-4511.52	1	0	0.0141477	0.00120788	
216	-4511.52	1	0	0.0105962	0.00120788	
217	-4511.52	1	0	0.0140819	0.00120788	
218	-4511.52	1	0	0.0110237	0.00120788	
219	-4511.52	1	0	0.0143121	0.00120788	
220	-4511.52	1	0	0.00980702	0.00120788	
221	-4511.52	1	0	0.0139833	0.00120788	
222	-4511.52	1	0	0.00865608	0.00120788	
223	-4511.52	1	0	0.00605825	0.00120788	
224	-4511.52	1	0	0.0102674	0.00120788	
225	-4511.52	1	0	0.00970836	0.00120788	
226	-4511.52	1	0	0.0107935	0.00120788	
227	-4511.52	1	0	0.005565	0.00120788	
228	-4511.52	1	0	0.0123391	0.00120788	
229	-4511.52	1	0	0.0086232	0.00120788	
230	-4511.52	1	0	0.0088205	0.00120788	
231	-4511.52	1	0	0.0113854	0.00120788	
232	-4511.52	1	0	0.00517039	0.00120788	
233	-4511.52	1	0	0.0122733	0.00120788	
234	-4511.52	1	0	0.0127994	0.00120788	
235	-4511.52	1	0	0.010958	0.00120788	
236	-4511.52	1	0	0.00694612	0.00120788	
237	-4511.52	1	0	0.00819571	0.00120788	
238	-4511.52	1	0	0.00773533	0.00120788	
239	-4511.52	1	0	0.00714342	0.00120788	
240	-4511.52	1	0	0.00720919	0.00120788	
241	-4511.52	1	0	0.00382215	0.00120788	
242	-4511.52	1	0	0.00612402	0.00120788	
243	-4511.52	1	0	0.00987278	0.00120788	
244	-4511.52	1	0	0.00776822	0.00120788	
245	-4511.52	1	0	0.00408522	0.00120788	
246	-4511.52	1	0	0.00816282	0.00120788	
247	-4511.52	1	0	0.0113197	0.00120788	
248	-4511.52	1	0	0.0120431	0.00120788	
249	-4511.52	1	0	0.00770245	0.00120788	
250	-4511.52	1	0	0.00421676	0.00120788	
251	-4511.52	1	0	0.0118129	0.00120788	
252	-4511.52	1	0	0.00763668	0.00120788	
253	-4511.52	1	0	0.00829436	0.00120788	
254	-4511.52	1	0	0.00388792	0.00120788	
255	-4511.52	1	0	0.00500597	0.00120788	
256	-4511.52	1	0	0.0124048	0.00120788	
257	-4511.52	1	0	0.00526904	0.00120788	
258	-4511.52	1	0	0.0096426	0.00120788	
259	-4511.52	1	0	0.0098399	0.00120788	
260	-4511.42	1	0	0.00503885	0.00120788	
261	-4511.52	1	0	0.00632133	0.00120788	
262	-4511.42	1	0	0.00803129	0.00120788	
263	-4511.42	1	0	0.0122404	0.00120788	
264	-4511.42	1	0	0.0086232	0.00120788	
265	-4511.42	1	0	0.00743938	0.00120788	
266	-4511.42	1	0	0.00671593	0.00120788	
267	-4511.42	1	0	0.00638709	0.00120788	
268	-4511.42	1	0	0.00967548	0.00120788	
269	-4511.42	1	0	0.00553211	0.00120788	
270	-4511.42	1	0	0.000862601	0.00120788	
271	-4511.42	1	0	0.00605825	0.00120788	
272	-4511.42	1	0	0.00819571	0.00120788	
273	-4511.42	1	0	0.00543346	0.00120788	
274	-4511.42	1	0	0.00546634	0.00120788	
275	-4511.42	1	0	0.00766956	0.00120788	
276	-4511.42	1	0	0.00694612	0.00120788	
277	-4511.42	1	0	0.00905069	0.00120788	
278	-4511.42	1	0	0.00852454	0.00120788	
279	-4511.42	1	0	0.00747226	0.00120788	
280	-4511.42	1	0	0.00566365	0.00120788	
281	-4511.42	1	0	0.00875473	0.00120788	
282	-4511.42	1	0	0.00914934	0.00120788	
283	-4511.32	1	0	0.0135887	0.00120788	
284	-4511.32	1	0	0.00520327	0.00120788	
285	-4511.32	1	0	0.0059596	0.00120788	
286	-4511.32	1	0	0.00451271	0.00120788	
287	-4511.32	1	0	0.00839301	0.00120788	
288	-4511.32	1	0	0.00661728	0.00120788	
289	-4511.32	1	0	0.00641998	0.00120788	
290	-4511.32	1	0	0.00937953	0.00120788	
291	-4511.32	1	0	0.00914934	0.00120788	
292	-4511.32	1	0	0.00750514	0.00120788	
293	-4511.32	1	0	0.0101359	0.00120788	
294	-4511.32	1	0	0.00842589	0.00120788	
295	-4511.32	1	0	0.0130296	0.00120788	
296	-4511.32	1	0	0.00753803	0.00120788	
297	-4511.32	1	0	0.0108593	0.00120788	
298	-4511.32	1	0	0.010366	0.00120788	
299	-4511.22	1	0	0.00970836	0.00120788	
300	-4511.32	1	0	0.00734073	0.00120788	
301	-4511.22	1	0	0.0113854	0.00120788	
302	-4511.22	1	0	0.00757091	0.00120788	
303	-4511.22	1	0	0.0121418	0.00120788	
304	-4511.22	1	0	0.0107278	0.00120788	
305	-4511.22	1	0	0.0152	0.00120788	
306	-4511.22	1	0	0.0138517	0.00120788	
307	-4511.22	1	0	0.0096426	0.00120788	
308	-4511.22	1	0	0.012931	0.00120788	
309	-4511.22	1	0	0.00757091	0.00120788	
310	-4511.22	1	0	0.01349	0.00120788	
311	-4511.22	1	0	0.0123062	0.00120788	
312	-4511.22	1	0	0.0138846	0.00120788	
313	-4511.22	1	0	0.00934664	0.00120788	
314	-4511.22	1	0	0.0137202	0.00120788	
315	-4511.22	1	0	0.0173045	0.00120788	
316	-4511.22	1	0	0.0134571	0.00120788	
317	-4511.12	1	0	0.0131283	0.00120788	
318	-4511.12	1	0	0.00786687	0.00120788	
319	-4511.12	1	0	0.0127337	0.00120788	
320	-4511.12	1	0	0.0147396	0.00120788	
321	-4511.12	1	0	0.0130625	0.00120788	
322	-4511.12	1	0	0.0135887	0.00120788	
323	-4511.12	1	0	0.0130625	0.00120788	
324	-4511.12	1	0	0.0108264	0.00120788	
325	-4511.12	1	0	0.017469	0.00120788	
326	-4511.12	1	0	0.0116485	0.00120788	
327	-4511.12	1	0	0.01349	0.00120788	
328	-4511.12	1	0	0.0110237	0.00120788	
329	-4511.12	1	0	0.00993855	0.00120788	
330	-4511.12	1	0	0.0129639	0.00120788	
331	-4511.12	1	0	0.0150027	0.00120788	
332	-4511.12	1	0	0.0169428	0.00120788	
333	-4511.12	1	0	0.0185212	0.00120788	
334	-4511.12	1	0	0.0216781	0.00120788	
335	-4511.12	1	0	0.0199681	0.00120788	
336	-4511.12	1	0	0.0159234	0.00120788	
337	-4511.12	1	0	0.0198037	0.00120788	
338	-4511.12	1	0	0.0179293	0.00120788	
339	-4511.02	1	0	0.0198037	0.00120788	
340	-4511.02	1	0	0.0166469	0.00120788	
341	-4511.02	1	0	0.020856	0.00120788	
342	-4511.02	1	0	0.0199353	0.00120788	
343	-4511.02	1	0	0.0204614	0.00120788	
344	-4511.02	1	0	0.0189159	0.00120788	
345	-4511.02	1	0	0.0251638	0.00120788	
346	-4511.02	1	0	0.0272684	0.00120788	
347	-4511.02	1	0	0.0224673	0.00120788	
348	-4511.02	1	0	0.0231579	0.00120788	
349	-4511.02	1	0	0.0262818	0.00120788	
350	-4511.02	1	0	0.0244732	0.00120788	
351	-4511.02	1	0	0.0255913	0.00120788	
352	-4511.02	1	0	0.023125	0.00120788	
353	-4511.02	1	0	0.0237498	0.00120788	
354	-4511.02	1	0	0.0223029	0.00120788	
355	-4511.02	1	0	0.0227961	0.00120788	
356	-4511.02	1	0	0.0185541	0.00120788	
357	-4511.02	1	0	0.0212835	0.00120788	
358	-4511.02	1	0	0.0249994	0.00120788	
359	-4510.92	1	0	0.0288139	0.00120788	
360	-4510.92	1	0	0.0168442	0.00120788	
361	-4510.92	1	0	0.0196393	0.00120788	
362	-4510.92	1	0	0.0213821	0.00120788	
363	-4510.92	1	0	0.0184226	0.00120788	
364	-4510.92	1	0	0.0212506	0.00120788	
365	-4510.92	1	0	0.0169757	0.00120788	
366	-4510.92	1	0	0.0179622	0.00120788	
367	-4510.92	1	0	0.0185212	0.00120788	
368	-4510.92	1	0	0.0266436	0.00120788	
369	-4510.92	1	0	0.0229935	0.00120788	
370	-4510.92	1	0	0.0230263	0.00120788	
371	-4510.92	1	0	0.020001	0.00120788	
372	-4510.92	1	0	0.0212177	0.00120788	
373	-4510.92	1	0	0.0235196	0.00120788	
374	-4510.92	1	0	0.0209547	0.00120788	
375	-4510.92	1	0	0.0249336	0.00120788	
376	-4510.92	1	0	0.0233552	0.00120788	
377	-4510.92	1	0	0.0208231	0.00120788	
378	-4510.82	1	0	0.0177978	0.00120788	
379	-4510.82	1	0	0.0204614	0.00120788	
380	-4510.82	1	0	0.0165482	0.00120788	
381	-4510.82	1	0	0.0246048	0.00120788	
382	-4510.82	1	0	0.0177649	0.00120788	
383	-4510.82	1	0	0.0227633	0.00120788	
384	-4510.82	1	0	0.0176991	0.00120788	
385	-4510.82	1	0	0.0188501	0.00120788	
386	-4510.82	1	0	0.0205272	0.00120788	
387	-4510.82	1	0	0.0202641	0.00120788	
388	-4510.82	1	0	0.0153315	0.00120788	
389	-4510.82	1	0	0.0157261	0.00120788	
390	-4510.82	1	0	0.0203627	0.00120788	
391	-4510.82	1	0	0.0134571	0.00120788	
392	-4510.82	1	0	0.0130296	0.00120788	
393	-4510.72	1	0	0.0153973	0.00120788	
394	-4510.72	1	0	0.0165811	0.00120788	
395	-4510.72	1	0	0.0147396	0.00120788	
396	-4510.72	1	0	0.0096426	0.00120788	
397	-4510.72	1	0	0.0131612	0.00120788	
398	-4510.72	1	0	0.0145423	0.00120788	
399	-4510.72	1	0	0.0115499	0.00120788	
400	-4510.72	1	0	0.0141148	0.00096783	
